6782
15524
5698
6427
2266
14500
7436
10850
2412
7622
4824
1783
1450
15159
286
9082
13088
10242
6440
4132
7022
10155
4854
3692
7320
14130
2380
4310
6957
9112
4142
5586
8709
12915
13318
1003
4500
12970
8011
15701
3528
13887
14337
3311
6154
10245
1247
6697
12944
14940
16177
3127
16893
671
4444
2323
6912
7528
3800
16750
15581
15011
14226
7841
16907
3677
13810
6593
3365
8108
5866
9542
3966
16437
9142
5683
3790
13441
16530
3177
534
12580
11042
5703
14530
6792
843
270
7628
14288
2013
5393
2788
6241
11915
10387
1868
3427
1683
4632
353
5481
15201
44
10550
15930
9330
10457
2268
16919
6796
5947
7913
16094
5456
11063
11259
6461
13953
6149
4332
12927
6947
5381
10002
1488
13157
8212
4419
1967
3832
14461
5089
2249
5876
6482
7974
9827
12110
7017
15561
6675
15263
15788
9120
1955
15924
2742
8412
16262
876
16752
1662
10330
10650
7731
6743
16705
11182
15803
6965
13848
15219
10278
9895
13999
2886
10878
7770
13264
9181
13528
538
4753
737
10235
16022
10318
13044
11034
4459
4264
12573
15780
10690
14655
13990
7236
7533
14822
890
15512
5651
5472
8260
14969
3969
7954
12222
6932
15810
8365
8401
13122
16005
5123
541
14521
15751
15919
4430
8690
154
3956
406
9462
10577
13915
8650
2125
10192
13807
11528
1819
12254
3233
13340
8887
5286
5873
8704
2052
1678
14453
996
15237
3732
7431
13103
3614
13616
11639
15826
3826
1437
7032
13682
6067
2701
14855
12109
6817
10473
12439
13830
11032
4653
14888
13397
5077
2919
13577
11825
13071
11206
10871
13773
13632
11315
5057
5761
14465
12133
2952
7857
5592
7995
3379
16827
2361
4151
284
16662
3055
168
4311
10576
578
4084
3929
12033
12372
4378
4262
5829
2663
7396
123
4962
7717
13296
7865
7186
9793
1952
5648
1483
14256
8380
16990
11199
10153
13994
14905
673
2480
5258
896
3463
1940
6093
1032
8571
739
14868
1553
5235
6407
16574
12806
1379
9534
551
3490
10759
9607
14861
12277
8814
1713
9632
2660
8112
16204
2604
4069
8202
215
13605
10287
13757
12416
2069
3825
9443
9855
3708
10912
8909
16195
4564
16124
15090
5487
15955
4838
11236
12316
3089
11348
15708
5246
3654
6790
1107
10427
14341
1808
4488
13070
15015
261
12535
2641
4944
1895
16067
7648
5087
11246
1804
14970
11466
2753
8556
15167
2077
5485
3865
13706
14960
15887
235
4053
16345
174
11757
1429
2204
542
8193
6981
3684
16454
5545
16647
11127
7490
1415
14068
11524
10247
16216
13941
2965
2923
3911
14989
5524
10030
9094
10931
13461
3088
4385
12629
2184
7050
9943
3070
8844
5039
6830
14906
13034
9826
4485
8763
12125
3364
1795
12290
4814
13639
3636
14587
11003
6846
12233
12154
11803
6234
15654
10655
16234
9020
5616
6141
9076
9720
12732
266
7531
624
13468
8077
5044
16731
6225
4560
9335
5100
15244
8255
5854
3787
9779
8175
15992
3354
12358
12449
2512
9654
13212
16145
2137
9588
5491
4869
4973
11644
1637
16900
77
4390
14279
15255
16619
4051
5686
14349
13687
12283
15921
11607
1486
10145
5018
8201
1478
1817
5832
11980
13269
5027
12345
8245
9246
11141
13921
13649
824
3186
12315
3432
4696
8698
12974
2531
3370
10764
9459
7115
9337
10120
41
8950
11505
14529
8985
5790
8466
10154
14887
5329
147
1444
13139
16644
885
940
15414
11078
14092
5067
5963
15452
15443
10501
15858
2758
6198
9471
12123
5438
6908
12162
2031
6781
11974
5787
7897
4960
12587
6023
8064
16899
7573
891
2934
2214
9369
3612
3283
10413
12491
12446
7194
13650
14014
134
362
15359
8451
14878
1840
1511
8194
12643
11697
6408
4052
85
11011
12301
11992
15009
12245
3834
14241
12830
12551
3605
3428
13523
7542
2059
12941
2246
16755
15609
4558
14609
4357
15724
7062
12638
5496
1142
2572
3180
4327
12100
9593
15303
4025
14925
12822
5767
5188
16892
10613
4525
3076
15884
7009
1805
15136
4858
3000
15349
5843
12389
8215
3266
4887
10327
4750
5164
4842
867
11734
7701
6384
8672
15070
15050
11149
13951
14950
16176
16557
9390
5814
1390
2655
6355
14844
1692
7624
2471
3337
12340
14346
14891
4997
1911
10431
6007
6730
7481
3960
1574
4807
3740
7335
1973
10837
4867
17001
3509
69
1516
8409
11184
3112
3215
6856
8091
576
2079
197
11829
6220
11575
8828
7838
10456
6190
6414
10291
6715
4296
2987
9623
6436
511
14332
10818
6723
6926
12591
6762
11437
11826
13663
6701
13562
11461
340
3482
5532
2940
1849
9065
8333
7067
15449
13667
2591
12180
1192
2297
16263
13699
6253
8897
16379
2066
15214
11807
12891
1226
4105
8275
1506
7711
12858
6308
2298
13609
4038
11507
8326
37
3006
8234
2064
14934
15367
14545
2841
13089
8584
10836
1685
12305
307
9955
12122
13544
9497
8378
8421
13645
11426
12405
7656
4164
2889
10092
8123
5914
11680
16007
15369
8457
4098
11447
10198
11082
6054
13865
2607
15966
12989
8054
9722
10992
9697
16615
2832
169
5492
3224
365
987
2986
10251
592
16418
9012
14089
12633
12031
3315
14219
11145
3409
13593
1880
11793
9362
12331
11933
9200
14931
1927
9734
11440
4048
7987
9721
13026
776
8158
11567
10095
14190
9102
2460
15217
3701
14921
9814
13984
3308
6115
9790
16781
13164
7749
1359
354
16350
2416
12641
6243
12701
15206
2301
4450
735
5095
13594
4481
900
2244
15454
5725
8337
11425
687
15543
9591
10647
13704
2595
5977
15432
16820
14124
10490
15645
10440
14953
3260
10941
6973
13015
13149
15115
14797
12620
10232
8638
8940
1229
15268
2713
7311
14584
10895
1128
14323
443
16334
369
12928
10406
7988
15568
9156
10025
12682
144
16411
4468
10104
1414
15963
167
11392
11358
3499
5016
11282
10281
5938
1106
3471
9214
1986
12304
8361
7789
10784
14536
14716
9909
8030
6315
6772
10125
1605
7814
6530
6395
9088
8446
13931
540
1971
5782
6006
10949
5339
7666
15730
10234
7201
10969
15003
5990
11737
11586
7214
5850
16066
8262
14947
416
8308
14568
394
3288
9802
10378
11936
8892
16901
3672
10652
4996
1903
5297
3575
1061
11765
5180
2232
7588
9715
4035
10552
9569
6336
12007
105
4020
4786
11598
1329
6189
15860
500
535
10595
4770
16299
15577
6881
12601
14942
4952
3329
1552
16202
11418
6287
16161
2152
15798
15135
1266
8239
10983
9235
11459
23
14240
9619
15807
7645
1010
1608
6729
2972
12810
5756
11093
632
5383
7060
10307
1821
10771
3048
11686
3518
236
2678
13768
4484
16071
5165
3473
7158
203
4427
9574
10143
3617
10184
13083
5448
4675
5664
10644
4000
14820
2260
15920
12960
10373
10572
954
7482
13420
2159
10777
15383
12737
10958
12745
8817
5386
9741
13759
5002
5741
11763
12184
9987
363
14296
6483
15878
7138
13319
9630
13090
14375
16011
12809
1623
12992
14718
4802
12002
1067
4569
1439
6137
16612
2629
14607
4007
2248
14061
8926
9656
11852
7840
4083
13919
13756
1791
899
792
14165
10736
2825
13617
2442
10428
4096
8168
15174
14726
16797
4377
9552
11929
6391
16432
8610
10813
13569
1303
5070
4612
7344
6240
9535
5514
14302
14725
11830
14120
16683
2354
12929
11333
14560
13501
1016
5605
3252
11482
16928
12507
7153
16476
7792
9026
5966
2704
1686
4499
14796
730
16902
7216
16867
8111
5078
13188
6600
16395
11218
14603
1794
3942
10673
8575
12829
7093
13328
16636
7061
14395
11110
5344
13638
3992
7970
14932
15343
9479
9536
2348
1441
2760
7534
15038
5394
10619
7446
9641
8849
6604
8595
16660
6173
11039
4823
4716
16235
8159
2962
15068
8519
10169
7293
596
3571
14012
9985
14391
10331
3644
6801
8953
5335
8868
12291
4252
5678
202
10675
16080
15051
3754
1059
4956
2588
16606
15813
11878
12262
9851
3533
13981
10392
6433
16908
16157
9211
9433
7499
14669
3774
15571
3374
4329
6724
344
3399
1457
6650
4927
16814
6470
9921
6822
7976
12303
16197
1065
12017
2683
4512
7235
1341
12260
1315
3259
7226
1641
2035
14790
13526
7799
10222
8136
8191
14406
10549
6616
3074
3618
16742
604
4145
2131
5453
16674
10908
2342
1038
8289
7674
1458
3502
4168
16994
16641
6307
4572
13754
6038
3796
2816
7468
3948
15291
554
7265
3241
10181
13256
10279
8147
16569
12976
6388
7356
9149
378
12006
14659
13635
9631
5791
574
16973
15080
11752
8204
4203
6321
9496
2581
5538
16725
10991
1672
14161
5784
11310
579
6340
11050
4415
5497
4065
11875
4420
2626
13600
8227
13281
12404
3915
6295
5634
6111
53
590
5958
13868
334
2138
5582
10571
14831
11820
8026
3822
11760
557
8469
746
9008
15971
5780
10942
9519
16173
4464
6039
7106
2577
14676
1772
2834
10775
14145
8579
5553
11544
16768
10750
12402
5388
3665
4948
13918
2095
3679
15254
6066
16278
7657
2423
16985
8052
16167
6362
5820
1639
5809
1725
13977
5032
13642
7094
1462
13400
10865
2327
16821
14273
14803
9752
600
11046
11755
7843
90
7438
4745
7825
4946
13957
7655
5533
4583
3323
585
11223
3486
16834
268
1108
9935
16603
12678
10277
12517
11574
3007
15554
1932
15519
12588
15994
13229
4057
13404
11722
8896
15504
5068
7080
9100
49
11366
9500
2299
1153
14570
2039
7058
3004
1204
13655
13901
16253
1104
14246
15729
4820
16769
14344
1598
10425
12461
9543
8680
5054
11108
16426
275
4403
15026
6778
13627
10981
13418
15964
9982
4330
8258
3702
7181
12156
8341
7039
16694
11817
5025
3508
2235
10747
14002
11618
8668
2300
5213
2519
1081
9555
339
5518
7888
16310
5508
314
14496
4318
7646
15716
13422
12584
15526
3425
13604
16301
4183
2381
5512
846
15672
7310
5047
12052
9887
4568
14374
7631
188
11720
13259
12950
16304
8528
11061
3268
5964
5074
13216
1536
12666
15914
7416
3846
16993
15852
12224
11662
13347
7239
3737
12175
7426
9477
12289
15091
14088
17006
4832
1750
4857
15980
9690
7441
5883
5026
6902
9279
3013
7434
5960
2975
164
10909
6345
9025
4959
15004
2850
7807
195
15419
12384
4416
7021
10945
1742
7185
7821
1351
6097
15722
6620
10701
11599
6092
7467
9366
12502
5550
12527
10469
10088
13348
4596
4680
9323
16983
1867
13752
370
5212
12589
9807
1035
3191
6351
4604
4009
14100
7706
4064
15108
11263
4524
9255
9364
1006
12942
6658
15739
10227
11354
16916
2920
373
10194
7966
12958
5451
14859
8372
2649
4977
4651
12848
9481
10792
9085
11421
2391
16421
3603
2563
13509
11729
8502
15375
6270
5728
9209
3090
10781
5729
7006
2458
8015
14734
11882
1832
5623
327
8256
17016
4136
5627
11787
6679
13364
14196
9111
12368
10881
14753
186
12038
14778
2706
294
7755
13948
3483
8236
5801
6459
11563
13728
6883
3026
15866
11188
14938
13412
7263
14558
12820
14505
16875
16624
13278
13950
444
4912
9069
4139
5668
5805
10522
8615
3555
16470
343
9829
11318
1343
3159
15606
13055
435
3802
6499
15094
7026
15830
12686
12273
12640
16439
5369
13975
71
16909
7808
16830
6342
11718
16761
10606
8713
14379
10033
2281
8404
7233
11802
9291
774
4785
863
9342
11990
3310
4159
8648
16929
10229
2698
3396
15292
14351
2507
1583
3977
12935
9848
210
14624
1251
3776
14209
10442
295
7151
9129
10661
4196
13183
5183
747
4810
14508
12127
6076
10303
7266
14018
16236
11428
424
3346
16661
10624
9766
13690
14027
14504
6291
5655
11170
8768
14097
14952
12387
6900
2320
12346
3494
13226
14019
3520
3579
760
16506
861
14762
9603
4670
5444
4617
9596
2150
2492
13405
15147
16654
16031
20
16699
14283
14789
6158
2589
7090
3780
3120
12010
8635
14447
11534
1293
16631
14270
13884
11714
10838
8666
9191
694
14835
16813
10544
7101
12520
16809
16595
16315
3907
6956
5956
5772
9166
2771
971
8406
14677
3996
3921
15355
6454
4490
1212
640
8804
5014
4667
3894
1939
12352
13295
5415
9798
6867
4865
8514
2
9739
14218
10800
6293
12247
7336
15899
6456
6245
13909
13612
9950
11033
11895
669
15932
3246
12104
16930
16343
16450
5102
5372
5281
11125
14074
7129
7797
7170
437
6896
2302
4504
7409
14053
4892
4067
14638
8928
1834
7563
12642
2910
3054
15831
621
6725
8310
9884
6838
5757
3496
1211
10356
6615
14054
2387
8766
15481
2363
3530
6894
13563
3444
2645
16424
2937
14159
2438
2964
12634
4542
10415
8325
833
8826
1965
6216
6631
14695
1254
11457
6575
13917
7688
10148
3044
11079
8529
14131
5242
11304
16079
3897
11501
16004
13458
14779
4300
12725
16109
13799
14444
6177
14194
11432
126
3300
12209
8390
13669
12118
13203
8593
2601
5233
8821
13566
15714
2215
10100
611
15975
3274
14710
11976
5922
3560
16297
16045
16502
10810
13141
5315
6870
2689
15508
11389
4256
7274
380
10204
14432
7408
2431
14509
237
10973
14492
6930
75
11704
3348
9852
14056
16735
8332
16802
4766
2288
5663
3806
15162
10561
471
16322
1631
65
1146
5501
4628
3461
2011
9873
2639
14915
5748
988
3804
11038
964
9824
16134
11009
8210
8976
16942
10363
10506
15021
6361
8894
4849
12980
15341
9977
9651
17007
16920
877
4999
11872
14682
6393
213
16035
1687
8036
803
11137
5781
165
14091
10259
14423
2891
11175
12420
16868
7690
2646
2846
818
8725
1433
4128
11700
11171
1167
11728
2364
5554
1405
5154
6504
107
11958
16991
1601
5872
6165
7579
10799
16779
16046
7083
122
96
2328
3467
6095
11653
15489
8122
10089
8322
4650
6238
9339
10695
11140
13437
783
12311
9781
10554
1177
13718
14321
14800
1481
16032
11173
12293
11287
14029
9783
5576
2408
8853
7616
4102
12894
6090
7895
12968
16651
12474
1625
2924
1030
13942
3988
1572
6399
15895
8477
7747
4014
2411
11699
13043
6610
3017
15404
2509
7551
7286
10586
4885
9584
13755
14137
9549
16501
6246
8461
4909
3940
10765
16083
13204
11564
5685
7047
79
14979
13169
6949
2881
7086
15034
16514
5429
2511
6745
7662
6804
3594
6328
7832
10754
3022
1202
6397
6088
14133
3978
1421
7978
16251
2544
10297
4372
2474
7451
14409
9343
3807
16324
8978
4140
8552
6129
14412
525
5528
6417
9503
2817
3983
15593
14704
12386
7491
3020
3373
15276
1201
6915
6366
5182
873
171
5594
12609
10794
16279
3487
5141
1996
11688
15916
937
15662
8417
10054
12999
4176
3126
12546
14924
10833
6820
3317
16771
911
8418
8523
14614
6191
2321
15590
16357
9520
8794
1758
9995
16765
11394
15306
13329
14347
16201
12759
10176
11297
6751
91
10082
323
7661
2740
4478
8178
10185
8137
16331
2636
5735
726
6372
13521
13614
15417
8355
4576
7173
10491
13803
6152
16061
6933
4611
10350
714
8710
9402
319
13949
14003
9976
4978
1268
14252
14928
7571
10817
5800
12912
7990
11569
10029
14203
12121
5364
4061
9577
4743
1589
14914
8124
15307
2322
3588
10353
2324
8652
11550
10527
15245
1189
4085
9936
823
10862
1620
8837
892
15132
468
13006
15222
12953
1109
14663
3214
8930
13231
743
6114
13943
11452
15637
4914
9737
986
13442
8482
3789
11614
502
16233
15104
3216
12529
13625
5546
9960
16002
8875
12338
8473
5895
328
11015
417
14280
8266
13880
13386
9233
2991
12044
9808
10230
12202
1396
9744
9767
8569
5130
9563
12658
3144
14072
12762
13946
12196
5327
6012
898
13607
6202
15196
2915
14080
3987
13202
13000
11407
2014
10689
8192
13928
14985
15551
9296
672
1869
1422
8105
7965
13082
13060
8229
4825
5488
2286
3686
4981
12954
8300
16027
8283
15897
16732
9301
10237
6465
1694
4044
8924
13578
11753
9243
3778
14095
15492
8040
13503
15479
8415
12913
14592
12907
6872
13620
13753
10061
12696
6686
3451
9401
13735
15271
13760
17004
2657
1675
13113
10514
15815
14853
4225
8823
580
14181
1857
17
6757
6592
1636
6449
11809
10798
16193
11855
9351
1469
3456
465
241
15027
7793
7309
15970
7572
8107
5352
11476
1956
856
16801
6104
7673
577
10337
9636
11049
7082
4471
10805
1069
6494
16500
15336
9131
11240
12893
16037
3421
10538
13354
1695
10697
6151
7723
5408
15120
2010
2998
12647
9367
5153
4920
8781
9707
852
15875
11885
10568
2545
3877
16336
14057
10471
16165
4919
13022
15566
2843
10632
4859
9344
12325
16091
2959
7603
8614
8420
11248
14119
11602
9751
8983
1653
16697
11851
7612
11040
11552
10218
11374
14922
2638
16568
2815
4373
7809
1448
10151
5169
138
5478
14895
4573
6558
4119
14769
12692
13838
13477
16862
10901
717
5177
4649
12045
15937
2851
7519
14468
13874
13522
5563
11726
6387
10349
7354
9872
15313
5536
11821
9046
8616
12553
13384
3301
8430
5391
3835
10922
12734
11816
8508
1117
13664
5239
6854
15602
4966
6130
2623
6603
5559
9038
15339
1326
5906
4879
14968
13628
3904
11647
9108
7131
7539
6514
3334
9300
11020
6331
7796
5238
13369
11884
9281
16384
4644
1696
10268
3248
1616
9377
2682
419
11981
1747
7827
6527
13366
13968
15744
14001
12450
14927
8942
6352
14510
14514
5745
1365
4473
3734
9357
14764
14070
9118
1271
11468
14636
5187
13251
9512
14418
15988
3720
12217
5822
13852
809
15059
4652
9747
9213
12078
3326
5731
13221
14034
2895
3634
4841
926
12035
121
3951
12361
1732
9997
8921
8389
3107
7288
3875
10375
8891
5595
7412
11568
680
1960
16748
7463
9576
10223
14909
2476
16561
7776
15191
4076
10250
3067
6529
9406
9729
3466
7740
16142
5812
7144
12393
1012
10621
10480
3714
3779
9286
14657
15873
12267
1761
2240
16403
13698
16386
7873
9439
8752
1778
1071
10574
14184
7765
15700
5330
6396
7722
8759
219
9666
12835
6136
10870
10828
4553
916
6009
16807
16101
13069
16488
13410
10666
6630
1053
14285
8090
7578
7905
16878
4584
4505
752
706
12744
6496
14366
6138
7318
7179
12235
3670
4974
56
16474
5578
6833
699
273
13837
4818
3130
15491
11397
7961
12497
6460
13565
1270
13647
16179
12790
7125
4645
787
2291
7390
15329
8145
13349
16092
12672
10928
5244
14275
10956
5750
7507
9684
10160
15426
9568
14263
12051
9440
233
15683
3899
8320
1981
9673
7778
8674
2904
7899
4805
8254
8226
448
12396
12947
6072
14222
858
4993
2334
1561
5325
3797
6079
7281
10226
3125
16562
16373
16792
11743
3527
14253
238
13805
3622
12112
2593
9206
16227
8561
7977
14388
5504
6033
7520
2552
3021
16764
16566
7031
1887
11908
14759
16181
1387
16648
13453
9405
10952
12864
14662
13048
3151
14309
12611
11591
9698
7817
15262
7559
701
7389
11558
4516
13409
3743
11164
9939
12021
11306
8841
16657
9899
3331
9418
6850
10604
2580
15226
11036
3717
11107
13654
6689
16988
15285
2797
13491
14567
4722
13475
16517
9711
6280
2020
13484
3627
5760
5927
9972
5397
1099
12542
9078
9356
11864
3289
9597
601
11656
10460
841
8728
2907
3570
14641
287
11409
10336
9495
2888
4194
7383
561
9465
4798
6200
5961
9823
4274
7997
10855
14354
741
14016
7257
11465
14220
4532
10874
8481
1767
6699
4950
15071
11231
13299
13549
7180
1103
14172
793
728
4345
6873
15844
6058
524
16984
16224
7891
16955
3325
15954
8670
6570
6677
9742
6798
4317
15567
3111
10074
14804
2161
6826
4806
4410
16772
14608
1206
2190
10115
11250
9768
9426
15869
2662
948
10680
3238
8179
14299
10309
9280
802
7294
7700
4101
3967
5931
12200
1180
3351
9412
10432
4068
16127
5792
13227
14403
6800
10183
1893
1050
4827
9794
3909
15934
336
2164
12559
4682
16325
3682
14564
7118
7270
16766
7443
114
780
8557
3197
2219
14260
13581
1349
446
3581
607
11265
3863
2130
14389
12765
15647
7401
8969
16207
11238
11496
6299
10845
15522
1786
5138
15207
16704
11104
12916
10537
2775
3815
11197
8051
6953
5770
5304
685
15056
8279
8609
4657
13656
4961
11150
4514
13066
7207
5789
12818
12649
10359
13005
14470
11789
8553
78
2278
7005
1318
3236
10979
12819
1277
5875
5015
3117
15799
9620
3312
9287
5006
11865
9107
11616
12144
8132
5602
15879
11057
9024
1664
12660
11448
15510
5583
5303
5868
3134
3783
924
2578
3032
3160
12323
10421
8464
9602
2798
8182
7600
14991
10217
16428
13672
1123
3109
2925
14058
15144
14338
4929
7206
14147
2573
11735
1137
4539
8688
14266
12984
6193
6556
9192
11146
8367
3547
1902
13823
4991
4815
8449
16531
402
1914
14819
7879
13372
10175
16413
4681
16873
13679
14466
7940
8833
8162
15228
2631
16523
968
10926
4211
3928
12322
10861
7307
2621
6693
4918
16831
2441
3184
16795
7346
14345
4455
8358
10648
6595
16701
15380
516
3280
4161
189
9041
12348
9763
13158
16863
9140
2303
16788
15719
905
3073
13719
4721
9193
16489
16737
410
14006
1297
6341
3882
647
1183
8818
14037
16819
395
8788
3842
13998
11696
12979
8195
14642
12187
15531
12272
9080
16774
16970
860
7140
30
11711
1674
8847
11812
11279
8377
3914
3358
9661
8119
16089
8778
12221
12943
16922
10416
13518
15453
9810
970
7497
12852
10313
11836
8738
5502
1452
9467
7166
10971
5384
518
13806
14113
11709
9522
82
13697
10298
15677
15996
1432
709
6204
13634
3752
12731
1310
5641
280
5680
9804
4148
14277
12243
7751
4418
4654
12763
12719
7040
2568
8769
5291
6613
10292
10199
12521
6196
15507
751
15791
11783
13947
16680
10419
2092
14957
14516
11775
10706
9878
4615
10868
8703
1775
1570
6424
14933
1082
7142
1416
7052
11055
2703
15795
4222
1144
3827
15010
7044
14843
8995
8017
3371
2794
6714
14402
5591
3245
3880
11118
3446
12047
14556
2221
16119
7224
1134
256
5622
15119
11741
4360
7698
3441
14724
11605
16881
8452
14360
1649
8527
6860
11523
16132
441
15671
4970
3413
7900
6053
13926
2129
13
11301
7952
1325
3458
10445
16003
7103
4983
1582
12363
14733
11736
8959
451
11068
9560
15096
10200
2766
10988
15503
11451
14488
4346
12131
1736
10049
10140
1603
6462
1614
9083
1830
3954
15441
16226
3179
4270
4664
9743
12567
92
5862
1985
6893
9604
4108
10835
1328
11539
13127
2040
2455
9628
10772
1087
1500
15610
7198
5151
4781
7745
8188
4309
3641
7275
842
13385
278
10627
6869
13172
1207
13277
9491
6017
710
13770
14157
5347
10823
4616
15275
5900
1652
1604
4266
6305
9914
421
13463
13208
13004
13668
7231
1705
10964
13839
11355
1314
1936
7079
8290
16178
15078
1964
5395
3821
11186
3589
14383
878
13234
13800
1831
814
12823
7494
5707
6889
3164
1244
6629
3195
15347
2556
13829
16399
13417
1198
11913
11649
13147
7758
869
5420
5040
10335
7590
1215
14361
8125
11010
15322
3587
15594
14810
5086
1709
11266
8947
9061
16914
7156
13293
2070
1090
15169
8637
5845
2016
15320
4351
3593
4129
14228
8963
14431
6622
9733
3267
11299
7515
14401
12408
6877
13993
2842
6999
5631
11955
14513
963
16015
1083
3550
15250
11687
2822
14802
6100
14916
4291
5340
13711
2768
303
2429
8967
192
6353
9270
14311
581
6669
736
5998
5689
2362
2277
923
6661
495
16854
12876
12718
5720
14958
3923
6774
4030
16230
15260
5724
5574
12828
11203
15208
1264
4306
7099
2091
9682
6665
11988
665
13067
14110
8379
2869
7223
3849
15680
9862
5063
9969
7488
9809
15913
3608
10533
695
8630
7986
5771
1828
12859
2315
1576
15979
1031
2015
9617
9147
4141
13696
12068
9688
16812
8651
4883
13790
12839
9974
12347
7200
3470
3069
12326
7535
4158
6566
9728
9933
7359
16938
15340
8957
4338
16154
14848
13492
981
676
11060
4613
5690
15171
16126
1484
6582
13512
4188
2356
10492
7803
14339
2781
1862
15161
7617
10755
16544
6415
8588
5037
11636
11096
7278
11224
16729
14772
5219
1922
13031
4191
5323
9961
9050
4655
5718
1865
4527
513
8435
7162
10389
4752
13778
3891
5337
13324
14867
9275
3696
158
1375
6823
13889
15150
15381
2037
13845
17017
13596
3342
6423
754
8647
9557
8198
3319
17011
3389
8203
14151
7713
5930
4937
5127
6905
12342
1171
2526
9958
9328
7964
5982
9165
13062
1
11498
12533
14967
8376
2911
16483
2022
4923
10819
8138
12426
12223
466
9177
1161
12664
5176
9290
3307
8960
15653
14312
5024
5276
1690
4717
7615
4559
14274
2935
15106
2032
7054
3341
3981
7912
1476
3210
5537
3741
14850
8110
10844
8520
4434
4728
11880
11593
2167
6532
14569
5699
12430
9643
8243
6311
6770
9238
7705
10815
5722
5312
13978
3558
1381
711
14255
13855
4492
11695
527
6936
11056
3642
631
7948
10014
5713
2875
8299
10960
4381
15967
11921
3435
16932
3029
12048
11742
2313
3858
13219
288
345
11384
3845
8517
6034
10682
10788
13769
16422
5661
12817
3204
6805
16979
11317
2485
11678
15427
2677
11853
15951
4209
14079
11764
5540
12229
8089
1651
10214
8021
11412
9821
13846
13466
7772
6692
232
14946
15985
10128
5676
13306
14860
7422
844
12011
6865
11961
6452
9395
10801
1164
4451
3647
1166
14436
143
17020
13771
9562
16347
7953
2867
12150
13457
5697
15758
7647
15535
16105
11968
13828
15440
7599
5852
9259
3148
7691
2397
2901
14817
15843
16481
13622
5328
15398
10300
11538
7850
11946
13746
4152
14637
8743
13460
14443
1440
5305
13289
3366
12244
2262
2502
11871
16010
15017
11210
9492
1179
13220
3270
14898
4986
16120
15180
15128
6409
2929
15235
12522
5489
620
4678
352
2259
8228
6068
8177
7510
16447
6252
13316
12874
11798
116
4739
12961
15133
884
7386
5254
6237
14890
13648
2652
5971
9510
13479
12266
11264
14665
8524
1466
5469
13903
7284
3898
536
857
2546
7712
934
14763
8726
5525
14254
13971
15867
5431
6040
14541
1028
4043
11221
2026
10593
4229
15048
6884
1824
15331
3146
16799
16050
2395
11436
12991
2475
11144
14649
5230
5168
5980
12996
15444
14758
5684
1682
8913
14441
1904
13035
6247
356
15473
13230
603
13117
15315
8338
9703
6849
15407
12355
14546
9217
6722
4917
13572
5084
6775
162
15834
452
14588
2801
14103
7931
9278
15639
14577
4348
8235
467
2757
10045
4988
14711
15917
16888
2230
6313
5695
10556
15164
9345
2452
10876
15270
1080
2675
11372
10178
12816
13797
11351
3362
8621
4874
13972
16464
5163
2207
10478
12204
10170
13276
15563
2523
2996
895
16361
16945
4049
16271
13452
11045
5719
947
3598
15583
8798
1501
1013
13573
5440
11378
4467
2287
2973
8965
3243
15692
16401
6811
7779
16133
5271
2982
13824
2570
8506
12493
10351
12077
16272
15597
805
2690
4340
8535
8729
2428
2808
6085
4241
11847
12149
7506
1075
9326
2046
9222
7781
7440
9358
16806
956
11866
12705
13267
3961
15633
8172
3883
5667
8187
8249
16219
9494
1253
4662
13568
4714
8095
1176
7860
16398
12881
1719
1545
13009
12281
1319
10019
13708
9450
3357
3910
2223
2449
7280
15516
7548
7000
12064
5620
15658
5207
15679
7574
6994
7105
14690
4606
15681
10709
3761
12925
2680
3228
8592
3003
2762
15598
12377
4585
10656
593
1181
8444
6389
12873
13287
13749
6324
3295
7730
15853
14876
3102
547
1283
2050
13456
5293
925
10773
14788
8441
11352
6037
13038
14781
14394
14148
1419
15116
14875
6608
433
8012
12707
11357
10171
12309
6174
723
1291
9258
4771
2774
14192
11776
544
4350
11489
12778
14869
9680
315
7798
11112
3445
765
16688
4915
8207
16298
2557
8800
3974
1495
12466
7649
3871
329
11943
14664
12452
749
14736
10470
16548
9261
6502
14879
8683
14600
6624
5940
7815
15141
6112
55
11592
10266
5779
1676
12711
14107
13485
2006
3222
11331
4353
1217
847
12344
16730
1121
5879
15564
8795
1768
10191
3573
8662
4683
11629
10693
2989
4483
10646
14828
12359
13618
7983
8603
14398
16030
6523
8269
6832
0
16144
6995
14525
3082
4552
14593
11179
1581
16844
8480
13545
3314
14166
15127
2102
9880
1209
1302
6030
1438
2505
15529
5008
10497
983
3895
3142
1213
16463
703
10620
3522
12119
8135
8470
6819
16247
7846
3900
12851
7518
5225
11920
15742
4179
13791
10162
6212
4563
160
5307
14550
10165
4302
1420
11954
11841
4364
137
5093
763
13162
2648
4922
6727
10484
12063
5179
8573
1479
14949
14756
16203
8986
8407
9001
16744
1312
13092
2107
5110
10424
13333
13767
5155
11343
229
12901
8736
16222
796
6749
7190
12532
10739
16910
771
13346
13320
272
12931
12561
8479
6426
10688
14821
13896
13531
1549
9190
4755
15130
13334
15290
14780
10212
3847
4086
12571
656
2238
1340
7365
16313
4724
8536
3818
12635
6602
8597
2977
413
3043
10450
15845
15401
10256
12459
12545
8442
5715
13165
5160
14920
4544
13001
8543
8013
11731
6281
8707
9506
8504
7541
9912
9407
15649
16130
8633
10081
16349
4405
9030
1225
1617
8233
13765
12049
7513
2236
9889
13974
9609
485
8231
8048
7378
4817
16114
8682
15469
13152
872
12735
14902
11506
12952
8360
1096
7492
4452
7885
7435
14099
11522
16471
1228
7251
11679
9187
8906
4822
11694
15868
2877
8003
15952
15022
14830
10734
3856
7461
10607
12164
15019
185
2746
10879
1796
15690
1844
4475
12463
10774
9686
15008
15588
13357
8293
9713
1049
7867
7715
11957
10763
7405
15646
13322
13471
9228
15812
14153
3683
1803
279
498
3690
9903
10369
7056
5646
13854
15362
12279
6119
2358
902
5454
6155
15771
13599
4957
5734
12880
8767
13736
6664
7380
9138
6649
16152
6612
14620
16995
8068
13550
13776
5544
5204
8770
9220
11914
5911
13068
5142
11964
16773
14986
14452
15882
2651
102
16713
13890
133
3648
3540
8562
3972
11604
6857
3864
13378
13507
3736
9828
5466
11013
14540
7210
15723
13742
2558
16895
13636
7476
8280
3284
11654
638
10028
10102
2434
13439
5028
5589
4189
4685
7076
16840
5795
795
3206
15456
12107
14691
14358
15642
10188
11388
11337
9304
3281
11480
11163
7561
2117
1286
5316
11725
14893
3859
1851
13606
10782
15943
9435
15624
15393
12292
456
9764
2743
5248
13344
3539
16685
10609
16107
5062
11076
8061
11785
17024
11121
4598
526
3397
1526
15129
10305
13688
8990
3384
9867
16616
2419
8393
8762
4066
12870
2469
6018
13470
13438
7813
1362
7545
12407
15215
2004
15898
4742
4803
14202
15514
12415
3202
1394
3058
9550
9910
16808
8730
4313
15670
521
5603
16512
6702
4301
4733
9417
306
1597
6357
2349
12754
15301
3660
7924
12468
7833
2209
12194
8867
1098
6492
6337
798
4774
8568
3876
10496
12739
16199
3735
762
11683
10196
16866
14342
758
15635
76
9095
7614
3803
36
16077
3131
8259
1199
16608
15559
151
2276
10452
15632
15528
361
14076
7473
14715
1290
2062
4045
9375
9408
14847
5224
15986
1178
9379
4497
11499
2216
3244
6376
5292
16982
2024
4603
12630
11543
15861
184
7718
3658
13744
13988
16095
6022
3050
13244
2243
267
8083
11922
211
7502
3066
14237
478
4775
14066
1754
11663
1818
13849
5941
11948
8113
11511
2304
3583
753
1538
10869
10316
10641
12939
9006
4637
3338
16555
3770
15139
13356
11786
8839
2569
3536
16623
15538
1863
11672
12040
1900
11181
11503
15471
2462
2432
7340
9317
6001
16225
1368
6752
401
3715
11525
8286
16060
15166
2000
2198
10157
4677
310
12627
14566
4113
9822
7608
16571
8317
11249
6987
5520
14038
10827
4441
2122
10920
10219
2970
6588
12249
9759
2101
16012
2344
12140
14992
5788
7668
13961
7881
15691
7417
14944
7748
1269
2575
5302
14674
7128
6963
7004
8581
15435
14811
7469
15195
8199
4621
3133
13555
9979
14880
15125
11360
11532
13525
8060
2118
3523
16884
5742
6153
10129
13054
573
12531
13547
10273
5609
10899
1459
6737
16019
13401
8838
614
2717
11903
16664
9856
16969
8565
11321
10299
12394
9469
4508
5436
4535
11535
11023
7337
11479
6300
12313
523
16722
16210
7218
11750
11116
13907
3719
10508
13876
9242
11792
8486
1784
16477
734
993
7483
10076
15707
3303
12710
14493
3922
15224
2810
5214
13246
16261
7760
8825
4934
3457
483
4533
11879
12963
1151
1338
6739
6542
10062
5033
358
2719
13240
10634
16277
9637
13133
13200
15536
13646
1033
3917
11363
2252
10649
3423
10840
4732
9606
2483
8740
7139
4421
13332
5360
6935
6365
6264
4143
15786
14806
11533
693
8586
5479
10244
10946
2750
12088
298
14446
6533
11325
7271
59
8741
12427
10830
10345
14150
7882
14411
9393
447
6310
259
13312
10098
3140
14463
3893
12632
4046
1521
1299
16726
11151
11261
15775
6680
1926
16670
9097
8340
1358
1599
12988
6379
1769
347
324
12151
6591
5860
8632
13214
6564
11626
8694
11627
16280
15946
13930
14987
4629
3437
14551
2115
9540
1845
15903
7554
12983
3410
6181
8979
93
10396
9162
8589
8225
3121
13701
10866
4316
8848
10986
7013
919
6943
117
13836
15387
13039
8753
8797
16385
16172
9311
14680
15811
13678
10361
7968
8563
7639
13019
13241
152
8596
4477
7195
1138
7037
5798
5125
8163
6255
13465
9454
5935
10435
8429
15205
9254
11316
2737
1689
6430
9378
13534
15889
15497
6431
10290
1395
14829
12225
11364
13065
7851
11403
199
5334
9626
14265
15234
15685
1801
14791
7300
1214
962
3607
6719
3008
10046
9907
15697
5241
16442
13315
14998
3716
1305
6839
8318
7829
6868
11244
5989
8436
2767
15350
13345
5572
13989
228
3546
13898
4540
8984
9333
6882
4470
9541
5951
10518
10468
3439
14670
1524
9797
2983
649
12438
570
3375
8982
6107
12241
4847
2709
10257
10637
10859
15323
11966
11227
12872
12805
4601
6382
10504
16618
8549
8992
13272
15630
14144
8035
9421
3919
15338
11536
13161
6338
9700
1072
14381
5943
14149
13954
16140
4875
811
1068
12218
16456
5660
14783
15377
5465
8783
4945
15862
16337
5909
10635
3885
12550
10663
11625
13902
10050
5861
15352
9968
9967
15192
16319
682
7420
141
9716
14912
605
9633
11018
6645
7511
6133
7757
2995
11139
14117
14903
12336
10515
12
7414
16406
16852
14071
9941
6011
11638
9749
6895
12424
14805
14825
4393
15915
6637
6539
423
7292
10319
6419
7177
16966
7664
15209
9386
15153
7971
15675
12423
2865
3488
16839
5373
9324
1039
12757
16249
3853
13529
1384
7746
10672
9694
385
6062
9652
5260
11463
15388
5229
11460
9624
11545
2309
14941
1889
5175
2551
12606
15202
6683
15982
4958
834
9657
10704
1871
8248
1854
221
5445
6806
9992
7299
8066
5374
6718
1024
12940
7089
10677
975
7762
6215
14243
6349
16266
3391
14559
4331
13781
3621
10447
6262
7183
16695
3367
16468
6609
11379
4694
5287
12727
9189
12700
3383
7304
13142
11504
3430
8440
14227
8088
2917
9294
15014
8813
15825
13218
2267
9449
2960
635
8717
10731
9881
11621
4116
9240
5527
430
8398
9731
8134
10449
4661
7116
2894
9924
9245
7114
3656
12482
9185
3888
9092
13686
15406
7996
3511
3762
13899
16934
6248
10231
9051
8974
1311
5259
2738
16841
393
9314
2108
4089
3905
4597
6096
1708
967
15081
2054
11222
5665
2140
3975
10314
13143
14645
13166
1609
6226
14748
8397
9172
8047
4896
7641
15877
15696
2878
8467
12884
4130
4058
7962
16891
3517
3231
12132
1332
9660
15766
4720
8872
13519
10681
9812
8307
11588
6992
10955
9216
8217
11771
4254
6517
5336
9580
7937
11092
11774
9230
12324
12525
13371
15218
13201
10985
14534
231
14689
3664
939
8383
7073
13959
12911
14589
517
11784
3093
9483
4021
1618
2741
11192
11813
1133
14511
12530
2540
6510
10698
8448
9360
10215
3610
16404
16954
11963
1680
15740
2186
10708
14965
4588
5299
9117
11449
1467
5191
10325
5835
13255
10498
1322
6276
3577
1546
7191
14506
7305
4271
8130
16041
7523
12128
3538
953
15190
3143
15457
1514
12286
5810
1716
9034
11201
7819
4124
15278
13857
8605
1579
3896
4446
5215
9032
12814
13965
13041
12220
7804
12219
1074
124
10948
9072
10659
13379
6166
11474
5919
10569
11200
1782
9757
14561
13801
12153
455
12892
1374
1735
1602
15652
2386
8476
14696
6940
5644
8676
8988
11340
1263
7243
707
15942
16058
2807
11143
5189
1130
11780
14581
15490
13960
1357
4835
2229
15935
3524
2780
8564
11818
767
6746
3163
13144
15360
12343
5581
8937
5709
2366
13010
301
13486
4071
2694
6239
5526
11365
12855
10310
10267
16690
5992
12422
5851
3251
15376
4394
10811
13557
10959
11202
16153
11313
15175
15324
16880
10860
8309
4278
11888
9253
5012
9215
5776
1635
15391
10111
9424
8411
4185
10783
13788
4828
31
9796
459
4155
12454
135
5247
10186
5144
11901
16242
16675
5306
13448
10430
7363
12421
14301
16038
3081
10605
6124
4359
8775
9925
5099
9876
13023
12703
16721
6127
6163
6918
9685
2392
784
15060
4388
8208
5794
3945
12898
4287
9965
664
8181
12680
16950
4396
2063
5939
1406
8357
16666
5999
16394
14837
1833
7163
16915
4319
9521
14834
7333
13191
2222
881
1188
1944
6259
6150
14235
5131
14305
12513
14049
2196
4144
13403
3955
14047
6142
3269
4979
7650
8029
10997
1388
15894
1102
3764
5115
806
10412
8273
11657
13473
14294
6977
6420
10057
7928
6164
1698
2074
4036
7015
13891
16944
5486
16710
2398
5580
9197
1119
8582
15790
13249
1780
5222
12318
10474
5194
1983
16051
15737
5036
2792
13481
13789
13258
9951
14060
7480
2192
8721
4493
8619
11129
10053
110
8935
15702
5893
11978
13798
10276
15247
2382
8339
1592
4837
16116
9307
332
15523
8115
12897
11896
8879
15974
6400
12280
16858
13862
7834
7550
5265
8744
2199
8354
16597
12357
1999
11307
2468
6978
11280
2346
10785
11594
14413
14896
11375
9795
7652
6207
6632
13153
16082
14752
10639
2949
8925
16081
4980
15020
12651
16978
6681
10521
12946
1633
532
8655
4697
1163
7908
7199
4175
482
12027
12896
13367
16746
16782
11167
14356
920
7868
12385
13827
15778
2532
14069
1729
9530
9528
10348
14185
6209
9598
15294
9559
15283
5824
950
8092
990
5652
8929
9352
9077
11949
9029
1321
15229
2486
7918
2256
10090
5597
1886
7152
10001
16102
13956
2543
533
15936
13659
12139
2147
9616
16859
4669
1688
3584
9674
16312
1700
5447
3657
16533
14377
973
15065
11048
5371
3812
6
1296
12791
10451
4232
2218
13691
4099
15274
6638
16498
15267
3667
16727
7811
16621
11349
9428
14897
2045
5071
4711
1728
240
5803
11609
15896
14632
14195
11630
10503
9128
9049
13732
1480
6256
15145
13595
2912
16287
6663
4257
2845
15177
14644
3814
16023
2880
5944
991
15061
10748
1991
6903
14671
16794
14698
1404
1815
16584
66
7750
14334
7343
9223
16457
8958
3092
10009
9927
223
6271
12556
13184
5010
5916
7041
19
6422
9464
10749
7124
10769
7407
3360
4336
12489
4587
10757
2727
1624
1084
12155
5097
2242
15717
2134
3381
2859
15667
14408
4987
13716
6925
6700
4884
89
7025
6732
5952
14033
4156
15544
6339
5534
14127
8128
12590
5885
3767
16493
113
11345
8922
2521
11956
16613
8784
8232
13743
1793
2172
7430
6585
2615
7654
4773
3516
12025
7283
4593
7866
2618
11216
1966
12472
3136
7098
553
12178
11067
5882
7325
10487
16229
2333
7667
2325
2837
7580
14538
11174
7941
7960
959
5838
14439
4684
2785
9942
12749
8772
8943
15046
12549
8257
10802
1560
11492
1810
16594
13875
11828
16749
3867
1301
12039
10422
9340
16592
318
99
6056
2132
2691
8764
5332
16430
14871
14719
12080
16853
5452
3886
13541
6106
12654
1262
2036
16221
14845
6161
86
2128
12382
16871
15977
4740
1258
12843
1979
4034
10584
3147
7189
16611
13675
16106
15447
16715
2049
4115
6406
7302
8121
6590
10618
10841
2247
2722
3324
8388
4687
14287
2459
12900
12098
1045
12878
14132
16070
11122
16143
7669
5959
1584
6309
13727
13303
12436
15595
1666
5855
7157
4160
3297
13443
11237
8391
14557
14705
9130
15124
8353
14634
382
15735
16048
15293
9527
3484
2314
14654
4834
14200
4510
11749
5146
8005
6131
16055
6924
13554
12143
6159
15478
418
8433
6803
10398
12285
16465
1515
2712
2461
8336
12728
12230
11296
12636
13014
283
12570
8312
224
14936
10031
15370
14369
3771
4609
13792
8806
15088
8551
2422
9818
7980
13207
7110
10744
13290
1447
6081
13380
11806
1726
5202
9916
8902
6175
6441
12284
10727
12087
11556
16314
4494
6484
4541
16534
10035
15431
4840
3398
7100
4844
12812
10312
6521
9948
2736
1919
2882
12679
4938
1539
13298
16633
15582
16960
6316
2612
7172
4432
6233
11685
5903
7504
10523
13013
1280
1085
4707
7107
14701
4894
7598
8874
7945
9381
14610
4778
2437
13099
12815
15233
1507
8903
8540
3953
13398
7432
11623
5148
9947
11225
7672
8081
14442
7634
11557
3902
4104
12487
14357
11950
1855
4789
14094
4016
11658
10339
11838
8302
8487
5338
12400
4925
16817
7876
14225
7364
8857
12488
14297
176
16939
12398
1401
6897
12476
1041
9004
8494
6244
12341
3653
15425
7613
4737
15421
8869
1739
7193
2862
15693
7269
5733
13751
2946
13411
14405
3256
8284
668
1615
7871
4386
2413
10119
15828
14090
8167
15499
14490
2394
321
663
11510
3472
2417
14212
7247
12339
4872
10524
5190
2958
4118
3242
9372
6598
14281
12910
3906
6928
4251
15713
9237
415
3279
15487
13353
12300
6577
6230
9533
655
14373
9953
5996
1243
11385
11393
744
5515
8287
6536
7695
183
5333
1859
9298
5865
10177
3964
16924
4969
16323
10444
9382
11232
14455
3556
11881
6457
15099
2351
14966
4893
7377
12541
2023
2097
15548
15909
5282
4900
5568
951
10286
8297
7404
14972
13709
5357
14457
3188
15394
391
16826
175
10224
10685
6019
8617
355
13576
759
16989
1938
14882
11770
9332
5126
14635
1386
3870
8495
13011
5264
9392
10700
9840
13591
6498
16578
13882
9132
7951
10048
11754
917
2470
11390
6003
3580
412
9224
2359
11777
10846
5565
9869
7287
9396
7334
11800
2640
15784
3174
6128
11641
7802
1665
4647
2425
3688
8756
12568
6847
13658
4963
11007
9845
1638
11890
12071
5495
15545
7027
12733
14688
4928
8396
2844
16793
9353
8042
9143
7791
6717
16409
5462
3495
5994
2205
14289
9302
9116
15960
6147
3161
13535
16372
11996
7360
10084
11209
9312
16191
10954
11747
16459
3113
12564
14045
2003
12582
11917
9000
13374
11429
15184
503
10669
821
1823
1456
15918
312
12269
14106
12072
8385
8574
15057
10073
4561
16085
3507
6528
16609
4192
1149
8148
6024
4004
15295
930
4093
13426
13724
16452
8691
13253
8789
6543
7607
2065
12957
11172
3411
4913
6552
11858
10541
14503
3099
10116
10513
3744
15131
14393
1485
8288
9036
7369
14722
6684
9773
4562
6015
6274
15317
13847
8427
6831
2029
5662
4768
8335
11512
14004
3624
7847
14491
11420
5637
11854
13819
14900
2963
457
4648
4624
4577
9015
346
5173
9321
1005
2564
8057
16741
9267
10640
15466
2088
9370
5839
6211
8559
14330
16252
4457
338
4245
9158
5910
6942
13873
1355
5140
3158
6167
10918
7043
9590
6505
14578
16374
15012
289
14497
4465
10897
13119
484
11029
4376
14207
6242
7399
148
12699
14031
8381
4149
12997
4659
15365
4982
16139
5108
12206
5035
10900
1947
14630
11833
11659
7835
16850
6469
10482
3493
2979
2976
15762
12214
12477
9735
6251
15047
11268
11380
9017
1219
9135
1342
2565
13078
13072
14515
12723
14948
977
293
11848
15525
8062
10555
11455
8043
3997
7938
11334
15931
732
4090
15304
13997
7169
6185
6489
1004
11877
8669
16129
5629
6734
15557
16168
14675
11072
4523
8827
4411
10614
2106
10147
13908
6980
11059
12845
15950
15643
1216
2377
10826
15872
4297
13321
16682
10437
10221
5858
13286
7820
9420
11098
3455
2021
57
7853
15949
14293
14435
14787
6866
15823
8836
4324
2999
15327
14232
7375
155
7148
5813
10943
4404
4272
6747
16320
1998
15620
10937
7370
14392
8961
492
1908
2522
16283
2479
10717
14467
4288
8570
12074
13459
11756
9054
15412
10187
17009
16215
10391
10849
1760
738
14135
1249
7428
3924
8816
11229
16190
10699
3848
16162
11906
15013
9911
11822
333
6450
7400
12256
4037
15893
4666
5449
825
15261
15892
1531
2679
11322
15718
8142
6437
14477
5499
2777
4091
6627
15042
11537
3769
2643
1504
16371
7003
4656
5343
7038
7329
2185
15989
14846
10796
10439
6004
10535
2329
7677
14721
12434
9978
13542
6985
4565
7036
8882
3786
434
11335
16449
8174
12796
14065
8640
8329
10210
2143
6748
5937
4809
3638
8834
3355
17013
1309
7034
16652
4236
8598
16848
14717
35
11551
3019
3901
15558
11850
6651
12539
1654
11138
3045
3567
5406
11464
8541
14619
8493
8758
10475
7886
13292
8954
3548
2272
5920
16669
2372
8161
5670
15922
16860
15193
12253
8760
5819
1454
14523
9087
14978
1403
15665
6455
1921
11302
690
16535
6944
5310
15997
935
8431
3190
5273
8364
6213
16800
13052
10216
9229
9750
827
3313
16117
12906
9119
14520
12271
2126
5288
3498
5114
10758
3976
8445
9411
12670
8780
6168
15796
8686
3890
3237
6110
2705
1509
4221
7352
501
3586
16789
10403
2443
929
15241
2090
7989
10896
161
14795
15546
5957
12969
13339
4843
8719
7241
13723
11469
14272
2290
16522
8240
142
4570
14549
16146
12782
1657
1491
1276
12777
9758
6887
12227
16775
5331
1933
13508
4442
10476
12866
15036
14328
13288
9086
2385
11415
3613
942
16923
5763
7985
8150
7947
11414
12948
14327
5262
8904
9399
10485
11942
15586
3401
1520
6289
4391
589
3453
5324
14740
3272
2336
3889
6807
13938
13449
6333
1335
16025
4333
6479
12437
6084
12166
15816
11578
4674
173
12460
2231
654
3339
2435
14911
4263
6350
16479
1980
4342
4002
11517
12130
7019
1474
2149
16849
16316
3920
13895
10975
6042
15400
11288
16620
2241
10288
627
8644
9489
2786
2396
10671
8711
5618
14484
9708
11254
11732
11972
4440
845
10253
3913
14784
8583
5056
2067
1170
1174
9268
10493
14793
10512
6635
7629
11406
3211
9692
15428
100
7555
15098
1158
7376
2405
3205
6292
12813
3057
15465
13983
4204
15173
8629
10462
14362
8824
11526
3316
15622
6840
918
15580
5020
5105
12274
12612
3012
4073
3808
6976
2389
15888
4673
7316
8463
12042
6711
10080
4668
9854
8180
6891
9908
4965
10122
7474
1860
11643
8133
7585
9264
16738
3739
804
11177
2566
8859
8072
8840
398
10882
11493
15005
8964
6224
7636
6231
7104
13304
6709
7462
10390
3479
13543
6668
1111
313
9984
8521
1571
10916
10408
14160
9341
15477
7920
10400
13469
9099
8063
12645
5975
6671
13597
16963
15534
3114
6562
3157
16156
11702
2574
8019
7601
1658
9115
11399
12804
6048
2224
1982
13726
13154
1427
13274
15901
2824
14032
11458
1596
16103
15146
4198
4760
681
16164
8197
13252
1585
12644
9789
5826
1278
13096
5459
14326
4186
12811
12602
6948
12766
12607
12993
591
6125
8790
5897
2225
531
10366
8973
910
3881
6783
3777
14171
11712
11338
15556
1606
15906
4620
15246
7081
14884
8223
5200
1234
15664
12485
5463
13651
479
9676
1442
11006
6765
2295
6851
2835
7530
4008
7228
6586
11628
13285
15905
1300
4343
4901
8351
6587
12789
2897
2370
16311
14693
6446
12475
2208
7470
12923
6555
12519
11650
1842
6520
12836
8518
4210
3912
13123
16024
810
2168
16845
1281
14146
11136
8881
14631
11521
2270
2592
12610
13530
9956
6929
11733
15030
6071
4246
54
10306
9091
13049
8478
7916
3221
1477
10629
11336
2637
8966
6025
7077
15699
1554
10139
2938
3247
8154
691
2517
16804
8386
2009
4688
15731
8316
13933
14872
5995
14554
208
5954
15573
13833
6753
11924
10534
472
623
13714
8746
3016
15041
60
14730
14996
3820
6786
15157
12069
16346
11675
15821
4550
2586
8439
12263
5828
3995
16937
10357
3176
15225
2332
14282
7429
9027
13644
10974
8313
14975
5687
11196
397
12195
4787
15103
6657
16087
16785
15179
9105
1753
660
3273
15962
15305
2789
13233
14612
88
15286
3947
8687
14276
7171
3652
8923
8737
3685
2296
9583
13579
3651
12832
10714
7826
786
12977
2144
9581
7787
218
12768
11195
11441
3085
5633
12252
1399
12008
5948
257
13237
2671
4395
10858
9139
6704
10463
15847
15434
3861
2337
14628
5023
5085
4220
14918
13703
5610
15281
9833
1400
11383
13075
8131
15678
10344
15188
14427
16549
15757
13361
7790
716
13802
14188
7670
5878
15325
11275
4797
3340
8343
5208
7785
10383
9571
7794
8265
8718
7137
15408
6979
5659
10944
8437
11446
10718
2080
2113
1435
14129
10207
5443
7466
5216
13685
5137
10951
10499
12503
9599
4032
180
15384
1909
5577
1951
875
16308
1954
8276
5048
3772
6330
4088
16286
6348
9842
727
7658
14211
5751
11270
6858
11540
12807
68
11516
18
13914
3872
5405
379
11514
13964
7035
6444
15390
497
11782
8723
12693
5211
5113
15102
16583
14684
1891
127
12955
11158
5604
16257
3169
372
11573
8241
15804
4121
5427
15824
6118
1671
2879
10453
9900
13033
1825
15537
13100
10109
10429
16576
2656
16241
4731
15797
10594
15482
995
2269
2951
5090
9532
13313
4761
16643
7963
6375
11485
10863
9726
15689
16435
15961
16466
7133
10114
1026
3328
1722
4255
13700
15429
2926
3271
4447
11100
15618
11230
16000
15035
5277
16716
7887
8347
10042
3982
7854
11043
7450
4436
11691
2446
14041
9608
11073
2173
1884
6480
10386
8855
15210
8539
5009
15785
14646
12625
2730
4170
5555
2624
9441
11889
4412
10638
16703
6815
2501
13243
12600
4392
8809
8230
15111
12440
11935
16723
9832
2609
14959
10910
8550
14168
5354
16039
12724
2953
15438
4031
10886
225
14030
1640
8871
14042
13489
718
15344
9456
6199
7581
14767
5082
3545
3192
13128
11305
15817
11159
8033
10743
16719
9647
10543
4888
3663
10233
7064
14815
6285
5218
11554
11014
3637
4379
12096
13193
15565
2739
125
14399
10651
4195
9760
11166
12534
11579
13707
7949
9325
12056
5979
13500
10711
7382
15768
15140
6301
8375
10083
6789
4230
2316
11084
1008
12687
10816
10295
10732
16999
10540
4248
3962
4398
16580
15634
14547
13621
15614
245
16965
15236
15694
11608
4595
4237
9578
8116
11824
9922
10856
1408
8413
10703
13135
7315
13556
10967
6458
9394
4878
8842
5172
8106
6997
928
3250
13189
14421
6428
3829
6229
3005
7517
7332
1100
2466
3380
15870
8345
6754
13821
6490
5635
4763
15509
11843
16461
2697
12484
16141
10745
2728
5457
15732
11293
15436
12586
16708
5267
3931
1182
628
10121
1814
2211
6776
957
1916
16509
10086
10039
9383
14599
3693
7301
11323
3946
12879
7347
5983
15082
2058
4362
931
1308
230
4764
7816
5619
2644
5523
7252
1878
15411
15223
5694
11157
8080
11612
3941
8646
10752
6221
3655
7780
12399
13861
11708
15987
4299
11682
227
10436
12239
2803
8939
104
8977
7209
12824
9929
3406
14849
14692
1449
15933
11391
3542
16383
15085
16508
14407
8455
8395
7914
9902
8663
7327
4600
3227
10056
10591
16377
15822
16188
8305
15353
866
11241
1029
11473
5425
12478
7203
16416
9182
14286
1185
15886
14333
8082
16653
13869
487
14384
7707
13532
8554
4079
4898
3041
14075
2852
11730
4295
493
3519
10382
3578
3390
9316
16211
15984
1836
8274
768
4239
10443
8368
3631
1896
11417
9283
8049
3576
3387
12108
11960
3200
11620
13073
8606
9487
8414
291
8497
14187
130
4157
14527
16518
3115
562
5510
4235
15760
8946
3168
5519
11768
16239
15495
6788
5682
13112
14208
351
14063
7211
16796
16460
1727
9940
10011
7568
2687
3137
2684
4899
2724
12473
4172
3604
5887
8994
16245
782
16787
11518
15530
12799
3887
15676
7633
9861
7665
1724
14437
6643
11923
4623
13300
5598
12367
8685
9488
11519
4022
7764
9670
11088
5041
156
2606
4182
9084
9416
8787
13016
10059
16163
14755
7625
10678
12862
9125
2200
1389
6705
3726
10597
4283
13393
8735
11810
14242
5556
7858
11326
4005
1929
4337
3819
10829
13619
3474
1746
14775
6105
4466
11597
515
5081
8018
722
1812
14175
4201
6443
14141
8384
11314
3475
21
6171
13527
13383
11312
12849
16811
9303
6567
8366
2158
10803
4355
9056
9121
4782
12722
15055
8346
677
6876
6222
5842
4749
4289
5403
13795
3412
8808
10133
10933
6824
4730
675
14737
2599
1864
8911
13002
3336
12772
13905
3053
10321
12967
965
16218
12841
12697
2491
12451
16118
16570
146
3485
15258
5921
7558
7768
3199
10486
1997
3611
2220
3122
6392
6442
1020
5834
2341
13818
10893
6596
16360
7402
16294
16104
6744
3254
14686
16013
10989
216
11819
5042
6051
6401
8400
9170
2884
2489
5793
15249
8094
2285
16375
12827
9207
13982
5279
6425
5889
9523
6835
11330
2836
3619
6192
2119
848
8607
1663
7065
16581
6065
8936
5642
6617
8585
582
5269
13024
15818
1298
9964
9048
14182
2939
10007
11587
11937
13794
8873
6466
13480
8724
3071
14746
16559
4401
11332
15302
646
8126
15562
8671
13179
5358
1555
7112
13505
11840
6827
1681
1446
2042
1116
13209
8127
14486
2098
9847
5401
7998
9144
12624
2885
10021
11651
10843
3196
12868
11126
10884
16887
12861
11904
8715
14679
12495
4344
5392
831
12226
4518
10716
1000
3183
15983
9508
1942
1642
1992
7020
7012
9740
6922
10131
2632
712
10966
15372
1346
7345
16720
7456
3072
337
10520
3728
488
15045
15001
14112
3201
4574
14316
16355
13670
9886
14126
4267
42
2956
731
3335
1011
7957
1468
4177
7256
15273
5575
9761
170
5898
9919
16987
15451
2633
3850
14204
8654
14261
1946
4689
81
7321
9701
952
3424
16033
10213
3749
4547
14519
7459
1139
14043
9769
7736
13763
5111
6983
13995
12695
7213
1632
12183
7285
14264
1093
16777
13897
2478
10017
1194
474
2271
6625
12840
12548
14988
7687
15764
6064
4951
15446
4502
3388
5490
3480
12714
6777
3811
5974
13270
16434
16209
15579
10968
8118
8034
4791
1205
9999
5640
7246
15611
2710
4041
2720
6144
16
1610
476
13992
7267
5192
16665
4273
8996
198
16805
12413
6836
9811
12232
4622
16818
13058
8910
1950
1014
16897
14981
10152
7212
15885
6098
1748
5355
15850
15342
13423
3860
5058
1316
2450
16084
938
7349
4387
4833
4325
9753
10205
9587
506
9347
8423
3132
190
12417
11715
3292
360
9718
4586
14524
2840
8774
5101
16649
862
12375
10587
12775
10961
7710
11508
8819
13741
13490
7855
7319
12895
15112
16217
14709
886
8998
2905
4910
9548
6573
9463
16638
4277
9349
5441
9468
11867
11454
4924
1007
3729
16408
15069
6950
2494
2477
7254
11396
10877
6249
16121
13695
10254
11477
1256
13493
16828
11467
1157
5096
11781
5967
15939
7693
13323
7512
15084
9874
13421
13045
3309
7753
969
10040
6257
9391
5353
7686
4153
3491
3959
8917
5073
8618
10529
1607
10426
10978
3526
12691
13057
5091
2936
9693
13307
15953
16443
9066
832
1423
1543
4738
7109
4816
8631
11805
3363
2863
12767
6188
2898
14248
8949
3436
7011
16053
16186
404
2773
13326
9114
15403
10929
5831
10814
4469
11919
12111
11189
15134
9792
10625
2961
15871
10581
14522
602
6970
172
7743
8846
15310
2133
15712
9706
3265
1591
11601
11027
15836
16541
2630
15599
16524
2044
2856
4507
773
9904
12433
13206
13815
15251
8516
6843
8602
5721
13125
1417
14368
12136
8870
15368
6203
6682
1265
480
6695
6275
12986
1036
12102
5530
11453
13136
8055
9621
636
5708
16635
6813
13722
15772
5046
2729
6766
9775
2264
1272
9981
12278
10658
10067
9890
7277
13351
7261
3512
836
5313
12516
11233
7837
5570
8931
15687
5385
6405
8483
15776
5112
14945
4178
12171
667
14565
2078
6913
5811
14197
16268
1826
4460
15738
12099
16542
4784
2597
8402
9244
10735
13853
15298
7069
4556
2849
12447
8546
6802
14458
5599
11324
4215
5122
13124
3758
15518
16816
8689
11083
11738
1288
8642
16238
11424
10364
15345
9518
4772
4557
5184
16545
13222
3707
2407
8748
2169
7477
5133
12188
4864
10144
2676
1569
11983
6303
5136
689
10642
1002
2233
7680
14648
12595
9857
12518
11235
6814
10370
1533
11497
13425
3415
2674
2093
5548
8408
3027
12706
14532
11565
3417
1573
244
14445
5503
470
16896
5402
10275
7188
14009
163
15601
13816
12780
4501
7861
12467
11721
6273
13653
3189
15257
11328
11613
6934
6561
428
187
8765
906
5266
1105
3426
14971
6438
567
9517
6363
1792
7471
14495
9359
12351
3615
7339
109
6317
7381
4399
14139
1187
14761
16369
3352
7756
16417
11198
15753
3330
5987
16886
2714
11665
5650
9831
14732
13582
5419
1588
5710
325
13927
16111
9123
15334
251
9896
11359
8403
7893
8916
15277
7728
7351
12412
9248
15211
7869
13524
1628
12932
13282
5417
12067
8722
16115
12566
14892
2228
16122
10311
12794
6371
12743
4829
9472
9537
13652
8951
9937
8298
13224
14590
2464
7901
10301
3949
5185
16368
1125
16564
6920
14961
5064
4936
12905
4871
10567
6503
8791
2784
11739
15926
491
702
8027
13310
16362
11026
12966
11619
12618
14742
643
705
10511
9664
3730
8171
15462
15399
9892
10797
9920
11546
674
7234
8328
15033
7249
5294
16206
10438
8732
4275
3454
5806
6386
11373
7205
1541
3809
7442
10238
10851
12115
6927
7014
8600
2034
3938
8948
15767
16123
11797
16068
12597
10329
5132
13155
2928
1766
14743
6277
11975
14472
4384
5511
10598
6086
4383
4800
4519
15379
12716
3532
15835
5740
7371
7564
10786
12075
12685
15439
297
3857
12844
14081
17003
6921
7709
8776
3748
7187
4509
12261
828
8330
12009
15808
6955
12165
16956
15165
5480
16469
11131
16760
7092
989
5147
1021
8209
1912
5968
5117
11211
16174
16370
12307
16552
2109
12013
3287
6429
1434
4705
4796
2818
6640
2673
11142
11529
14108
1835
2718
9648
16496
4120
16393
9184
16724
17021
7739
2103
1148
3625
5399
3240
14544
3973
6654
9502
1875
5712
6010
9738
9104
6648
13560
14857
13210
8980
2178
1411
5942
2375
4882
10395
4765
5932
9923
9638
15097
6176
8006
8658
7540
849
13504
9014
12578
9137
3285
16588
4538
797
4234
3727
2966
4122
427
5206
16009
10725
9658
8468
15397
15194
14234
16977
2019
4023
12201
13355
11353
15851
11289
9028
4990
12708
2068
5461
2188
2155
7727
2541
8155
7478
6647
6481
2100
11445
13362
13844
7856
800
12656
6996
2584
6478
10821
4690
12899
10342
2201
16264
1529
10271
6859
6123
8627
16351
13352
6370
15269
4517
9336
10500
16948
2075
5500
13086
12887
7560
5080
2603
5464
9998
2073
3080
1568
6951
6554
2203
8160
6660
8941
14318
15018
8304
308
16110
16642
16044
9945
2153
8938
8369
9070
7605
1634
2969
2367
2514
16538
12565
2484
4529
1383
5367
1150
10626
9613
3091
10600
9010
11645
9234
692
10023
8244
8624
5116
14476
12717
1055
7630
16169
9455
8344
2903
6356
98
15625
5156
3602
1876
3723
3162
6961
12097
13081
5226
5908
15999
5896
7350
11900
11868
10668
5253
15587
1461
3869
5278
4851
16410
5370
15876
11859
13242
1738
9320
5296
5551
11660
12572
13311
3671
3510
13053
2769
14005
12511
16706
9062
5816
12838
2410
2500
3213
10914
2369
3203
16306
1853
9068
16857
14597
14851
7167
1629
14643
46
14738
13341
13967
14017
2146
6879
14198
13637
10261
14292
252
14396
7486
1237
14935
5066
13834
14974
679
16391
16951
13331
8845
7018
5823
15733
8622
3659
2254
6373
9949
16108
12720
14414
9322
3957
13342
12444
9825
11025
6320
12419
4579
6795
12050
587
6108
4282
2787
22
1502
1978
2444
1838
2700
15763
10472
1627
6069
9338
3798
14723
7683
14777
13973
5011
9679
1110
6052
10888
11362
10220
7464
6208
16572
15941
8382
14365
3551
4253
9306
14548
10740
5474
2918
11795
2821
7457
10118
14303
11
13273
4880
719
6735
5309
13820
16824
16776
10806
4699
7240
7202
9101
2165
15656
11698
15437
14923
1959
8176
8907
11676
3149
4250
2802
2312
11095
12282
16293
15053
16577
14910
7806
14317
1460
15608
15846
3706
7217
6434
12919
7935
12512
6312
13180
4967
9334
7126
4233
3725
15848
2177
5768
9980
389
725
11292
559
11124
6899
12036
10163
16244
15083
14115
16629
11086
6474
4010
11745
14647
6574
8673
1227
6904
12055
16846
11070
7724
3119
17014
7479
16972
4907
16364
4078
15603
12270
4431
1336
8222
5119
2307
10041
13630
913
11834
4260
6614
2539
1009
12918
13842
253
12053
3935
2352
3064
11547
1471
9640
2725
9159
15560
1135
4723
11713
6383
9582
5103
11952
13996
12349
2751
1522
9493
907
13713
7934
7975
11634
2071
10123
10034
6672
16243
4619
13872
7222
217
5178
6057
6526
799
432
11831
7493
8114
4989
11133
4171
10653
12619
5953
15328
7714
4702
2142
12161
11327
11617
6182
15769
8219
5924
9109
1771
11648
34
10195
11291
12677
10134
10136
3746
2210
1798
4112
2848
1136
15197
15121
7547
12395
12462
11071
7155
5552
7532
1165
15549
12537
9090
3833
5217
5601
3263
10355
8422
14143
5377
13146
16745
4438
8277
7264
3434
149
12330
7132
13159
4228
10795
5
11570
12106
9681
14250
15673
13633
10885
14826
6344
9297
12431
3566
28
12669
9505
3061
12853
15182
14438
14236
5600
5521
1252
14122
9498
15782
16318
6184
12626
12211
5677
4640
9490
12742
14380
8014
4489
10326
14697
2038
6394
8214
9198
6662
1380
10352
4216
13546
5626
8250
16838
7576
2183
14269
634
3918
11273
15498
16563
594
6535
12863
7437
16075
8734
12847
120
10161
9205
6013
10560
2571
12833
2027
2547
9785
3549
8002
16610
16505
6852
7406
12596
13445
9212
12826
2542
13363
13433
4033
6329
3001
921
8626
11208
11190
13883
7297
10179
1741
14713
11762
4103
16855
1968
26
13779
7933
4700
2857
5210
7950
16847
12783
16630
5736
12510
9730
16510
556
2317
2427
4238
7767
4794
12585
12575
12971
7992
9373
14223
6906
10236
8912
1837
5775
16076
16904
14425
9415
12453
10517
9659
8292
3060
1397
10563
10993
8511
3844
9442
9180
12934
9195
17012
1850
16889
15709
5098
8761
9556
8625
9649
16698
12238
1200
9926
7091
1385
9551
10630
9124
3838
9037
2620
16747
13674
15485
3293
15990
7282
14155
5410
2855
14258
10982
3046
7942
12965
14186
2253
12562
15089
1917
5547
2524
14771
5730
139
3745
9271
9106
7536
3282
14653
1962
14167
11494
3795
13571
13358
8831
6812
13935
9625
15998
206
13074
13758
10728
15574
12381
4643
17015
14010
10274
12062
3843
10539
10372
11581
14997
12028
14205
2472
6569
425
16429
1949
11811
4226
10209
9883
7692
2847
11692
3220
3226
6126
13462
11899
4244
5962
14390
1473
2782
8264
12756
10130
9388
8884
15883
2360
507
662
14216
13662
7586
904
6031
5380
7594
10008
6731
4059
3235
3376
4935
13474
10055
9446
3465
10930
13498
5658
10402
2664
12574
2012
11267
10962
3347
12435
8989
16707
8071
3646
6938
4792
14313
5840
2914
12628
1972
6518
2245
7070
14613
3361
4850
5439
191
16798
13029
4566
5673
3405
13106
16975
3633
12667
12016
6278
6170
7766
13027
12152
8955
6559
3218
4001
12593
490
4095
16912
15604
12250
2665
15715
6537
10867
4631
12105
10096
14982
12192
15801
1848
2954
5949
12769
8932
10834
12926
8731
3862
666
3971
1001
5157
2653
13916
6377
15066
11099
11350
16843
14434
6888
14170
15616
15309
9524
16547
13963
350
4480
4995
16472
10674
11886
7330
8152
1974
12501
14842
14245
15800
13175
3135
5234
8594
128
829
633
112
2583
11346
4218
909
572
3077
4110
4047
8221
6143
6538
7204
13132
9398
5283
16159
6471
8419
11103
7342
4543
15484
5412
1894
11478
13280
8751
2608
5034
12335
3450
16166
11220
1580
13822
5468
15067
5912
3521
15541
209
5870
6334
9780
9838
16628
9413
3561
16485
2206
2814
51
13762
7823
11101
5777
15517
651
5350
7593
4906
13167
179
9063
5274
7822
5613
2864
15142
7066
8525
11339
12576
698
15448
16754
5857
9501
10564
12146
5043
10676
16099
9387
10664
1371
8373
11253
13913
1901
6074
3448
13199
13138
32
5965
11778
15023
2732
932
7505
10022
15259
15945
15148
14874
6477
277
3793
16160
972
9644
285
1193
11134
3599
10889
12157
1095
6742
6972
12268
4903
10477
9803
10495
16332
4
4286
16292
5917
8749
13177
11377
5571
5807
399
14729
7324
9954
12481
7637
3173
13150
300
4352
529
4439
548
11243
14574
11187
15220
5318
4762
13335
6594
12902
6513
1790
9236
8702
543
5625
10241
1132
14469
16676
6398
7883
12001
721
11596
7439
4150
4408
2820
13969
4769
7219
17023
14480
2747
14078
10343
13192
8577
855
8425
8601
6958
7719
12594
16586
10149
3851
10610
4692
15750
9042
12379
838
12831
1937
2661
14050
15881
16825
15703
6487
1077
14000
12163
3087
15981
12060
14169
8224
14462
4294
13265
15666
11251
12418
11087
2355
688
10847
8475
3353
4756
1989
5455
6993
15445
7972
11105
9970
12543
11876
7890
1861
4748
6534
6975
6634
3108
15856
178
13108
9251
883
8253
14233
11513
6265
1562
12465
3765
5907
10094
15238
3704
11746
15668
2752
5981
7589
6282
8905
11562
2053
10494
2957
13368
13116
15659
8501
2294
14794
15396
13826
12213
2860
3766
11994
12443
11642
4821
13279
10645
14325
6045
12329
469
1410
7498
13416
15460
4855
7694
15805
5003
7842
14749
11085
1645
15420
11442
8645
4365
7388
8854
3129
8677
9837
11671
3469
7562
1376
15706
5744
16484
3014
234
14776
7122
15657
2527
9397
2345
1918
461
3699
606
16029
13064
14812
5617
6787
1086
5758
1232
4852
10887
14639
9052
8933
9844
12509
14259
15612
6863
1196
14478
8712
1221
7220
9368
10894
2051
12994
4575
13912
12882
10789
13198
3991
865
11894
6385
7374
5424
5255
1931
6103
4173
9161
16328
7627
6476
9079
8811
7626
9176
7926
14929
912
708
8877
943
10565
6531
11993
5052
12657
16184
10852
1759
1953
8067
6969
4605
5561
815
2617
14213
1126
10753
789
11361
13623
16770
16354
6035
13514
16290
3813
15040
13268
3442
901
1731
1143
13567
10582
2613
16093
4134
9098
14154
10358
6354
7373
1619
11668
1022
2390
13302
1073
4055
5933
10679
3852
3318
12560
8025
15386
9986
11690
1413
16150
9514
4698
11932
14785
4826
177
12764
429
11748
11633
5193
12312
16700
11422
6960
13793
3404
2711
11001
1162
10263
12207
7068
14621
11500
15138
6044
7395
8755
265
12903
16668
4424
9299
14007
3165
11114
1762
4081
16049
15638
14598
7454
14295
2284
3172
10558
11382
3543
2992
1872
7150
6116
11577
11934
16451
50
6178
4423
14685
520
2193
11252
11969
193
1287
6642
6659
16069
6793
11887
16898
14244
10917
11622
2559
7509
4921
16078
1711
9310
7258
13077
11971
13419
1699
11052
2033
5691
3784
11794
9991
4767
8484
11982
15248
10108
7393
11677
10919
4848
248
12216
2795
16136
1208
5517
2749
3385
1361
16446
10246
3711
6468
5844
16342
822
1858
2699
1877
14134
9178
4011
15623
4713
4367
16656
2610
1995
1765
1088
12793
9663
4202
5991
2530
9256
14310
9003
97
6005
7741
13681
15819
6296
14098
258
3823
4582
7063
5232
7355
11269
3623
5738
10489
8987
11400
3321
3332
405
14350
4515
1551
3096
13911
2731
14782
15032
4224
14308
5055
11262
6560
1523
10308
3492
5726
15361
6235
10020
15684
12181
8747
481
5019
12190
11165
2872
6061
3572
3592
14930
3438
11509
2686
11897
2587
8500
1210
10393
15256
14291
9423
941
11701
4072
5573
9719
12299
11801
1292
11615
819
13939
14315
11004
8664
2538
2622
7303
11386
10603
12448
10924
11024
3506
1172
2005
8319
10585
15037
6990
12145
1057
12319
16458
16543
10953
15024
5596
15374
3097
15761
6767
15663
15183
12536
7859
13866
13223
13611
16957
14757
7341
8149
7123
5135
11584
6880
4187
14913
16388
2549
11814
8901
15552
3999
4422
8046
2280
10934
15626
16059
9226
11031
11837
17000
3801
13225
15555
5700
3950
111
6581
7763
16307
1101
2755
3753
12494
10258
7729
9745
11239
3207
16554
16702
3597
3344
2251
2513
4097
1203
15433
11869
12179
16330
10414
6761
13962
15198
7878
9538
4314
9558
16515
10780
12755
14177
7097
12095
1282
6589
4856
14199
400
949
13079
8863
1669
5005
11520
3998
8679
12073
16507
15794
5505
7967
13877
4660
15754
5881
14162
11603
3481
16767
6418
14751
7007
15978
9431
9932
2605
3039
7638
14087
11284
3590
407
10977
8537
15793
622
13436
5059
10526
1127
5030
4315
16835
11845
8739
16925
15442
11411
6055
7733
9429
13506
2465
4863
1564
15500
8058
3695
3418
14174
8410
1843
12058
311
1382
83
16872
1667
13134
10455
2393
9272
16288
4482
6380
15239
12065
15749
8613
13254
9963
11106
8213
4461
2440
8053
5886
626
6402
12236
16212
6568
4279
4190
4328
462
7725
8450
6797
1899
10891
4972
9843
16637
14036
11655
4591
11595
16400
2823
9893
6195
12264
2667
10243
15076
194
2562
16573
8697
15348
6780
1464
6358
13330
6094
6771
2685
16790
7002
5341
15501
10903
6049
13482
14708
4479
9746
9946
6404
15073
9053
3153
3908
1892
9820
817
7863
9585
7049
8750
10135
8634
14623
2424
11944
5128
8093
1749
6721
1259
13894
4555
10289
15840
10320
12275
5022
678
11215
15787
6791
6816
10643
1230
414
15321
6266
13497
8604
12015
6636
2650
8852
10174
1575
15287
2061
4741
3513
11938
1079
342
6862
16686
16473
9687
10809
157
2124
1472
16503
9755
9612
11559
1809
10551
568
3103
1934
1846
16815
5134
5841
15651
3799
5506
14863
13958
5476
7642
16626
6217
8993
16228
15540
2087
12479
641
14367
13017
4853
16856
10142
7196
1140
6445
6974
4123
1490
11342
8363
5904
13168
10940
10371
13130
13245
8394
16486
12296
1806
5765
6416
12203
10722
212
569
260
13777
14278
13683
4347
5348
7783
9319
10334
6369
8458
16382
8020
14774
15474
16634
12392
5915
11344
10159
11427
10578
12483
11341
4812
1668
9897
1470
12982
5636
9438
9168
440
14473
9453
14712
13885
16448
15650
3643
1430
13494
10875
6628
15734
8070
6710
6146
13235
10015
14606
12949
14189
5535
6741
2043
8927
8799
12126
1465
6500
7606
11566
11434
3591
761
6145
8699
16567
3372
2669
4174
10824
12093
14937
222
7053
13105
14807
5387
16974
2083
7255
4214
14535
8220
11669
2448
13766
16743
14917
14750
5280
12748
8754
15371
3554
2779
5543
15839
5061
16258
10713
13447
16712
14854
1910
403
7452
4992
9575
4131
2145
9988
9273
3662
4790
893
8822
6607
11191
84
8944
14410
5314
9622
5913
15743
7312
10085
377
9160
5608
11646
10075
7071
220
1847
2047
8526
4003
14870
2887
10509
7385
6939
2913
12771
13413
11788
9531
7773
10519
4710
8045
11758
14046
10729
1370
4663
13021
2723
4380
4779
15231
9615
10138
10687
7419
1129
9419
6652
3733
14267
13734
9225
3504
4361
4686
9315
8970
2830
13785
16265
10394
12317
9043
12741
15337
1496
5221
4704
3095
11589
129
9023
12860
3257
2516
16327
14990
3757
5285
1122
14348
15093
10385
15357
8915
14352
15505
4592
13414
16112
13196
2533
9309
7959
282
13317
15213
15891
16223
11430
14035
14652
7028
10063
15745
1391
10044
2806
12605
8183
9031
11542
5072
14021
2181
10272
5021
1191
1307
494
3464
1800
8156
2421
14064
6694
45
7029
2439
9770
7553
15007
13893
131
12090
15312
9815
2263
7362
13886
8238
14257
9513
3751
11416
4407
15416
3785
5161
2195
15358
11767
64
1646
16255
11162
9898
3892
2861
5611
10026
16072
12116
6448
1829
14123
4513
1113
16208
3276
15335
7684
6909
8866
9427
5167
6708
13464
7238
16604
12066
12623
4197
4808
9655
7074
2506
14052
15533
15385
13952
2931
14487
16734
14993
15029
6633
6549
7936
2735
2579
5404
1255
3990
5031
2338
5562
4015
1284
62
558
15028
11475
3462
1816
6000
1348
14247
7864
7379
9601
4180
5414
12694
16861
9173
14745
13733
13510
4870
10018
13263
2371
6519
5107
4126
1788
3958
4608
7225
11219
10939
6169
914
2212
505
13516
3501
11367
9155
11488
3514
4881
6998
9186
4114
3275
8678
15389
7907
14766
13387
14823
1373
7732
7979
15143
5762
715
11947
7538
4633
10127
8314
15366
7529
4169
10317
6475
4445
4125
4448
16622
9859
2899
10822
13936
2430
3403
1018
3175
1238
8459
14284
13537
7619
4801
12972
5815
12842
8016
5317
14877
2086
5349
8272
12185
6113
7620
1977
11985
6966
16281
4757
16274
5783
10720
15025
8576
10807
10333
7651
4334
11527
4511
367
8512
9075
11541
4522
9691
2273
16605
12092
5088
16420
15572
6962
12871
2943
2890
3030
7085
11571
7447
2495
16064
1372
686
14626
1197
4165
3606
12662
3419
10761
10101
3230
1076
2809
331
14015
10562
2504
14881
5094
4634
13538
14449
11094
6861
13499
15705
5997
4208
2947
9864
3212
7174
11874
10760
12369
1436
4027
3155
8835
12877
11022
6512
38
4443
5867
3553
4530
7119
3075
14904
4374
13238
14816
9683
7075
4217
87
15636
16392
5120
4163
5106
5531
12030
16348
8371
108
3116
14140
4437
11893
13574
4092
9350
3721
13586
8267
3083
1622
10269
1034
14048
1304
12885
1487
3124
9813
4276
6988
11381
9917
140
11916
16607
7455
5231
12985
3392
5755
14424
12621
12538
499
9784
12353
11115
12904
10839
13841
8805
696
13677
5846
704
14023
5766
4304
5645
16625
12428
13774
1324
2426
1565
15123
15486
9906
15908
14176
5075
15187
5256
14262
1367
10346
3788
5654
2293
13692
3936
16558
8270
12120
6553
14582
10925
625
15838
12663
13495
6435
1811
13721
9466
341
4955
14672
6099
4495
11097
2160
9081
4320
1839
6197
9035
3810
8919
9702
8348
4531
8496
6491
4594
16414
11987
5320
4836
6576
10240
7448
3824
3296
1530
2600
7675
9136
7413
11530
9460
1094
4042
7660
9093
4453
840
7569
3747
9882
1702
888
6028
1431
14585
8291
2829
6187
5692
13631
1333
8777
14433
15230
13583
12103
946
4715
2553
8997
7084
1813
14314
204
6656
5984
9436
7465
5446
12257
15591
17005
15289
16491
10294
7072
13786
7567
8186
15748
12552
10995
2696
14727
9765
13375
13151
14720
10423
8920
610
13205
13558
9805
5083
7800
3675
14984
6967
16248
14025
3878
1097
7317
10546
7398
12258
12702
1347
1970
14128
12005
14459
14576
8399
4729
13764
11435
13036
6156
16646
4665
7929
2030
6901
10405
2383
12084
4627
15264
5985
8858
16057
6059
6808
10880
8004
6848
12391
6227
6283
3079
16940
5569
12922
1852
729
11153
7147
9860
5257
7415
1505
3299
9570
15280
13991
3306
14183
15765
5926
5704
12469
12148
3440
12043
6759
4231
2791
7552
2908
9327
14096
10622
12259
16556
14039
16550
8851
12327
6390
10872
2873
8566
5863
6070
1056
13365
5649
11555
5471
2089
2941
10027
7632
10738
14765
2826
2625
733
8695
1703
12457
3782
11286
9204
13431
1535
10376
11303
9835
549
1274
9515
7761
1043
9499
8465
12000
961
1402
8611
6910
7250
11120
10103
788
4618
5753
496
16285
13185
826
6844
4718
5038
16943
16487
9277
4082
1730
3037
9993
16192
3534
7120
13976
3349
8681
1445
250
11347
9646
777
11155
10573
12508
6696
274
528
16017
1930
14114
6952
10694
15311
15589
11759
7248
4127
420
3059
8530
4546
15363
12362
7754
16596
8362
13923
4520
2870
7870
9816
12752
15912
13843
10401
14832
5853
4054
11572
9055
15900
14531
6139
4474
3691
1802
15418
15956
15000
6828
10990
7917
9572
4891
10379
3033
3535
6516
5836
4366
15721
16728
10016
1156
7784
4024
5869
7896
13261
14575
6083
15137
13725
11610
4292
9611
9566
7544
12022
10146
3100
11583
8102
12210
10079
5493
16440
512
1897
11160
8028
4703
5804
15755
10166
15468
4793
4975
15318
3068
15773
8889
14340
14022
7410
2971
5773
14656
445
16905
7994
12328
15117
944
1159
3609
3255
9913
3601
13515
7880
10137
14062
2227
13904
2339
9846
12147
10282
12414
16520
11278
7057
5467
15402
15993
2763
10005
1257
11064
2548
12197
16784
5549
9414
181
8810
1455
9262
6916
10399
12091
13488
7609
73
16128
1770
13129
4080
6550
12182
7484
7877
12079
1015
5197
4776
13570
10684
3600
3182
14191
14471
9787
47
697
16536
7786
1590
1512
12921
1764
3277
8166
6410
3879
7828
10010
5666
14104
12875
14731
16980
5001
4462
4425
16962
6327
14994
4491
750
6304
504
10921
10078
16444
11154
7839
2534
14799
5746
16008
9668
14456
6413
13924
9022
1492
10730
15031
5827
13812
4954
9605
7592
5359
16911
14173
7273
11624
7136
14382
11674
5749
9203
95
8962
2838
15170
6021
8968
7902
915
9175
6506
205
316
12191
13811
2627
1120
4953
12320
15814
5432
7689
11928
9018
5802
3718
12186
7208
16256
13181
9260
609
6726
10980
14899
9227
17019
15928
15631
9717
1712
14517
11234
3422
1513
3985
12380
16986
16736
6618
8434
2374
1723
3407
1426
3369
3145
5203
839
1648
13680
6297
11815
15296
9762
1261
15550
7175
14601
740
13540
2858
8696
12945
1751
6685
9629
9434
9289
7259
12653
11918
14121
5901
15578
12177
12231
2105
1339
3805
10004
4137
118
15584
13028
15240
14105
16240
6825
4100
11640
8899
12781
11410
10705
9639
14562
226
15857
2292
5159
2403
9850
5398
11051
4458
13980
13710
10374
5205
10347
14951
2906
16001
13294
8462
13163
14552
7771
2017
3193
16877
8447
1066
16526
67
4413
7145
13673
12726
5236
11862
3225
16291
6703
14364
14858
15470
3034
9210
13937
1527
10091
11308
6878
6733
11849
7527
7726
5891
16254
4349
4006
530
12661
3028
1337
16073
10180
12798
2353
13589
7291
2085
3676
4534
12774
3756
16341
2399
10197
6258
9110
6736
1246
7010
11863
10742
7475
13878
13407
7323
2257
4578
2139
13775
1092
3223
2488
522
4897
6359
8456
11431
1220
9678
5045
10107
1644
13056
15152
3167
5366
8374
15849
16689
15874
7587
11433
7682
8641
12577
13661
15991
255
12800
7993
13176
6135
7087
9996
6228
2708
14138
5458
16833
14400
3562
6937
15781
13343
10296
16869
10110
3934
10898
15947
13213
14687
8888
10105
4811
8843
3552
7830
4908
10932
1366
3680
9167
453
14224
9380
10249
5701
13080
720
8661
14193
1566
10
12528
5484
2628
15373
16935
14084
3010
1984
9285
2734
8945
2001
12455
5249
13115
7149
4370
13211
9959
5400
2927
15333
10071
15200
1412
2237
6346
9293
15458
16158
9295
7154
1048
10172
6674
5630
15841
16335
11368
8876
13391
9561
14178
15221
7348
10190
3166
10615
11842
16047
15948
8247
14572
10126
5017
12785
560
595
12470
12750
12370
6267
13863
8895
2007
6117
14583
12070
14841
3710
2590
1542
7326
7102
5227
15472
4902
16996
13050
14813
12889
14980
6565
813
8675
14201
2282
7298
997
383
8914
3585
15002
366
2187
12170
14416
7848
999
11898
3459
7944
7159
16389
4554
10461
2283
12083
5848
1147
10965
11926
1363
12012
10324
14501
1475
4528
15725
15149
6232
12310
14329
11670
16183
4998
4435
2668
955
10751
12617
8773
13615
5284
10767
7810
4063
12837
16829
16402
15547
243
933
7663
13739
12403
10441
13360
3873
984
9627
12987
6063
7922
5671
4968
4590
13095
3791
10304
14102
14013
11491
14873
2048
2813
7
13643
16740
8510
3139
11561
4788
13377
14489
5657
2433
12978
7946
3979
8144
16763
1060
6874
2833
15092
10208
15806
4181
9858
12113
998
13804
3559
1906
7444
14073
13860
11631
11256
6794
7023
1294
14977
13376
13406
4397
11991
8327
7227
8323
1774
8745
6601
8370
7245
5778
25
9265
11462
11710
15736
9219
12908
11037
16344
7197
14086
9
7221
2376
9122
2672
7403
3031
16185
1169
7397
13747
16936
5326
16971
14651
16717
3431
12773
13585
2647
11585
8864
6945
5498
4265
13892
8252
9748
11799
9645
4777
12797
922
11470
10726
9594
10167
2892
4146
6467
7016
11986
9218
7262
4268
3138
1451
1677
775
8515
13808
15405
9671
7192
12776
10507
13388
9282
2274
7775
15299
7894
16575
10915
10532
10612
5174
10854
16339
12746
13428
3828
7889
1928
13101
12228
8392
566
9152
2561
9866
10812
10173
9915
3525
2481
7496
1925
4280
4240
9451
14744
6818
15113
10633
5396
8620
14077
13626
6332
16018
12288
10970
5171
3420
13666
1563
15910
6821
9868
13660
6183
3866
3994
7353
13772
12364
12523
16405
6050
10467
12137
2525
11719
3722
4109
6447
15553
11495
3830
8143
304
1317
11148
6261
6140
1047
6779
15063
8170
15062
13085
10548
11705
13104
2116
305
5413
2819
1975
12673
11861
13275
10987
5567
9885
5351
2585
14809
4799
16931
6810
8490
8074
9033
13194
16445
16270
3009
16213
12366
6907
15727
7472
14865
5029
16326
13925
13825
12646
11242
6286
16214
13396
1544
6132
13496
2993
2154
2707
8075
3616
5945
11766
2518
13476
6089
13944
8796
330
368
2670
14498
10117
936
9894
4933
11398
15925
13835
7095
10608
11041
5564
3040
10502
15864
8008
15570
3564
10710
5681
1577
14739
11689
6078
3927
652
1025
12788
12890
14518
1659
2008
4984
13738
8706
11077
9019
16658
3156
10516
6890
3105
3036
4371
1534
10596
12675
4056
1525
15669
7602
2141
15044
9249
302
14563
6403
12924
16412
1993
16537
4476
16640
12808
9675
6223
63
15101
1330
16632
5799
12406
976
7421
2793
7702
11965
571
9232
3738
13392
6784
3181
15054
5539
2163
4877
5723
8660
477
6597
11927
14116
16034
16250
8572
7161
200
8567
9839
9944
9777
15890
11667
13402
15272
14735
16513
1155
12167
8079
4298
9553
12332
6713
1781
10070
13297
1556
5522
15741
12825
4758
519
13730
1693
14856
812
2401
10510
4701
6486
1186
7215
10505
7742
9096
8268
2811
6016
13087
3839
14964
16317
13236
8218
10459
4402
14700
12854
12486
11909
1245
4227
2654
1594
8727
1195
11707
7999
15227
13598
5656
12176
10341
6768
724
12401
16482
11844
14714
13148
9723
13408
9819
1393
10936
5109
7508
16415
4243
7357
7178
15777
8971
4746
14206
7812
9174
13717
9188
11910
8211
2974
5647
8315
4029
3056
15409
4206
9546
5973
6493
5702
12199
6326
5606
15938
9171
12930
5986
16187
12094
9040
2783
12652
2436
3286
5624
1874
14864
1407
1655
14474
3356
8428
6571
3933
4614
978
3984
10566
13003
6002
16194
5764
4363
10719
15688
8246
11185
10947
9554
14011
4162
1924
12101
748
1364
10842
539
11180
16600
7984
3141
119
13336
2082
348
7521
2602
5509
7030
450
12603
2827
5752
16560
7522
15502
12298
15155
9221
2018
4322
12059
9879
3150
