543
16450
5278
12134
4713
16175
4238
4861
12120
5713
3600
12617
8797
14959
16762
4002
5348
2816
2646
6309
1442
164
4413
15472
10569
2270
15123
9039
1491
2108
16696
16473
8579
4159
9990
7033
12196
12088
5387
12615
8396
3879
14348
6926
11262
4242
11687
4096
13723
8667
1882
15603
1736
13462
12037
3710
4610
9011
10992
10524
5483
13050
7575
3564
1374
5557
14307
14503
11184
10287
7009
8368
10443
4632
3000
7376
11509
6880
7647
2080
3581
6833
1466
8746
12197
6857
6472
11444
11289
11167
3251
15061
1334
13512
1684
12960
16905
8329
7582
15531
16303
756
16197
16652
13299
8464
69
12334
4098
13423
13603
5476
3116
5307
7290
1586
8338
2972
9304
1021
2882
4685
4798
7594
16145
11471
6192
13435
8627
15734
2079
1056
6628
1541
9315
2529
7384
13933
13402
9097
8656
3862
5195
8520
13567
13955
11629
13976
8517
10517
5820
884
14494
16503
2579
2749
3784
9627
13814
10409
5107
1073
7630
183
10868
12786
14151
1494
12894
15300
16255
3488
7531
16418
3120
801
16975
12425
12504
4707
15967
791
16214
507
7610
4695
1999
4875
6708
14933
14516
15471
7213
12625
5849
6494
11601
811
4558
676
15439
9225
7123
7996
10010
1922
4515
14675
584
6573
7151
589
2998
8650
334
3100
12808
10337
2883
6593
11516
223
3616
7352
11340
10003
6045
5359
5376
13122
16056
6634
3828
13611
13925
7061
11256
9255
14445
2274
10576
14207
838
15357
14110
10770
3107
14292
17007
12817
7685
11282
1050
7469
1386
14335
16497
4803
14761
13633
14186
15198
15001
1871
616
6330
6920
4966
11656
1655
8896
12991
15786
13080
4524
8500
6170
8277
12069
1107
13798
4166
11802
13717
14851
753
5780
3053
5806
15058
9738
15942
8404
11134
697
10606
9400
3342
4608
4741
12412
2814
7732
5
1105
6397
16619
11707
8946
8764
12913
495
14599
49
13815
15788
5627
297
7910
936
3721
14548
8906
1925
1522
11767
16600
10355
10919
14090
16054
13467
5189
14759
2742
6462
5822
1598
160
4659
5246
7781
9487
4672
382
12121
11870
6340
2867
11796
2116
1328
6470
16771
6840
7980
14380
7242
14785
2091
21
1659
11213
15387
8715
15860
13794
5869
6484
99
10376
11542
7992
12733
11035
16159
15304
13837
4011
1436
11966
7311
6265
3012
12555
3014
5759
16030
8854
13590
5109
9187
16512
8354
5569
16819
14869
6454
12841
9366
2850
8885
10730
15267
7402
2136
16459
4
15403
16802
16746
12906
7198
6997
2040
9991
1389
16267
15681
10177
5971
5665
1467
4872
16982
3098
5045
16254
5558
2070
11736
11274
8061
7583
2416
138
2801
8381
15867
9906
3313
9574
11028
8783
529
9303
7374
4917
148
9256
13463
2401
15643
4689
6125
1036
10937
10441
14905
683
3697
12747
8922
1897
10877
13078
15349
623
4445
16404
739
6575
6058
1495
14903
3080
7748
1208
774
6151
9725
13577
9975
8522
4465
14771
15644
10428
8631
1016
7336
1616
9698
2463
7704
1121
1294
13133
16581
7964
13804
6967
5034
14784
780
6414
2950
3199
13968
9408
6294
6774
12345
165
8872
15269
8817
2719
7933
6352
10179
3962
1048
15792
14206
11232
16306
5232
1927
15758
5491
15226
1464
7316
13246
9957
16757
15982
1714
3575
5800
3956
7244
5897
14924
11579
5028
15645
15642
10520
12247
4999
14961
8244
4316
6809
12509
16102
2446
17018
10767
2513
9842
4740
7280
4105
554
313
6097
1313
2462
12212
5754
6518
15041
5992
8936
1524
8108
11421
14209
13765
3590
15010
7456
15062
8402
13986
8183
12825
10050
2029
2619
4831
2028
10121
10972
14550
14971
1952
1075
6921
8486
1834
14814
12024
9371
11620
4489
632
1343
360
11936
8095
13312
12666
13387
13540
2353
16228
2610
15731
5711
9051
9059
3722
4031
14672
1638
7913
5686
11371
16240
4068
10334
11958
2486
13953
13538
7650
16241
9621
14333
11764
4156
10046
6090
7745
12303
14944
3131
8233
2160
16893
1417
11451
4330
13626
13978
2205
13434
16110
14213
1994
4216
1454
15945
4357
3130
2888
7539
9334
15087
6597
513
10738
15856
9657
9008
1972
13231
7495
2953
10017
16821
16335
306
11288
7140
8301
4600
6898
988
9084
11713
6145
1259
2995
8007
15509
12262
6858
14223
14136
3937
400
10139
1077
3739
11969
7027
2691
1248
11215
9410
16972
12079
7102
2063
11737
3086
5997
10248
5936
10299
1344
5691
1536
2847
8029
194
11648
10522
16536
3458
16768
7645
6086
15620
7897
10857
13088
1229
105
4535
3771
13893
15415
56
8844
7141
12543
8345
5870
9495
12379
2534
12016
15919
5762
6943
10458
1921
3196
14904
7577
5589
220
8556
14687
15625
12976
4725
6296
13025
7659
5679
747
9405
6208
6326
12657
14338
10826
12260
3619
16014
8042
15592
11118
221
12525
10306
2755
7642
10749
4805
15361
8039
14084
2810
2318
1949
213
12101
2907
15120
1057
273
7131
1688
1247
1245
15522
8425
3562
14934
12001
5604
10322
4016
14040
13508
975
8573
13511
7516
3202
15530
16909
4832
7835
13732
7619
5187
16551
13237
16705
15564
7836
6225
9351
9246
9070
6403
6682
10976
4973
1832
8605
11846
1883
672
11917
8493
5549
4787
118
3176
7924
3256
5252
195
1076
3669
15285
5172
640
3205
16138
11933
13249
6537
4279
7462
3746
12910
7413
10624
866
1037
3958
2481
16230
504
6489
13643
15686
773
8127
11389
7192
9618
6767
13454
12602
3651
12032
10664
3321
12884
7795
4050
8165
16427
15660
13833
3406
13365
11644
14590
15306
10313
2927
13661
8156
1373
11625
9644
10230
6080
10991
978
15163
15139
15159
1192
8528
6690
4609
11055
1861
14057
7914
1126
15664
11222
15228
5942
908
9493
14174
13143
3586
5191
14188
1741
4008
12709
4175
10887
15507
7401
7416
3468
2979
2119
10434
3913
10692
677
705
8288
10240
9189
8043
3541
8845
16968
4615
11705
2187
9555
12806
5413
4776
12044
6671
84
8823
8642
6612
1505
4963
2600
3750
12645
4089
16788
11942
14405
3327
4478
7791
7605
391
7890
11866
16161
13676
11017
5096
15617
2751
1649
16747
6122
6116
13357
8808
6406
15158
7438
15613
8370
4699
17009
10751
5975
8720
1547
5064
1804
7692
5576
14689
7118
9542
9839
9464
2970
11031
1233
14603
2385
2155
2302
5212
6722
10283
5765
2973
13793
13473
11427
971
2989
4858
4317
15055
2627
3021
5748
3853
10462
4549
5442
9468
5922
7719
16611
4821
12461
11508
6669
4719
3305
2963
13503
13774
12418
10616
1760
14809
8261
4817
6877
14092
10214
4018
5602
3666
3863
16906
2472
2135
5615
4810
92
14636
848
16380
16200
909
11550
12414
12916
16327
6238
9414
13712
13277
12793
2634
12818
12299
14039
2598
1065
6845
10209
4839
2986
15836
13646
13104
16291
10450
17014
6721
16727
1251
10880
2261
9465
12803
2718
10259
5952
15063
7915
3572
1085
2905
2741
2831
11597
7050
670
15653
12889
2456
2616
2554
1340
11194
13707
3167
8384
13768
9073
6819
14164
6606
12096
6030
8
3207
12670
5471
6034
12394
15086
7371
16524
5140
1410
7694
10622
12065
716
8255
16132
698
4537
6813
15798
12777
8725
16859
16111
2552
13869
1136
7905
1615
7547
7322
5386
5999
14204
10840
5147
1457
2631
163
14419
14325
546
4194
13615
1712
2052
6175
7786
6431
4087
5664
11564
5620
970
8260
6452
6486
8901
3639
2592
2030
626
16886
11605
9872
10801
13868
1538
9582
9439
8077
4512
3878
5227
16800
1393
446
3824
11368
11020
14357
7271
16258
5626
601
13935
4386
5525
11462
11070
11407
9718
5093
4090
6968
12680
3621
8424
962
9506
14199
10704
12546
5551
13232
7283
8894
16572
2301
2689
16406
16879
2103
5888
8840
4918
14489
4168
2878
4844
16889
12503
8471
16867
16227
13621
957
2938
14896
16063
8450
15991
10227
7114
5963
16428
16630
9885
11301
14197
15076
9127
5054
4554
7025
12830
13736
4920
1720
12656
12977
13846
11014
7722
16951
8397
2168
15648
6457
8164
1149
15996
5043
10154
172
4460
4384
5920
5547
10358
880
6010
15605
8184
6081
596
14914
15392
13641
13983
14989
15559
6871
16967
3954
10644
6730
6393
9478
2851
8227
11994
114
14565
6078
881
14129
6652
11468
5357
15783
10406
3057
9355
15030
355
11291
6665
10480
16607
13999
13901
15814
13336
12671
10060
8291
3166
293
14163
3791
10239
5841
10123
7331
10785
16644
921
6126
1480
12882
9162
8045
1800
8993
14819
9066
4251
16068
3512
16552
15741
1141
5243
11455
2388
4693
16354
11496
6302
5805
2484
8892
9417
16981
15575
7108
5671
828
8273
2675
14133
8837
11794
1519
2339
10892
3296
1413
5565
6998
14144
4151
3692
12036
605
9455
3403
4296
7379
15083
1597
10757
4249
7840
3988
6773
13178
6637
10384
15281
5196
5967
11044
2389
3079
9397
2220
12113
7945
12652
14571
9560
15757
9131
3269
16836
10344
3189
12422
7771
9411
8537
13913
3085
7823
6388
16749
7250
6512
11419
1497
3450
8476
4933
8726
2935
9185
2253
9989
16359
925
1083
9232
14802
8831
5133
15803
16602
5938
4052
6806
8738
10323
7015
12877
2565
12789
535
10126
5079
15706
1425
4611
11572
14096
10682
557
14931
1785
361
10583
15128
6019
8677
5081
3486
15667
9382
6433
6538
1030
1138
55
4428
6692
5649
14832
2583
13386
12043
6569
5495
13440
10088
14597
7041
7828
12970
3525
15441
3404
15138
12467
4883
11172
13240
10169
15820
13744
2926
1711
10831
11445
9685
1985
2347
16681
4687
13055
8628
16622
12289
4315
9825
14501
9016
7196
6549
13330
5740
8182
10636
11308
435
4816
3396
15443
4113
1867
5065
15721
4808
3814
5591
485
11376
2340
16565
7329
3165
4205
11062
15172
4125
3693
15127
14017
12269
241
873
12026
15354
1338
8921
9188
3452
1161
7790
12373
13331
3247
10275
6499
425
7639
3195
13879
15432
16633
6117
6936
11494
5533
14954
10920
15910
11871
8532
10038
1108
10977
3546
865
13507
15200
9459
12354
12770
6361
14000
8034
8414
8829
16767
14293
3967
13272
10418
8999
14942
13334
14818
4243
5817
2661
5877
8330
10231
9374
16415
7005
6194
2003
7016
2213
6077
9447
8106
5742
12471
7465
10087
2006
6561
3375
10114
3091
7530
15492
9732
1486
4085
8052
1820
12912
176
6901
8011
6319
15799
16490
5845
15057
11581
11123
13826
8902
730
5795
12308
9402
9036
16901
11782
5300
11110
12187
10830
5272
13245
12707
4534
7
9159
12692
15955
389
5531
8369
13936
1134
2002
10463
12468
9541
1018
11771
1708
14709
10220
13848
14706
479
3520
7746
3678
11595
5895
1923
6969
10146
1272
9406
14300
12209
13746
2469
2156
16392
1689
16115
3807
2925
8353
14465
5864
663
7291
14025
617
10721
6044
9781
2057
8256
14006
4642
2841
2009
11977
12136
4256
14671
10549
11430
11510
6860
13032
11216
4869
3821
6320
7054
16657
14750
4866
12057
12226
5306
6102
10575
9778
6605
3210
5643
16522
13838
12972
11884
11633
6228
15862
6778
10764
2382
6850
10769
7751
3219
3326
16106
7585
10544
1051
13911
6250
13019
763
12092
16038
3928
9449
12945
10772
8239
4576
7448
14521
15916
12959
2158
59
12535
10134
15574
16704
5125
7055
3655
4009
11708
7857
14424
1966
2468
2733
4434
13338
16561
10869
3723
16093
4698
9090
10105
9633
3646
8145
6007
15890
3947
15775
4551
3191
12297
8283
14579
9594
5801
8350
10921
4337
5469
872
7380
8551
1040
10567
13193
8833
8146
621
16803
79
371
13339
15469
15350
10148
1548
2827
3938
10065
12179
249
1913
13786
16007
1652
2934
8492
16126
3951
7246
7682
12169
12856
6861
15067
13116
5949
8915
7199
10551
2946
10558
8997
832
2475
11138
365
1865
11584
343
15142
7691
13517
6281
1630
13910
15998
8564
8439
198
7444
459
15544
13576
1472
1477
1241
8405
7086
13545
7256
10213
8284
15423
7187
7506
225
11054
13165
6480
16750
8580
667
11806
15070
10133
16086
12142
16892
487
7382
4334
6317
10997
8709
8449
9820
11978
5253
6626
1232
2491
8607
10516
7395
15811
16984
10483
4289
13150
4461
9878
2805
7063
1264
16480
1404
8498
13827
7485
5917
12701
5773
9793
14724
6485
11947
11668
5417
1831
6300
14997
10850
16242
11102
3490
7797
1178
11204
2690
8974
4928
11163
6424
5157
6925
16231
13993
5131
16805
15583
11554
10987
1926
15219
8510
16942
1465
9372
13990
11413
9426
11924
2233
619
14890
5660
954
12217
13733
3995
16373
1182
4258
14296
8279
7770
2109
5647
2024
12013
13113
1918
16320
16179
16196
9376
16223
1284
12831
13734
13929
14324
8355
1246
5176
11714
7420
4760
8609
8626
6559
4022
3748
4996
12870
6707
8931
16403
10612
16439
14829
11817
14393
6881
642
4620
5594
5363
12375
3108
10802
7902
5148
13062
3896
7268
4990
12731
3497
13635
1406
12275
14716
3421
15378
13123
6948
2942
12886
5144
5011
5900
12899
13241
4769
15477
13900
3753
3484
11364
8357
2745
15974
2257
5101
8060
11010
3428
9869
9069
16658
16685
7648
12192
14616
11834
2081
5327
14572
2352
1826
10041
5464
1874
9530
4640
8477
8693
335
7520
8809
3513
1526
6792
15323
4261
15181
475
6474
9589
12745
917
14593
299
14160
12276
1139
8421
14513
8776
12633
5978
1636
9413
10528
10357
15156
8530
11979
10367
13691
5738
4425
2282
16463
6579
2455
14179
2683
13318
8805
14615
4120
6416
5153
4529
13026
11881
2050
15096
12782
608
7066
9979
9453
5704
12956
4737
2499
17021
1812
10109
10067
11302
3848
11591
3851
4949
16815
11587
4086
13907
15388
3584
12974
9512
10658
3200
2591
15413
12966
4893
13544
9026
16358
4348
11395
4960
9476
9141
14138
10717
182
496
9686
1145
6176
3260
4339
6780
72
7459
6231
33
8654
12699
3576
13719
650
8970
15347
10138
13721
6807
2975
1839
13445
7492
15626
10966
5238
1764
16881
12868
6040
15781
4498
13037
11664
13954
10599
11706
15719
4652
3940
1606
9332
2216
10130
856
15167
8303
869
2384
1842
1794
9871
4473
9415
5106
16491
95
3556
8054
1219
3840
9050
10970
12210
5714
862
11663
5165
12119
295
11768
14768
11018
6239
14845
9766
15177
15964
13020
270
5461
7143
1144
985
6875
4855
8347
2348
16409
2766
7702
8862
12704
8721
16744
14369
16840
15277
2358
10546
1975
14273
16089
12259
2517
3842
3963
12331
5545
15445
1835
61
10541
9696
11311
4415
11353
844
4988
5520
1761
6105
8542
11409
13379
4472
1520
14925
7637
10953
6919
15621
217
14395
5457
13269
3127
9170
1312
3875
1677
10072
14608
10697
1115
11685
16614
14646
11315
11052
6037
4867
13995
14402
3914
11224
12919
13084
3415
16642
340
2659
6477
6011
6635
6696
9316
13262
945
10158
14725
9375
9548
9801
12329
10537
2703
2676
12498
10825
976
1483
16434
11776
8714
5668
3508
1173
13521
4319
16756
8428
15034
14713
5965
2367
7180
13135
14504
11477
5267
10033
15201
16588
6258
7488
4112
13694
2430
13082
10518
12025
4154
4906
15907
7522
16902
12858
8462
1197
12667
4908
9521
16973
8959
3819
13829
6670
6028
15380
7326
3058
14642
10356
13284
15000
4311
6469
9700
15847
10999
3001
13349
11183
3173
16219
5098
13572
1005
16411
1992
12104
6567
7959
7410
10310
7261
10453
10799
3323
3292
14182
5511
3031
820
16347
1695
1099
12415
11853
9342
7999
15780
5555
3752
3306
2722
10077
11064
44
8392
15453
7381
7348
14448
15688
7389
12089
5556
216
3971
9012
15194
6533
12407
4254
1000
14181
9226
16141
12144
2188
13407
5281
14268
1578
3691
3276
1474
16097
4115
6739
643
9513
6764
6221
12908
544
14422
3040
3352
419
464
7826
4565
8519
15484
980
15825
14915
3653
7253
13500
1674
745
16698
10584
5248
16637
10631
14975
15722
2526
13972
5548
10668
13927
12926
12929
5815
1772
6678
9846
14497
4347
3482
3454
9203
15812
1427
14515
6161
8531
6006
8802
1086
6913
6243
2420
2595
2829
12880
7010
11759
243
15286
11914
10650
17011
14075
13965
15896
5512
5682
10380
12480
12776
2570
15358
6379
16423
12055
3448
15089
321
1376
15308
9307
2332
12446
6136
4919
16307
10809
16077
16887
7851
16486
15729
5220
16997
47
7741
3052
15672
3898
7580
9451
6836
433
14490
1532
5656
14254
16394
10615
7089
7351
9956
12690
1951
11561
10368
9638
5349
12307
9484
4106
13502
10027
3340
13731
4896
9800
16723
6144
9888
2563
5067
12474
6073
1872
14544
5124
7446
13217
16687
15148
16059
185
8138
7239
10438
16919
3356
6394
13119
6338
14200
3325
9557
9267
11027
3941
14310
5094
2933
107
4160
5035
15486
14446
10858
7923
6466
3229
4543
5362
13764
12158
11263
572
3582
1278
12964
2964
7335
3658
8243
5205
8274
2391
2224
1515
14473
5438
5933
9108
388
3304
11651
14742
2380
9606
4067
9677
5983
5741
1943
12349
14806
16830
10817
16031
8920
5851
6141
15866
10029
13148
13141
5908
10180
15918
15889
6202
11684
3923
8939
10886
1354
9522
13169
5380
5204
14786
259
13880
823
13844
8919
315
6139
15366
14146
1319
4692
2415
5122
16376
3780
12734
938
4305
15365
8952
11961
15334
9401
3681
8565
5285
11893
5586
14345
4286
1751
9552
14061
9624
3668
4173
13855
2684
12263
10253
16799
7951
6381
6911
8114
5048
12323
14390
9479
122
14252
13673
368
13519
5540
7359
8000
9044
14913
12483
7524
63
17012
6624
1387
14087
1437
8527
4712
11090
682
14104
15313
10928
6849
8570
12310
8593
15271
3036
1196
6475
3965
1554
13686
12549
8687
3432
5182
3170
10703
7779
4704
3475
5685
597
1625
4379
4910
5937
6768
13313
1087
375
2007
951
13588
1631
2723
12296
4553
4198
2033
10183
10204
14321
7003
16728
1452
4756
12797
7007
6382
5863
5606
8434
9183
7545
989
2992
15422
11534
4444
5299
3051
11812
2396
4257
7676
8005
14837
3467
9954
7900
3489
15090
10788
11606
2936
14978
13376
11425
13843
12572
16390
5833
3111
658
16734
3371
1567
5177
7265
1656
8166
5499
1746
15394
5639
10461
7184
13096
1142
2503
10823
16222
10289
7357
6910
4323
323
9692
15891
15116
4214
10069
1053
15060
9284
9584
10984
7273
13436
10432
708
13185
112
5342
3529
2444
1798
10278
7515
3530
11948
449
13029
4184
5222
12411
11339
12270
5216
9841
7400
11692
16932
9658
8886
1544
6785
16004
11577
12182
14990
15031
15933
11522
11440
14257
10341
7818
11385
2512
3588
12993
1261
512
10381
10447
13773
11746
10142
9739
14935
7142
7941
16613
12073
6517
9978
16389
10931
12967
9928
946
7972
9416
11643
12650
8189
16192
16419
10403
11366
688
10345
14657
5803
5099
11170
8079
16961
9285
7505
6713
10673
8499
9229
9903
13710
13482
2
11780
13465
9553
6640
10834
13683
14233
1380
1166
11962
6216
1181
1991
7867
4163
10577
418
3453
5601
3813
4313
13320
1047
2149
16379
1623
10819
13722
8649
2145
5966
7623
1750
11809
9496
14355
2078
11089
4635
11578
10798
7864
12229
6886
16659
6103
9528
2937
11488
16539
5509
12431
9048
7962
14899
7011
6958
6128
13866
6698
8958
7879
14041
11885
1335
71
11849
5982
1336
10748
6660
13942
5414
16504
11273
16233
3307
5792
15872
16878
1204
12126
11098
3660
7477
1468
9704
7373
10967
16395
10186
12312
9142
8800
11712
8900
3026
9116
4621
13623
434
7088
15632
12986
2747
12522
11438
9632
9302
2787
13695
7433
3430
4556
12293
7662
2490
12460
1601
8744
3846
10301
13475
14884
9799
4745
13859
8308
7767
1291
6664
804
6763
15563
9876
3943
6017
5350
7487
13432
4714
13250
4393
10949
4733
16907
5830
9469
1628
13223
8836
8830
3637
7978
11398
8002
6655
2292
9118
5568
15627
10446
12847
15598
13532
1098
10539
12626
3146
1382
11557
10533
9946
13493
2227
11137
4921
11495
15207
10676
1891
9214
14522
14118
9745
8773
10440
5670
8674
4284
16710
10181
6092
8761
6184
5335
16477
1270
10669
15490
4701
3713
3270
16336
5838
16766
14788
714
7891
5507
10661
2574
6574
8474
1624
3551
1443
4526
11476
2637
10102
8505
13332
15619
13279
6534
7766
6384
13296
6647
15720
5784
10554
3466
16483
3316
5481
3099
12339
7950
10085
16983
5068
10136
9764
3023
9845
7289
9261
14153
16024
590
2044
7739
5532
11323
12729
6693
9432
7062
9879
16604
6392
16465
6135
9674
9614
14635
5128
7753
6237
15140
556
13099
3460
13489
9751
15180
7816
7861
11995
8615
967
10346
12566
8924
15946
8112
4046
8914
5848
13144
16717
1177
4482
12168
14753
5251
15883
4628
6335
9866
1747
7164
4998
6275
7591
8171
5127
12609
16129
567
14098
3041
9057
5258
16265
11785
6178
3426
6972
11365
6214
6366
12897
4126
16999
13419
2643
6649
9023
5488
4114
12642
5163
8141
12006
14368
6915
5428
13478
15914
15878
14580
6401
15637
66
8811
15389
9945
15826
2789
3465
7764
2018
16481
6421
13561
5018
3126
16927
14468
12651
6268
3106
835
13112
7182
15494
12300
13418
4420
12251
7865
4267
7029
1595
2126
2593
3365
11130
493
12644
12445
16103
13701
7670
939
4547
10708
3882
8793
10007
8033
12659
6476
1886
15455
11280
8236
5958
451
4852
764
14666
9925
755
13741
12429
10024
8158
3241
8213
10501
8309
16022
10321
6198
1610
16301
5574
13127
7883
2445
12261
14920
15322
14841
10291
7546
10645
8162
6870
10982
16150
2095
7943
1205
15737
2838
11859
11639
6095
4766
16958
2485
2368
7837
3034
411
13930
6874
10360
14684
3272
12902
15687
8568
82
9915
8436
10097
12833
15154
5365
10
5178
13568
16213
6551
4596
7804
9381
14610
11470
16621
9433
13887
2317
4891
10198
15806
10347
4171
3708
12205
783
8172
13328
12828
11827
14241
11250
4717
11100
4188
9898
3168
5865
9346
3683
689
9213
10168
7724
17008
2930
11913
4511
7056
2656
6299
3194
9435
4796
2392
7778
7553
14667
14857
12295
1621
16585
16841
8205
3114
14178
8911
11209
8153
13528
822
3188
9074
1392
16252
2731
5614
8944
15928
12724
7758
8981
4978
12577
1763
14985
42
6024
8665
16065
6955
15908
4814
2780
12646
7305
7862
14556
1383
2386
11234
11645
14994
14766
11076
2908
4789
15438
1604
9132
13248
1528
9378
7092
5832
3431
4877
10375
3253
6171
5736
9865
1686
13060
3230
6672
8065
6254
10591
1749
13498
10794
3827
2298
13610
7156
15302
14375
345
16396
4404
9672
14265
11101
8133
12569
12175
3662
3439
14243
13795
12513
14128
8455
9556
11941
6856
3803
9976
3518
8419
9935
15050
10946
5201
1430
630
10200
8003
14491
14900
2871
6013
831
28
10431
12711
2436
16070
13362
4909
3003
11286
6959
11120
5173
15547
8170
10081
2538
5460
15042
14343
4483
9231
4630
2185
785
13059
8679
16020
12875
6267
200
12213
7898
4746
13206
3868
16537
15744
7115
9193
3383
9687
14088
15707
7170
9654
9418
9730
9156
5074
11545
8247
13836
10304
16096
4723
1310
9337
7725
2957
1123
9420
17004
2179
2886
6087
7551
1551
3137
5696
15821
9353
15480
15546
656
3360
10366
12469
13004
14156
15701
4887
12321
8204
2356
14237
13377
14388
3684
5383
2736
9240
16268
14826
6602
12647
14598
3225
15816
14872
3738
12306
3568
15320
9591
4721
8909
11791
7592
6657
13188
14532
16847
6256
224
5228
2350
11560
8429
16251
16898
6054
5794
5880
2150
10855
5972
7037
4225
1258
1561
5632
15685
15716
686
9573
8616
3528
13097
16078
13808
13915
6446
16516
13780
12352
5976
14329
1191
14101
13287
336
6744
8538
4155
9340
276
4643
14860
661
11278
13668
16091
12767
5590
302
15549
45
7018
13613
16304
13001
6142
5477
13956
10536
190
5233
6788
7969
4481
10178
2635
527
6937
4898
6218
928
3537
4962
1911
13857
5467
13951
8748
9300
12478
2333
13693
16443
10698
9399
2730
8442
7931
12473
10013
8994
16575
15934
6165
9031
5787
12620
48
13260
14113
13883
7680
6107
16375
8690
12905
3920
1743
16675
3812
1671
6447
2096
1262
13372
10534
15904
11667
11128
5593
8082
10430
9119
15253
10078
10797
7735
15909
746
15335
5703
494
7700
16783
8549
4003
11546
1803
8703
8314
9824
14270
12361
14464
10780
15971
3865
11197
14152
712
1973
2555
16609
8868
10686
15190
6492
15014
3263
2582
15978
16564
3960
11408
13214
8267
16890
2653
11728
14533
12
3479
12995
1147
5418
13406
1361
8987
16312
2342
10601
13360
6762
15124
1857
1539
12406
6236
4209
11999
4239
6814
11649
13028
7430
6963
13476
4377
14441
5503
13125
2061
9450
11539
16449
8248
5960
14938
5496
6364
4673
11864
7127
13424
13151
4602
10282
11329
14964
14438
4686
7970
16432
10898
16623
13818
2553
11185
10281
9767
588
15936
10640
2543
9551
6970
12216
11357
769
2876
3350
6093
6839
5539
14347
6719
9966
3067
9769
16430
11000
15249
9837
7903
10958
13437
6501
8651
4451
11202
5132
6323
12387
5882
13335
539
13173
137
8422
1550
8406
14415
991
12705
1875
8935
11435
7922
14309
7542
6249
10408
11575
550
8612
9771
1439
15696
4476
14567
11480
3981
15977
7245
16880
13791
9797
7237
7960
8964
7064
13974
3986
940
1877
9922
9812
14647
8675
9955
6329
2115
3055
9286
9396
840
1153
2664
2862
4854
9694
6274
8099
16073
10350
12253
3223
2720
3015
1013
14614
13651
14854
1778
16046
11240
1965
5311
1325
903
10973
8689
2041
2325
3979
16643
592
3867
2846
11233
15842
15222
261
10167
4671
15442
8116
1416
11292
12578
10457
3411
5911
1458
7157
7455
7802
6140
2620
9953
16135
8949
758
11060
12725
16673
1358
16368
7366
815
15638
2336
326
863
6902
13183
12746
14259
317
11393
10059
741
1917
3362
10331
5567
13739
16452
12528
11059
12629
9212
2226
16366
13665
4236
14130
5527
16915
15183
16677
12237
3102
7848
13371
424
3891
2966
4681
14409
11813
15690
11162
10746
8824
4093
16964
8437
8289
4617
10915
9137
1848
9169
5207
3442
12131
2561
6353
12005
5430
3109
7052
14536
6094
11057
16187
3630
12790
8208
16535
5364
4636
5315
16688
9808
271
168
5073
5514
14028
4376
7216
10580
2865
68
1783
4121
367
11249
4092
3088
2069
14545
14389
14605
10274
10786
5302
3334
15235
15959
16426
17013
3185
12762
16441
6572
10040
4750
1175
3685
10879
11456
338
14172
645
6732
14499
9299
2497
1058
1043
3844
10125
11671
5044
408
13779
11414
3005
11787
11239
14403
526
1931
5675
10166
9967
7695
3388
927
16684
3332
9695
15155
11902
14682
7709
4782
8560
11344
13011
10342
5904
12557
4063
14865
12813
13394
3783
13348
11702
13601
8132
9425
10205
12388
10411
15629
12278
7882
6098
702
10729
4502
10269
5785
2311
14443
4191
14775
11121
1894
7205
15437
5121
3952
10925
10818
14576
11647
7909
10655
1379
12305
3087
10389
3996
7396
2533
15855
6603
1997
14166
9248
2589
11963
10890
12855
3314
2240
907
12452
11384
14639
593
16626
11448
13130
10116
8910
3532
897
12752
1287
15009
6964
7821
8459
16448
12634
407
14698
15561
12854
16796
8839
16374
11336
3730
12939
7626
11696
2001
15317
12895
11770
2500
14215
16755
12826
3540
1370
15149
14916
14902
8067
8577
7800
2254
6742
3751
9848
759
1806
14150
8982
11248
4637
9917
1718
11459
6124
14624
1903
6273
16748
1762
4197
12284
5804
2887
5771
11356
14346
8965
353
9491
15796
12918
15567
14022
16670
9111
11968
7209
9309
8766
10184
11422
7466
16061
9354
5423
2928
16946
6914
3391
4700
352
10816
3966
7397
9838
2452
7560
15587
5763
11149
5473
9785
7617
11049
8231
9676
14228
11355
15220
16579
11223
12333
2027
8091
1681
16215
10545
16712
14189
6650
2349
16048
3614
14930
11305
4023
13043
3179
14634
4470
15238
6380
1367
11449
11613
15733
10382
5441
14274
5102
1719
5215
12111
16763
4207
3950
9755
1230
13447
7615
3355
14540
1391
7406
10071
10535
7460
7432
4095
7609
11608
15348
9419
5213
10464
10548
3925
8876
13384
11251
14770
15373
2767
15713
13667
8194
7105
13849
3302
11932
16311
5381
15939
9840
14339
2765
8708
8144
1446
8124
13547
1958
4307
10251
1691
6891
16510
4438
5583
12058
13854
15405
15085
2307
12943
8257
8275
11080
5599
8934
5991
6588
12798
16120
6510
7491
2648
10530
1963
6825
2682
453
5454
2983
6015
13697
7368
5918
7552
2219
931
16029
10012
15709
7116
4914
13433
9641
16523
13345
13166
15698
13201
9895
2668
2901
2165
1829
8210
14487
16117
1873
7211
4045
5648
3944
942
11752
4589
14217
12838
4294
7442
10444
9667
5274
8625
3033
4064
523
3989
13806
7561
6437
1910
10961
8087
15804
14344
2427
2774
2424
15521
2641
4967
10849
12531
10959
9794
2134
1571
15189
4807
2839
9507
8409
13416
3248
12484
9290
9980
5445
4655
8749
12640
10998
13905
14583
7935
11498
381
10340
2330
13622
16913
2178
8585
11513
16309
4825
13070
13167
13557
11991
890
12712
8031
15516
149
8847
5401
15548
12272
16446
15668
6399
2403
357
10957
3734
7319
8268
580
9294
111
8723
4715
6123
7957
1152
5844
13256
16216
7178
9684
6226
13922
1171
4513
16970
1431
1702
5585
1896
9121
9970
8383
5288
1657
2853
16271
14337
8730
16779
5560
15831
13161
8804
5343
8293
2713
12008
16280
4859
11285
16699
15886
8768
5572
5857
11635
329
1981
5669
337
10891
5988
920
2181
481
162
14235
595
6876
3644
5761
10421
948
4486
15381
11212
12507
12921
2772
2097
7500
6284
12814
1767
14734
2200
7030
14225
2035
10234
15289
10771
16482
12521
13172
10963
4994
3250
4129
10327
8731
15764
6728
9609
5561
547
964
11582
1853
9448
9276
5089
3769
7409
7364
4124
6290
7294
16877
7668
7270
2744
10854
14479
1816
1308
959
8639
10467
10646
12022
12593
8569
1359
14511
6147
8507
5931
9245
11955
16184
7232
545
7044
9054
12046
178
4331
5489
5277
7175
794
11361
6314
12774
6770
7490
7023
4851
12218
5415
7201
11423
9851
13230
15513
16066
3774
4797
11788
8813
9242
4923
8285
2712
16130
11254
101
10671
11967
7113
15185
5082
13684
9576
5989
10935
10672
4970
13068
8333
12090
14461
14122
12222
10257
734
8140
439
14330
1069
15114
8559
13802
13117
1644
5180
5162
5948
3628
3121
13484
9914
1176
110
14995
4605
655
11016
4412
12917
6766
7711
924
12068
3761
10821
7567
2315
9890
4932
11042
10560
9709
2104
4176
14279
10057
13537
789
6066
7917
4945
187
5166
15829
14095
3249
8688
395
2978
7666
364
5840
13486
14137
6400
11704
10399
8929
9984
14952
6488
128
2797
798
6503
15007
3159
12183
12931
8641
1704
12672
14196
14029
9349
5635
7750
1879
14927
10955
6908
9087
4224
8298
4587
15276
8774
5956
12687
13980
3517
7040
1198
6133
5504
2495
16134
7146
14398
1323
12973
5570
10820
5645
5434
1576
9325
6892
6893
3703
15990
16960
1501
9566
10335
15336
4736
14670
7892
8160
15297
16911
4390
12708
9395
6568
3264
10317
1840
16683
11195
13882
3174
12176
8321
7097
4694
5891
16217
9358
8017
1933
1979
1960
8101
14247
16164
11805
4065
2672
3083
7919
10460
9322
2038
11749
7150
13727
7507
14239
4341
1828
13181
1022
13270
14537
15590
6038
8608
9042
4870
9015
12940
4801
4751
15493
16053
3889
8727
1648
13236
1124
6432
13258
651
12258
12433
12994
3043
86
15995
7936
14972
16489
4989
8181
14677
2346
12231
12948
10044
11739
8349
8305
11386
8600
12951
12783
1948
2404
4383
10354
7629
16112
607
12740
9037
15046
14880
4399
13612
11135
1929
8335
436
1007
24
9497
12325
17000
12800
1023
5046
4943
8801
5776
16400
180
10911
10812
16507
4162
103
4020
7415
13448
16026
9028
4800
16515
15309
10627
5791
6203
7907
3852
10362
3392
6718
11181
8352
9197
11465
2434
2828
16760
14288
1089
9364
5946
16475
4158
15606
3221
6481
5924
1944
12788
1408
7634
13828
9350
7604
3887
4815
13265
2089
16606
2184
16356
4833
15473
5257
10009
14056
6957
1995
12865
8912
10666
5092
1890
13451
11111
5185
5529
9881
16218
6169
16573
15770
10930
14782
14208
618
2222
11530
3811
9146
10936
4029
8319
9604
9274
5959
15256
11348
3402
16550
4469
12515
3215
8758
14413
15748
12223
8794
9886
1650
9999
11892
15475
2310
3496
10566
6327
15885
15845
13356
5397
5782
3503
2276
4007
926
3587
1504
204
5872
5175
11156
2740
1945
12585
90
7850
4455
14926
10393
398
16601
11998
7966
12277
7669
12453
15103
14591
9961
14111
12066
11878
5287
5055
1508
7338
16250
9040
8356
14791
10905
9462
15483
12367
1190
277
11585
13180
15999
10159
6797
11338
3095
6842
2729
6375
14416
10225
2296
16778
4846
16529
8621
4143
8883
7599
7183
12953
14524
4675
12357
10201
14289
11682
2626
15835
5676
4567
7263
7776
11067
12230
14661
1396
6598
319
2148
1195
2454
3602
12590
15931
13596
4396
14866
5326
12149
6385
5231
16716
2278
1513
15088
4172
7248
10760
7489
9058
14408
5798
129
235
12389
6162
15941
5996
8784
12606
4291
14376
13947
13937
13395
15871
4591
4463
7403
11505
4847
5174
3592
15018
16938
15204
7759
4603
10667
6423
16313
8618
8431
3065
1226
15609
3905
11114
8433
8177
14059
3901
624
15470
4653
8294
8660
6456
4688
3097
4905
8742
6581
16072
3895
5885
14731
2284
16998
5279
5544
14053
12799
7342
14073
8115
10075
11158
8201
11492
10424
8081
14354
6822
8174
7886
7755
3075
13581
282
7757
15502
11397
1227
1908
15130
9167
6199
1614
13215
16067
15209
2835
6370
15745
14831
8978
1031
11688
5304
13760
5444
15118
1898
1407
12857
6023
10008
16125
515
15570
13944
7339
9359
10968
11528
3054
14948
6188
13895
6733
7096
5317
15417
9737
10055
5266
13573
13652
437
6059
14741
4525
12281
4371
641
3972
3322
7693
4799
13638
15557
1777
6956
12290
2122
10587
968
11145
10196
3742
14033
9093
5037
2837
2999
14305
12723
3018
14194
3839
6355
2686
1326
9103
2073
15880
5308
15714
15214
9485
12241
8799
16862
8582
7782
11388
3578
4221
14277
6882
5226
1432
4211
11665
6869
9569
421
13832
4260
3516
8351
6009
15915
6704
521
7132
8030
11306
3151
16647
12720
4138
9973
12080
10505
1260
292
16425
7535
12554
11637
1395
12219
10525
1301
3826
96
5265
9114
8961
2833
10398
16806
14224
9227
11390
10862
473
3217
4982
2931
4030
8903
7238
6890
15794
7675
14891
12888
10236
6026
7208
15615
8941
7094
3932
12443
11103
5941
10295
635
4935
15980
7119
1590
2845
450
14069
3071
12754
16099
12067
7486
16058
9291
13042
12845
16739
13606
4038
9525
1632
13711
12526
969
9964
6777
3214
13788
14440
750
16008
10532
6449
799
13022
9965
7814
16930
3866
13412
2496
8948
743
9006
6757
4127
11012
4624
15611
3974
2306
7310
14751
9858
13499
4358
16925
7588
8026
12421
12978
12787
12564
486
13890
52
14386
4581
13190
12677
7749
12292
7075
15270
10889
4710
3387
13111
16715
16838
14656
8084
15913
12282
12115
6461
4683
8113
10272
14662
2968
803
12779
4153
15211
13018
5758
806
9753
257
16076
16933
3017
16378
4372
536
1355
12639
10960
2572
456
14094
6181
2669
9862
15339
4304
4900
14170
11730
6233
14681
2757
11096
10611
8536
11523
3733
11068
16742
17016
4957
12860
13740
5071
10388
13495
4841
14919
9357
3347
15901
15356
7458
5047
9791
11602
6152
11840
2139
8109
1862
12316
720
4639
10305
13184
15805
9679
15119
2265
10245
14467
13629
5497
6046
3797
6798
13510
8426
9344
16680
11989
1164
13709
5492
10731
13963
10119
9520
3796
15049
11192
13863
8820
4177
14432
10956
10442
4829
14558
10724
6815
2361
7845
5303
15044
15762
6440
5004
6601
13742
1462
5221
232
2171
8196
2460
16617
9368
11406
3103
4564
13392
1159
266
29
7480
4592
4397
6947
8724
7313
7869
4365
13446
12105
5559
7803
7221
16986
7159
12891
14450
4041
9092
3294
14089
11719
16372
12427
8226
12366
7203
10482
1986
2836
15543
14007
11094
12214
7616
14476
2547
11865
4860
825
7195
2564
10405
8737
9102
16149
12742
3849
16900
757
1769
2012
6846
14936
636
13453
10835
14458
5208
3711
14327
1558
9341
12664
5394
3370
10243
10051
8789
8341
9817
3732
3301
2685
10049
11139
10510
2167
12380
14541
3193
15039
13632
1643
14538
1059
10129
829
3246
385
5596
1953
12556
12314
3620
7049
3609
3027
2005
3353
12266
16988
16655
1863
10747
14070
9369
14367
6511
7602
9877
4570
13154
4907
4925
3500
428
15104
175
7527
8175
14772
11742
7571
14256
8622
4422
1776
2614
2123
15210
14362
1390
7654
5388
12180
1705
2894
13131
932
5230
10811
10472
910
6604
16202
11259
8197
9602
13541
4976
13903
4333
3549
15069
3793
13583
13157
6307
7085
2874
11654
16663
864
4645
4742
14622
15634
2014
12042
13853
13649
13159
7076
7713
9612
3597
16993
15478
6811
3698
16158
11346
8670
7210
7652
11937
9537
15704
7031
14371
15503
9933
11970
3802
11993
15078
10314
9239
671
16009
13529
4181
2316
11221
12117
16542
2390
7393
4934
1423
4418
1799
16660
3330
15451
7967
12716
2650
5716
14303
2194
10488
10451
12318
9360
10822
3394
6342
7528
6851
1461
1654
858
288
6415
1378
10750
14778
875
2674
2423
12821
8334
14294
16154
10980
732
6183
15956
7849
16719
5333
2852
13696
2752
14654
6514
8246
13618
13229
7715
14883
7696
13324
1516
2725
393
9123
5508
1700
3328
4497
11188
16736
3013
1687
8107
6974
3252
4443
15618
12054
8691
4595
2432
344
4873
10206
4186
3991
15352
4148
13461
1132
9870
10312
12049
8193
10779
16846
12600
12596
16863
1231
13182
15938
4674
10400
291
16824
3959
612
6468
2793
14043
6966
1954
16591
1617
1856
370
14950
13041
2988
15425
11551
15911
13867
16064
599
13556
13035
7847
11003
12584
13391
14387
5814
15573
15827
16629
10412
9874
6260
15080
16183
15579
5619
9550
819
13107
5254
4131
3443
12965
14873
6916
193
13415
6266
9962
12280
4501
380
7074
12823
2062
14620
4057
11558
9777
16773
14986
11341
5453
7135
3870
3542
14154
13315
1596
6351
7825
8623
13194
6241
8563
11680
16885
2568
11416
11527
16167
4117
9297
3934
10005
350
4421
16953
7345
2621
15351
6410
7979
12146
4585
7949
11484
14406
7820
8050
3776
15458
9639
14669
13509
3983
126
16424
11382
3495
14711
8503
6586
11679
4571
12764
43
13342
5883
10373
14738
14155
8678
7069
15673
3559
7423
13353
14780
502
11930
6109
1125
3125
10737
2329
358
665
10131
9077
1289
9387
5932
12110
8234
7815
4625
12071
13892
7737
6805
13310
12517
15421
1400
16650
5091
13321
4167
11524
9905
14637
9916
5084
8575
1113
4082
9139
12619
1052
1724
5535
7723
15636
7428
16039
3613
14685
9499
12721
6555
11214
5190
13030
5451
8524
2017
9120
4519
12755
7606
9831
7625
1331
12274
9836
10487
11919
8078
9014
15888
16924
10621
8640
11299
14949
9803
6841
14527
3331
6373
15849
15954
15250
16017
6386
7014
15463
1935
2903
7320
2502
3832
6297
8020
15875
4133
4244
8125
12844
3758
13677
5526
7799
6212
10212
966
14030
2201
15536
2705
6131
4901
8444
12164
7986
4202
5118
11790
4310
8893
737
8807
7934
12837
7418
11467
16360
10804
7622
877
13257
5866
14336
12561
1988
2915
12442
533
6702
1813
16856
9518
2369
1582
1228
2476
569
4724
15782
15379
603
6047
1753
7993
14221
1235
4391
3461
2074
8055
12023
3599
9810
563
6935
3968
16168
1394
9529
13138
16299
3438
15550
15726
4649
1020
7077
14828
15408
2714
8632
11108
2807
574
16474
9741
15053
9025
16317
10573
5753
10377
9456
4361
6853
3985
6263
9175
2895
12193
9249
8966
16832
10873
11373
11478
8506
3153
6623
14939
8672
1168
9347
9278
2374
14014
3361
13970
1330
2323
10595
8598
749
16137
2467
10677
13351
8663
5867
13065
15692
5282
7768
11939
16533
2939
8366
8317
3268
2754
10265
5382
15697
10732
1212
15345
14887
2848
9100
11807
1093
10796
7981
7093
5519
8942
5562
13959
5843
2899
5224
5566
6883
12853
10964
3924
3786
13382
15468
6699
506
6887
14617
2567
12403
12545
14561
2840
13205
553
14103
16690
2843
12190
10247
4491
14195
14018
8796
10979
4248
11630
9514
8658
3994
9645
8399
14460
13861
15705
7920
16036
16594
1957
5921
2065
8614
14180
9277
11543
5090
10104
4629
14042
648
6562
10902
474
1238
5790
5250
14882
4017
11457
5108
12390
10199
15599
4193
7574
392
4729
11038
7445
9098
6821
14262
9523
2175
15873
6680
470
503
2909
5940
8571
9138
76
5969
9270
5419
13308
2364
12576
7360
8237
5824
7974
2991
8151
15346
1563
12397
16595
15022
14728
3700
11053
6946
10185
7463
7536
1398
520
8980
1263
3042
1346
2193
8950
15966
15641
3936
3908
16790
1174
11347
4055
16290
1619
263
18
13917
5944
5905
10866
12227
5659
14991
3274
4541
13305
1019
15558
1
14482
7473
4180
10188
9362
8057
5769
12497
15245
4108
5611
16341
13750
4956
845
13212
9875
2129
38
1507
11915
8613
2464
6204
8295
272
161
7411
3522
14840
13847
3376
6035
14895
10363
4638
9129
13530
12233
10793
12653
12423
2985
10756
4204
9597
10192
1916
16560
7174
10479
6206
10407
4001
8258
13471
2897
3724
10048
1542
12997
10523
17010
15594
2120
2562
7047
3673
7394
11401
14047
3837
770
4427
14822
16817
9822
2202
5356
1033
9747
905
14266
3993
10271
7971
16151
7468
6618
6179
10923
12328
2611
2362
816
3726
7111
12883
7534
11699
15460
2236
2106
14794
2277
9558
1314
1162
65
2425
9650
10945
6391
13700
6460
2437
6349
16133
6079
11109
14316
5403
2207
3717
5554
10203
14205
565
1506
14800
16603
16857
6799
4227
5462
14796
7347
10211
15056
14508
9648
6818
11695
6540
13852
3604
15815
582
5344
2687
9547
11573
11405
362
4302
11176
552
2609
12658
7233
10244
9782
16256
10459
15571
16866
8375
2272
13640
16466
13333
113
2242
8606
2280
11908
11731
14795
14864
12607
14752
10470
9144
1084
11243
9950
5887
7631
70
1514
7518
8604
1858
6099
4531
7412
5021
14037
10806
15524
7125
5631
2036
1424
5680
787
4836
7677
13174
10965
5768
9296
16774
8694
3132
7792
15851
8991
5295
10285
2864
15240
540
14830
3929
11290
10190
9923
16808
16593
3022
10098
4942
775
8711
3298
480
14332
4235
1770
12726
152
16040
4322
9511
397
7058
258
7236
7564
13474
2965
12084
5731
13784
16298
9598
16140
244
5689
12673
13663
10694
1961
9199
7383
9190
8630
15170
4739
4394
7714
16246
8363
1297
1434
11646
4039
1004
16707
8983
1669
16829
11774
2099
16334
9788
5309
3492
1049
11304
2527
11511
5893
9969
13110
3060
5828
11483
11061
15752
11303
13109
14659
16148
5263
11077
1194
16936
788
19
11374
15452
8035
15724
6960
11659
13450
7078
15368
6954
8539
12852
16165
10101
6686
6404
16882
8358
4913
15019
5743
13634
1114
13737
6252
14236
6658
8238
11536
8849
15491
10700
16351
5584
1666
9977
2604
12464
6800
13550
16226
12683
6303
5636
2760
4340
15075
11363
14021
10298
899
14374
3405
3082
14683
8957
6069
2550
9152
16992
13156
4830
9104
3982
10981
416
9809
12693
2607
13657
9936
13875
2696
15508
12551
13658
14626
12757
6922
15129
4170
3654
6703
2020
8779
3606
8927
8655
4309
10990
14315
7955
836
228
13261
9041
13881
12544
11833
14633
13288
13344
5013
14941
4634
142
6056
1738
15593
12753
15678
10106
7309
2775
965
5325
16646
8440
628
2047
346
9331
9783
14859
6903
2077
2981
4411
7231
3635
16638
8460
12479
7921
558
14290
6129
7219
14743
16455
4360
6789
7595
12654
11402
7937
1909
4753
11552
13767
7541
3299
4690
16195
2192
15017
8771
11652
4876
9948
11428
8467
9321
12405
3187
4871
11051
561
8638
11022
1460
12095
2602
3885
11032
13306
4842
366
5241
12288
6781
8704
14020
151
2756
14334
7991
2453
2680
3833
15325
2898
5145
12901
16812
6043
1709
5901
11640
8611
3197
11747
2211
10841
1824
5950
15237
14573
13268
15501
6746
11529
10775
7842
4488
9431
16344
3049
15728
10089
13967
11660
6547
11268
12439
4487
8297
14940
2429
5458
13834
4886
646
8945
4951
1273
9564
7302
12638
3567
9897
5284
12987
11928
15459
6234
15329
14801
1660
16050
11441
9403
7752
5223
4614
4169
8496
3470
9095
2141
5487
9128
13864
639
12812
1441
5337
2941
9268
5466
13690
9815
3918
15554
3397
7361
12371
15884
10288
11898
16180
9585
6835
1103
5868
14953
10688
8343
16966
9117
15684
8374
12157
15505
3073
15922
15828
542
4520
4464
15635
11798
549
1971
5707
9180
438
859
11503
6993
13186
11758
15682
7177
12472
15145
7612
1455
6989
9269
9749
14086
11903
10787
7391
7388
10511
13698
3642
8591
13179
4930
2856
577
3977
2509
12052
2414
6952
847
3854
2546
16011
16191
12040
13430
8169
8661
16904
412
234
10568
3524
2004
9630
14351
15800
10223
9779
3992
9398
15879
6459
10402
9941
1640
4292
11824
13720
87
16634
140
5385
11404
2321
3886
7774
15924
3514
6453
13370
12311
5729
13654
8719
12317
1559
5624
1271
4013
127
6697
8908
2241
444
14493
2409
10396
11570
1025
7953
13158
14076
9136
2599
10001
9938
14005
5452
2809
11113
9748
8635
6812
6663
1765
4785
6519
2976
2858
4903
754
7587
7638
6291
2647
9032
488
9486
10391
8775
11773
8798
860
6611
8712
7852
5113
15622
4492
67
13873
9005
2151
4786
8117
15695
6442
8466
4545
16069
447
11657
1496
10805
16416
10455
10210
332
10950
2544
3283
6325
11565
298
12682
2974
6464
13093
3282
13017
2092
12015
16041
10559
462
15264
9324
242
10452
7853
14036
7796
1540
12012
11744
10948
751
15795
14342
1789
7298
6220
7927
16412
3505
5674
12903
2093
11588
8265
5910
9721
12893
10864
15651
5097
2580
4161
13396
8759
11753
9722
1206
13752
1130
5235
3754
13491
13224
12167
14107
13885
5448
4619
4429
12048
2872
14272
10028
14625
9480
3420
9475
14747
8601
11321
11021
250
12327
1511
15038
726
15137
8875
7503
15367
4419
10684
2798
16947
16653
2811
12981
2531
6644
11860
4493
13831
8098
11600
14401
9234
7024
11975
2952
13592
1725
12815
11741
10054
9759
9109
13650
1818
9198
14692
5947
13960
13589
8286
4507
1555
9373
11081
16431
2417
8592
5234
5879
14286
8843
7060
15274
13210
10618
3254
16454
9629
5276
744
2322
5354
13514
2804
13964
15105
5582
15819
10082
2489
10378
16331
11604
16789
3831
6434
1662
15949
2948
12760
11501
5194
9983
15100
11854
6070
1080
5416
16641
15616
10374
10634
9536
1116
11971
9317
10233
2511
16488
251
15162
1530
7525
14988
10722
3623
14275
9065
8418
13941
14889
14909
10086
768
15125
2919
401
7378
15179
14585
9758
10349
16391
13664
10783
9600
4654
14426
6608
11566
14658
11255
14543
13812
1768
3318
15562
11112
15187
14269
9900
2800
11803
5505
9389
5312
981
3652
7100
12124
12938
465
6383
5209
9994
9535
12627
13609
13778
14167
3472
11
586
5200
6933
1809
16348
8617
14261
3030
4731
1062
16952
6425
15683
11792
497
5546
16206
3476
3585
5104
827
9071
5861
12062
15176
3910
16939
6149
11337
13874
12510
2977
776
1397
6083
8430
6775
10120
11538
16339
12621
6106
2791
13366
7101
10922
5672
14454
1801
2208
13420
12508
6500
7475
16834
11258
7148
9275
13896
2341
7293
5130
9670
12395
2071
3152
482
7769
3757
9310
6632
16243
1556
4426
3679
4165
246
2426
16021
2225
13381
2746
9222
16500
4035
8111
192
8235
10753
6542
16525
5793
7249
644
16447
4780
11897
14480
12265
16472
4060
826
5926
9689
7275
13566
10637
6041
11129
1418
8008
12353
2806
15418
3389
5217
3038
11832
212
16697
609
9593
2229
14740
14148
10712
13289
8540
6084
13458
8121
8851
5167
1365
50
9029
5412
1156
4059
3444
13766
5050
15965
5391
5700
12592
14035
7315
13092
6283
11417
14901
6675
573
1647
7772
2623
6980
10182
598
11675
11638
668
2331
11519
12463
6362
5930
12337
13427
12560
16234
3029
1364
6112
8975
13163
9133
4012
10329
852
6776
8468
8792
13355
16276
6879
15663
14922
4475
5015
2100
16724
1216
8046
4199
14776
1092
5211
3740
657
15384
16189
13490
477
2410
10555
10018
1064
14115
14756
12741
10099
4768
15759
2372
430
7277
11450
12482
591
6001
7911
423
3877
3119
10025
9391
6917
14168
8554
7407
11320
4266
9762
1748
6741
6063
4650
16521
4240
7556
14732
16421
3315
4233
16669
1154
2581
1131
12597
14629
10127
3425
11779
14483
11182
13830
8328
6761
4682
5242
5678
7660
3523
144
3235
16333
14563
11593
214
10493
10913
14763
5663
3591
15962
1044
4183
12099
15753
13948
9436
6358
537
2540
11618
5916
5321
202
6832
6923
4853
1683
1202
7006
13647
2105
14792
9298
1566
15578
8420
12842
14249
1350
3006
16786
10019
6076
1223
1317
929
1488
2896
987
8752
15254
8206
14027
16495
5218
7340
7513
6934
6985
3608
1322
1849
6458
12451
7663
9165
15054
14183
5661
15294
9062
15208
13124
16895
7497
15071
15295
6298
62
9034
2308
814
13994
11475
8313
13758
154
13525
14632
4325
7620
12935
12876
12408
8448
2997
4401
3893
9742
10696
761
15947
12347
2813
6005
6067
1602
4283
6756
7783
9072
6033
8871
15166
16934
13301
13101
9868
12488
11631
13648
1189
9305
16172
10267
7000
15344
13762
14630
15203
14071
1759
4879
16661
16321
8852
12118
8149
8973
7173
797
4929
2376
15624
5296
13977
10064
6571
7266
4915
1453
14718
13278
6962
16923
1082
16461
14653
14177
11474
994
1315
10651
7370
12505
15576
8173
7860
12050
1207
717
9250
2067
7439
10150
15045
2440
687
16282
12631
1362
7705
9570
13839
14055
5708
8819
10489
11988
9901
16708
2231
684
10454
11590
4387
6747
14185
15328
3890
13617
7742
6895
10023
2458
9010
9993
11772
3570
2900
7464
3456
15732
6496
12932
4410
5154
7844
7139
13708
16599
6583
7665
5443
5571
1608
1885
4424
9665
5103
10531
6057
10613
15568
7441
6760
8463
10063
8219
12053
8780
5588
2228
7706
7655
3915
13266
13871
10885
4102
12983
2203
8863
16764
14525
12130
16297
12481
8147
9610
11228
8629
13659
15023
2132
16662
7946
8282
5160
3881
692
7855
13671
15739
10235
13010
2085
13627
11515
2917
10578
6104
7985
8481
16410
2842
14911
4028
3649
16513
8019
8135
3574
4902
11964
11159
1930
6372
7976
11147
15718
6681
6726
12172
9192
5474
4818
5552
9283
9562
15771
5625
5022
16261
5751
16518
2551
13233
8619
7756
10842
9365
3709
2493
4442
14456
10791
35
727
16445
16123
8699
14032
7555
10707
0
16861
8049
9385
3763
9669
9706
8812
16854
10933
2727
5420
2515
13361
7508
8216
7740
14973
16244
16493
11458
1822
11541
11926
2466
3822
12553
12082
10042
13081
16300
16285
16081
5398
15182
3010
13481
3930
6904
14892
4509
7341
5907
11287
8346
12404
6451
16314
12039
6154
10031
11369
9790
11377
12245
3544
7529
6060
16725
5396
13840
2428
2537
10827
13789
11247
11850
1878
13924
15846
10608
5951
5789
12363
5981
3984
12140
6854
2248
1884
15449
10552
12440
7392
699
13195
5020
10417
6622
12732
10814
5358
14079
15894
16487
12540
955
14126
16816
12122
5579
4005
11372
2326
11661
10926
15399
8063
3880
15577
9727
12116
2783
12562
12663
1980
5239
2711
13429
606
14253
12350
8750
15383
5605
1184
2285
5498
9209
14495
5760
10739
4781
15008
8971
16678
2501
5573
1106
13325
15353
10365
2817
2174
12072
15266
2112
9920
16587
8535
10498
5968
8576
13598
8988
14466
11036
7321
12236
12761
7717
4435
4857
12204
2442
16245
5543
11711
8388
15456
15591
16582
4006
10803
1498
15497
13014
6866
3209
10638
9532
12014
15133
3933
12320
8292
1470
16027
5628
7264
2312
11433
8647
9768
12207
2494
11144
2954
4452
13816
2214
60
1635
7057
5597
5149
14353
12191
1070
15809
14109
8548
8097
6223
4432
13337
12064
6973
7276
7258
13187
7185
5114
1947
8772
8290
16210
2796
1433
14655
14023
7355
46
15370
11586
15789
16437
1435
9115
16801
13207
3477
9849
3377
4508
8360
8681
2660
15787
551
15581
8070
12676
5563
6548
3714
7641
13164
15708
2884
15604
3385
16232
7596
3612
16098
7386
15047
9635
7657
6172
2470
16884
262
1135
14619
15515
4765
13480
12622
4862
8717
7661
9266
14737
7926
2629
604
5072
857
10844
12648
2366
341
11001
4094
2234
510
11555
11325
7020
4812
6508
12785
6791
16023
5836
8072
1015
11502
14850
3618
6638
17003
10011
9992
9474
16554
16205
17023
4073
1676
5779
9699
5699
13074
9336
3090
11683
16580
8325
8680
12589
4237
8412
8990
3661
11818
13049
14693
647
13452
10715
5040
15767
14526
4218
1158
12493
5275
14085
1876
12703
1179
923
4895
12449
12128
14760
14373
1870
16397
6113
14965
6872
2055
9384
7197
4711
9263
492
3830
3829
7720
16436
11442
5637
3883
7973
252
15111
8150
8103
14218
5646
9498
9731
14607
3048
13987
4952
9196
14278
6235
8453
11882
8956
9567
8044
5439
1061
9370
1368
6536
3128
14051
1583
15206
9345
10690
13969
2161
11189
7576
12730
8547
3374
16977
5083
5280
1352
3864
13984
9995
7240
7899
570
2771
4301
4134
7963
16556
9919
1140
13660
16413
3044
14676
406
1906
13177
14992
3457
16672
1385
15212
16147
634
2232
5580
14875
14024
16596
5683
10593
15666
10379
14881
9723
16679
16264
4208
12872
16950
11872
12487
10056
13302
6343
1978
15426
5264
16770
14781
16464
7194
13200
4430
3273
4664
9580
1968
1653
16350
14962
11439
2971
13639
9176
10466
10326
4370
11023
8126
6888
16108
8312
8168
3180
11909
2053
12074
4809
7363
8344
9
16146
4744
5486
11443
11835
10496
9932
6646
4373
2665
5906
13587
13620
1046
16592
3419
3158
14127
2294
11954
7482
4200
11326
13851
12573
6596
12802
6656
14777
12773
11317
3148
13401
3773
1265
14365
7760
8100
6991
3129
3329
6337
522
10425
4300
15755
6004
12271
7809
8443
10929
4835
13934
10222
14712
16128
998
4506
5426
15647
10815
16793
146
6546
2885
10912
1651
13226
10871
4328
3935
5404
8377
5262
10875
3580
12075
13118
16467
13957
12603
16220
6810
16894
5839
9772
4220
9301
2037
11589
11931
4259
11929
237
7292
10582
14697
10781
6465
207
14649
16903
9588
3778
8521
5623
3238
8702
3369
12849
4398
5530
7990
11063
1072
8620
12942
4969
440
15331
3909
2198
15168
4119
3519
2407
12324
12186
14240
14943
15400
9847
9634
5855
8869
4726
2699
10670
2823
3800
14958
5085
9067
12381
1773
13378
13314
8456
10276
2982
7039
14618
4268
5332
1701
16686
16738
483
7036
742
3741
6438
14957
1967
3737
6506
8278
3474
11092
6
4409
8441
7124
14444
16221
5076
3702
6312
9660
5881
6552
9216
13769
12195
12765
10091
16435
9001
14813
12492
12519
14998
14452
15419
4677
16188
3019
2357
3062
9899
1222
12934
3682
1012
9577
12009
5352
16995
1529
1456
2473
9147
4922
5600
5727
10557
7362
5644
11358
265
2639
9642
5006
15310
414
11894
2250
9452
12409
11237
2890
13923
1847
1349
347
15002
9985
14425
3063
5225
1959
9013
575
5340
979
7121
3571
4454
7812
12004
3092
9971
10975
15259
1186
16811
1055
4656
15923
11621
16162
13439
3747
4749
7743
4043
11466
13152
5169
13005
12238
6497
3648
12694
6765
10311
16780
3434
13574
16382
4015
13981
15957
15810
12581
9832
7154
10416
6996
8332
2262
6749
13542
1823
2532
14102
171
8947
14663
4072
1984
14749
7008
5318
6928
13147
896
9892
2431
4983
4538
9795
3566
4485
6527
16566
15236
3398
10934
11142
14349
4626
9494
2759
10607
7965
5023
4500
6827
12843
88
2127
7938
6371
6224
13142
11815
9045
1645
11164
12586
3016
2649
6976
10066
4555
5970
13254
13083
8382
10895
15447
11843
9729
11218
700
8786
10332
3633
15987
933
1422
13560
7079
3216
16013
9295
16509
12254
14060
2267
15476
13087
11261
8223
1224
16569
13823
8495
14867
11452
14077
81
16842
6195
15639
6577
11005
9160
12093
13373
8027
15649
11673
5408
5305
11463
2266
7103
10716
8740
3686
614
9130
15292
16618
1819
14735
1737
5912
12567
7681
3919
9251
1079
12475
4174
13902
359
9018
15102
11925
9483
2715
516
4350
4474
1843
5490
5484
4282
12930
2182
12302
16810
7214
6755
9259
13290
7013
1706
6217
5041
9578
3211
13782
8214
8056
4728
6578
762
12744
13796
694
7586
6563
12346
12695
3135
14481
16142
1369
12035
10512
498
10592
10867
6146
16032
1593
14673
5336
2482
8096
2912
4705
11836
1118
6944
5980
8465
188
12568
11910
8857
9884
12123
7229
16534
7621
3380
1573
3373
11887
4806
6528
9279
2258
9177
4343
14437
9217
94
12611
5030
11270
3136
12150
4345
11820
685
2630
1288
6016
7104
15036
13126
2548
2996
12769
13713
14588
4189
4228
13442
8558
10564
145
13211
3787
16266
10777
14242
13672
12738
12846
11987
5884
133
14714
14858
4479
10372
16941
719
12369
10449
7186
16367
14116
2571
12264
15566
75
15989
15197
16851
15736
9206
12417
312
11862
2405
15588
10538
12398
13228
3367
1459
13961
4778
5424
6100
2601
2197
2763
4588
7872
4270
2776
6564
9625
1577
16157
3409
13997
12719
5313
17005
7297
5995
13067
13273
15340
5433
8860
3536
7519
6483
12500
7956
9273
8790
4122
9960
8006
3037
6121
1814
13244
7429
7875
7728
16528
4295
7425
7710
11569
4123
10940
14736
7012
14463
16833
11331
11260
9021
5240
4959
7873
13326
16740
3779
9394
5353
8874
14856
6182
15610
11837
15098
16253
10633
8018
14220
9282
9445
14852
5206
13938
9572
7106
6288
1570
6617
7856
8940
1295
5578
11415
765
8281
4516
4303
11799
4974
6848
12332
13729
2419
9746
7303
16506
6417
7785
3309
16381
12102
8403
5155
4533
16225
6052
2373
810
11856
8511
5008
4709
6565
9393
11996
10394
15841
11168
14287
1071
460
97
1275
13747
3463
3817
13069
12291
5297
3046
16761
7570
14276
3504
914
3823
8446
6582
10685
14283
10415
4518
2944
2297
58
2379
16288
9022
9861
11845
10026
3319
7457
4865
2924
7051
10723
14797
13524
13045
3675
7161
7337
10927
13121
14835
10883
9460
16929
11208
1172
11056
1372
8992
13470
16865
8342
16494
6344
2694
8855
3142
13619
11876
11867
15436
3359
6896
15314
3312
121
916
4026
16741
12810
3949
10996
1035
54
11434
13748
16045
16408
13918
13787
8989
15689
2507
5667
12185
849
13504
11507
13286
1146
7284
8371
12391
913
10260
13551
16694
12869
9502
13120
8955
16649
8163
10497
11074
6931
6639
12447
13877
3024
9210
9524
8985
10882
7627
12382
15359
4824
16458
14582
1717
16940
3855
5012
3843
11616
14453
9075
15462
13006
3228
10426
16818
2523
10318
15779
16501
11178
7204
9763
13422
8104
12019
9208
1562
15171
2824
14557
8240
6173
11861
15173
12537
12630
13281
10141
15703
1100
15355
10843
14359
6311
3182
3220
2273
9157
12098
16316
7385
4118
3634
64
3275
10547
11078
10630
2249
2949
3143
16399
6022
10989
740
9172
2290
11844
13393
6619
6918
14542
2535
8306
9311
3680
16627
1864
491
673
8553
13548
9143
6377
10742
12861
1740
2275
1451
327
12542
15992
2215
4414
2663
363
2738
9424
13850
13904
8899
7193
14429
7045
778
5985
9503
11934
12864
15093
2994
9430
6932
4658
14219
1609
7017
14628
1579
15488
12106
10333
8272
3888
10255
219
14314
14139
16916
1409
16260
11180
4505
13091
696
13845
2753
4004
2355
16814
16047
4356
16654
7048
6751
14381
13932
13196
4466
12257
6609
8280
10643
14214
16247
10917
6027
1188
5334
11447
17
14979
8373
16275
7129
3631
4275
14488
4490
7763
2536
8653
15427
10659
13239
10221
15251
12002
2520
4033
5852
2397
6938
15229
7267
14475
4979
11143
13704
4579
16549
15514
13655
2281
14862
4767
6545
1401
2717
8451
14783
15584
9830
11611
6824
7912
13160
2492
16107
8733
12392
1939
7230
1267
13292
2418
15032
11544
10995
5355
12502
16706
2042
4074
4036
13535
4344
8729
4575
6413
10296
1672
1912
7484
7656
8066
3961
2914
12091
13242
9390
7688
8683
8014
5244
11698
14074
12735
4965
1915
12059
14592
5053
4077
1029
14003
12780
245
579
15429
638
2421
4369
3077
2541
10252
4378
3348
1151
34
3416
12984
7988
12675
6513
14512
1302
3493
7046
12285
14871
3181
7080
26
3789
8475
13441
1469
3422
562
5842
2956
5993
8861
5120
9081
15092
12435
3279
7220
14727
4066
9724
8380
10550
8960
10118
8718
16332
11738
11981
264
6448
7565
9135
1726
5812
14442
3372
9086
14928
7984
14827
12273
14559
7537
15532
1283
2945
704
963
3767
4222
16777
4795
11775
15079
12133
15333
9238
6473
4352
3521
10284
1499
3526
6002
10540
8887
7805
4884
990
8391
10744
8925
16651
11075
13523
14757
851
11335
169
5709
10348
13225
2125
9434
4417
6661
14762
4274
1420
15541
13457
12283
11612
16931
9019
707
16531
9907
9908
8062
6804
12758
4288
7038
9726
11225
8884
16262
5638
5979
16388
13380
8782
14295
16590
1594
736
15099
13175
16352
10679
4402
5894
14726
6532
15868
10477
11547
9150
6407
2026
8879
5939
39
11592
14947
4423
12862
4278
7453
5934
1347
14192
3583
16198
918
3076
9407
15858
12613
322
11454
8523
1830
14804
15341
16784
653
15859
100
1405
2113
11013
8253
455
14175
7436
2860
1793
14385
8270
15035
12344
7939
4367
14843
11193
16702
15854
15232
6576
5249
14435
9792
3064
16479
10392
11851
11957
13553
5662
13628
1109
12927
3550
12533
15961
307
13034
3615
12922
3607
12430
12890
1445
5702
3716
1721
15395
14679
4139
5747
7001
9080
12685
12359
3257
10706
14621
14529
10610
13513
40
6075
14554
16420
1014
14746
10589
11943
11762
8393
9859
15496
12936
467
8051
6826
3980
16272
12784
11615
11392
1063
935
8209
5203
1304
7521
6912
383
16118
10914
16955
10839
9182
476
15186
9586
16693
4496
581
3647
1481
8669
6244
1807
8136
5447
2195
3480
5856
3175
6802
12047
10128
1703
13675
10689
11179
11105
222
7191
2212
4761
7272
7838
13002
652
11658
8755
1266
14974
6445
12076
3645
7202
16153
13057
10219
3775
13966
5214
4703
961
7866
10254
620
10711
9854
10893
9096
4927
9134
184
9720
11548
14696
10662
14613
4195
1306
12336
5987
7234
11904
3118
16620
10628
9158
15699
2058
5033
10502
13730
1728
6211
1475
4510
348
15072
15157
16345
9714
5369
2287
2880
9105
11518
8818
15303
30
10215
10758
809
9599
10262
7095
5592
6983
2662
6374
8241
8198
158
12759
12623
12248
695
817
12523
13549
13040
1626
4849
8458
7540
15143
5129
15712
8716
3820
4032
14715
372
14570
8276
6305
5673
3066
13033
16875
8572
15027
399
11332
13227
11160
16791
9017
777
5825
6498
14015
10070
16000
6120
3815
7257
15466
14366
4217
1327
13801
7733
1928
14418
4985
16387
16002
14114
11717
4794
4578
4346
11187
16003
9492
8148
3096
13170
15174
14301
13645
10073
11037
3558
10469
4938
8318
12937
8544
5581
15479
10419
3184
3696
91
8646
7510
7408
1210
9079
711
11024
1976
12151
6048
11499
3573
16015
8825
6190
3464
2670
14245
4382
9852
1351
2913
16666
13776
12595
2688
8010
16559
8473
12829
15595
6420
6031
16075
12702
4539
5260
9996
8359
10095
6020
9247
1375
8526
16318
6055
6304
1950
14302
2344
15196
351
6616
6734
13813
373
10390
15385
3636
11725
7834
10733
15906
5346
15746
6595
6114
11396
16384
15623
12372
9280
5723
6808
11500
9651
2172
3699
4755
725
1211
3969
12925
7117
13807
10906
12563
5316
13431
6988
12839
11700
11473
7098
13920
14161
2111
4027
4676
16212
16959
4253
518
9623
12377
3133
4747
3154
11517
10754
5537
10187
13811
10504
2402
16776
6689
4297
7961
205
14811
15262
7065
7928
15857
10387
11797
316
356
13962
3284
3869
15597
9318
13998
1787
13115
15675
1254
2803
9958
8191
11379
4599
2578
13469
15869
3293
9924
15887
679
11634
6587
3258
9816
16085
1201
14578
16597
16873
868
16319
13898
4657
6219
14
13073
9440
3760
9894
11623
1252
4623
5902
1449
11241
4416
7983
3050
4192
2737
5755
9571
2239
14821
12851
5066
906
15278
13624
10270
13878
1148
8599
14798
11350
5370
7126
12348
9223
7646
15324
2822
9855
11559
12365
8943
4111
8038
5694
13608
6939
2516
15193
8562
13821
6354
5629
6558
14999
2039
5259
5990
5927
8401
4684
16926
7483
13293
13716
16166
6633
514
4790
10602
15406
3429
10971
10189
124
13637
974
12975
376
3069
3858
16731
9833
16735
12944
2164
9754
949
14886
2624
13858
3593
4019
10113
2435
7217
842
11674
10258
1257
2929
4375
3171
13756
15529
13916
2863
16044
4980
12885
11761
12610
3469
9863
9363
3308
14956
15844
6279
14793
2834
5135
2447
11655
4318
130
10903
2131
13614
12739
2657
5500
10986
16364
2474
8348
11352
131
10439
4503
9335
8487
7543
1305
14566
10468
13103
15362
11722
9526
12979
11906
13090
15652
11093
7434
4774
14340
15542
15840
6278
8497
8323
7995
8245
517
9534
12155
13817
16338
10020
846
1731
7414
7708
8337
7496
5389
8979
8967
12750
1667
6368
14331
16850
7207
13204
4467
13398
13477
4484
2054
13679
7227
15834
8416
13053
3656
1905
8781
6801
16326
4034
13501
813
3231
9323
3664
12021
7254
7896
3894
2951
2471
11284
879
14267
8686
8394
7952
12722
16361
9664
11825
15223
16422
8932
15551
6276
10080
14951
2304
8926
16804
7644
9519
11246
16721
13413
2692
8119
461
11362
7504
9784
4389
3378
4651
13940
16199
7874
1796
3810
1008
11804
11008
2606
1078
5712
14668
14364
13128
13950
15318
16101
7780
14264
16899
7885
13352
8479
2584
4975
2652
11015
1155
4010
3595
9850
4271
6177
6610
11411
11324
379
3395
10861
16792
7894
11083
248
784
10292
275
14523
3764
469
5677
15147
14378
6085
6847
6074
7312
1444
9380
13168
8386
3794
3506
13735
3410
3554
3081
13297
9078
5810
208
2911
16962
13294
102
3510
14404
11211
3759
15416
1225
8304
9470
13106
303
3873
8644
9918
1729
2633
7053
8128
8968
3227
12170
1017
13046
16315
7145
16393
16355
6735
6491
10782
611
3841
283
10691
10942
7188
2422
9959
5744
10386
11726
11826
8389
10302
5056
3777
9568
6677
3798
16019
8192
14853
14945
6953
12952
396
13888
1237
5184
8953
2393
11757
7901
7084
1758
1810
7451
10828
4182
2644
10494
11944
6306
16171
5873
5616
7889
16532
11838
11920
8340
15258
13825
2596
14417
6885
14823
15342
11082
14699
80
6287
10702
5607
16365
7880
12438
14877
6659
14068
2984
14143
8827
11721
11217
2010
11166
13494
3782
5698
9313
2825
6694
10157
10140
11945
9930
16094
1517
8637
4458
9882
10309
10603
11911
1603
7137
4299
8180
11050
12896
2377
14722
7932
1665
16037
1742
14505
11095
6115
7224
3025
8603
13586
15646
12141
3997
7744
6359
7226
15440
4349
8123
1851
724
10941
11953
85
9579
7673
1403
3735
1357
11956
13685
10122
6715
5171
7761
9904
2449
11033
6050
12081
3124
16468
15556
11514
4522
14428
16208
1510
11307
7109
6245
4666
7858
268
16105
15552
12135
3498
11088
12416
4734
8296
12171
16794
14534
16113
15902
6003
106
3948
11084
1068
15972
13897
9184
8302
12496
1852
7404
2577
15191
7427
6409
12771
8075
9902
16718
15398
6247
16980
8032
7775
12143
2383
17020
12087
13455
11072
16383
8059
12511
7765
8447
2640
8832
12574
4557
1214
4828
15094
7354
2313
9509
12570
8664
5853
5717
4280
4735
9056
15011
6315
4981
1587
11169
1293
11778
10526
12301
15414
977
8676
7968
12614
14038
16703
14929
16203
10370
15917
15115
215
1560
11271
16520
12428
14190
5650
12097
4281
8249
14484
5199
6594
8595
1584
14299
9697
13602
12772
3190
4720
2169
733
7598
3790
6995
3715
8461
7628
8541
10932
1646
1982
3061
12029
1549
294
16471
5078
15165
8739
5271
9289
10395
16293
6271
427
11190
1242
1670
3601
10705
10594
9987
4987
2666
10068
7181
16692
134
16440
7081
1893
2295
16170
2716
4856
14810
3499
12749
11614
6712
12618
4670
8327
9367
4940
16224
9429
839
13198
17024
16051
1316
11002
5032
2245
12436
16083
16062
13243
13105
13546
8765
8185
10062
15489
14987
11424
6560
4477
8791
13939
11899
14967
14081
6855
6621
7721
141
7212
17017
2049
9471
6507
983
11312
3502
6357
11693
16530
5399
9377
6365
6350
7405
4702
16574
13653
9195
12715
16665
8696
4972
12820
953
10774
5236
9517
7810
16737
3226
5954
5781
10002
4616
1411
7533
10083
2702
12358
8684
6863
6942
10813
6398
8203
10648
16823
13909
4179
6089
14648
9789
12792
9998
9481
9631
1685
13992
13562
5372
13054
11453
15375
13283
2477
1707
11889
3113
16937
10865
15702
5786
1836
16869
6180
12867
14377
8438
9867
841
3178
14135
9140
2902
4597
1221
10519
7333
14645
11313
6790
10351
7841
8707
472
8634
4408
6864
1715
12756
3561
11669
4598
3624
4607
5621
7633
3186
3975
1956
10385
8698
6642
2785
13459
2558
12086
11153
4149
3845
12601
7072
12662
16976
16605
16825
4843
4793
8769
2370
4468
10824
13785
2743
13444
12957
15785
14805
2034
15944
10581
7349
9145
14789
15661
20
11309
16049
830
16813
6705
10894
9587
2147
12249
528
12200
9330
8315
23
13636
11381
15448
4899
9125
14411
10776
1607
13595
10336
12159
13761
7301
4916
6262
7032
2114
8662
14400
12547
11709
8546
3281
11004
7021
12162
14758
14049
3957
3725
10156
15244
5725
10752
14317
3418
10952
4947
14434
5411
10728
1366
3123
1902
12386
3744
6310
7618
14312
4897
8129
1969
1377
6945
16211
11504
6684
793
11869
578
3927
5919
900
147
7222
10734
3399
227
11626
16848
2724
6982
14885
13038
2758
10047
2246
5608
14514
7155
2183
15003
13642
2830
6927
150
1641
5117
9662
3545
13884
3801
12309
9472
11769
7247
6280
15169
311
13599
8590
9173
5816
7149
5757
8311
15727
12591
5407
6838
11535
8842
2059
9988
2457
12714
5618
13255
11375
1253
15326
16131
9527
12686
11436
10320
14651
4101
4231
239
13607
339
11783
3766
14004
16979
13876
1899
11469
4044
8610
3004
1011
12840
594
7664
14485
13518
5523
3198
2615
7122
11266
11596
10625
9688
2300
10160
4269
15535
16957
5270
10848
12145
7278
13591
11636
1552
13539
7958
9828
15912
14065
2170
13971
13483
3032
16831
1673
10899
6727
6376
654
14234
7731
13417
14569
13520
2286
15101
12061
9546
10151
155
13894
5429
9236
16700
8478
5871
13594
5516
11839
1661
3433
7863
7377
1285
9000
3745
9038
4433
4743
11122
1307
14977
15360
2337
14842
2706
3694
693
12220
14907
10015
4648
9043
5538
7871
9770
14080
12465
14258
7035
15216
5289
206
812
12355
5808
16781
199
15393
10256
5536
16822
5051
15234
8037
308
10436
3945
3667
10836
1780
8888
9565
9327
7372
13389
14623
1236
8300
10208
1193
3629
7624
12444
12743
8331
13329
11378
14455
11766
16088
6653
5749
7611
5778
14581
10108
13543
12368
9489
8589
12153
5105
12232
5715
796
8816
15215
7727
6436
9626
16249
10874
7607
14420
3346
9743
8586
417
8088
3707
4178
16363
5655
16119
6230
6479
16492
3861
4890
14500
5510
2518
10228
11686
11540
1629
3243
16286
14874
10663
13670
11186
11938
11227
878
7635
15807
14790
4453
3317
1187
9068
9708
9675
16583
1612
8339
7344
13428
3446
6961
13303
17001
922
14226
14594
9089
16640
3183
15252
2673
12003
10371
16920
15382
2498
12907
6345
4223
12624
12419
12018
1309
824
11556
5463
13024
9717
12173
7274
1996
7940
930
15940
12958
16990
12351
501
12924
1697
3557
9678
6794
10678
4573
13134
10994
15874
12697
10529
16691
7707
13810
15920
1936
13908
16204
8367
15465
5168
8130
13075
14457
8846
2143
9061
3706
1341
9647
876
13597
10829
4234
14690
16476
16289
6157
13554
7699
8361
5161
16914
3922
11351
15768
7365
3002
7068
10110
11257
11960
782
7334
15077
5164
3640
11691
15064
13757
11923
3287
10263
5088
1710
11574
690
1696
8489
9540
8881
2892
10226
13222
13754
16543
13247
4321
12598
8058
10445
7474
413
15958
5494
1279
3768
5052
11487
6463
7120
16270
11874
12532
5752
1964
7435
2654
191
16295
1634
15263
384
12485
4037
2508
13013
13145
11598
5831
7573
6150
8502
3233
12796
16839
16546
15935
4580
1779
4157
7417
7467
13564
11983
11252
13086
1348
3267
2869
1045
441
2990
14767
13584
3122
15654
10900
5005
13460
11868
11883
15518
1592
15528
7640
13347
15268
3201
16753
6630
9352
9680
3903
2820
4495
6783
7350
15233
4104
14773
9457
5721
3856
12968
16668
870
6753
1143
2359
4878
3401
1535
16370
8025
9200
2086
7544
2778
16457
4338
9596
11058
9590
11295
9161
14968
14774
15029
1537
3285
13375
14054
12778
6674
8762
10117
11420
12954
11073
14575
1438
5915
1122
15823
10328
13728
5014
14546
14848
6049
902
4054
6831
4388
2525
14966
5470
6525
8021
1027
8578
6823
7091
13743
4604
7461
13531
4437
7163
7259
9488
14449
13928
10909
3324
8423
8963
16193
15600
1723
5774
4864
15926
6607
1042
12246
10143
5437
1493
8131
9155
6843
12189
15580
10726
2870
135
9437
8710
5690
10852
458
12400
12319
14606
6435
4646
7426
8435
14341
325
3239
7550
14304
16362
6990
10232
11935
4201
10642
16385
4320
15407
8427
15052
16837
2309
1165
6108
7307
16084
7318
10448
15749
9219
6187
2980
11267
1487
11006
6592
16127
5886
8866
16462
1240
2782
1321
10740
11855
10021
13276
7994
14176
2243
16025
16971
11482
442
1463
2910
12552
6324
2365
10171
2121
2868
7138
51
12594
5373
236
14326
2826
10503
10207
4679
9333
4968
10135
3884
11681
10727
12410
1568
5003
11316
2576
9205
16337
4550
2762
15290
508
4287
2217
4627
4314
11619
13438
9873
15694
13367
11583
16656
12794
15134
15024
735
1324
12632
15272
15903
9151
1941
14879
1792
2779
3008
8743
14106
4262
5479
12737
9083
13718
11127
3701
5390
5186
5837
4911
3117
11727
6272
2625
5923
14552
16485
8013
3756
7738
3157
5331
1523
7390
6363
2338
7107
2032
12000
14397
7454
4792
16342
4144
2504
8838
7636
5899
7356
2461
4326
7954
10107
3424
15986
1081
13989
14173
15818
6025
10521
4977
6516
4759
8445
10884
6430
16498
16558
12559
9063
6119
6065
1907
6889
3552
7501
15676
5298
2075
14701
7511
15520
15526
8073
4061
9339
6308
8207
10427
16908
2244
16016
5086
5726
13775
5031
943
14105
14641
11264
16570
3290
4971
2138
10191
8501
12836
8747
16918
555
5770
8636
3262
2083
7090
403
6627
10175
1512
1732
10475
7712
6737
13570
16577
12342
12129
422
16897
2788
14912
11627
7870
16001
8457
9736
5797
5943
8996
14509
15390
13860
7147
7906
10492
5472
5522
3333
14553
13209
10197
11226
3056
9603
12713
13781
11437
15184
11720
11429
4107
12094
12923
11718
5710
11715
10485
4680
9927
11154
10988
177
9329
13558
8217
6820
2560
13162
2528
16114
8732
13870
2947
16209
2221
4594
3455
1919
11152
12202
16745
16269
6277
4100
2559
167
1419
14062
3447
10562
1300
6082
9864
14779
13958
11877
14191
1716
4662
2279
14158
4542
3527
11743
15747
11293
3141
10720
13841
4446
4863
11124
728
3727
10656
16989
7671
15510
10039
14863
1895
9856
4431
5850
8408
2154
3809
13139
269
2588
4892
7736
10433
3078
89
16527
8482
6830
2922
10604
15969
16092
7777
11086
10036
16324
14230
1244
14492
10681
5692
12045
16429
5651
532
6346
3657
12512
9442
6439
15315
1002
7172
4986
7600
12243
4574
10745
3115
10629
1699
6032
15136
7514
627
10499
7893
14562
11322
15952
14157
14140
16190
8588
9613
12378
15864
7421
7499
3070
14815
12850
12165
4392
10361
4563
5564
4449
7443
6455
2448
6589
13021
7189
6522
8930
8898
2773
4880
15517
2335
14469
6520
2177
15669
7649
16139
14876
2271
5329
3009
3808
8853
16229
15247
6495
7167
12914
240
7479
538
7190
10401
4827
12534
12208
11974
7788
15280
4660
7215
17022
4196
12848
7206
3625
571
5826
2128
15898
12147
53
10153
10556
11410
7317
9671
14382
2260
854
4811
10807
5777
5701
6130
5834
5783
2451
11400
8685
669
12681
16586
5110
5652
10773
7255
7908
3163
14394
6295
6897
16991
15485
16057
17002
12007
3899
9423
12881
10420
12791
15227
4955
3577
15273
9712
15424
1815
6752
14410
11334
233
11342
2021
10237
16826
11461
1543
9211
4336
11852
12887
16028
15291
7773
8767
16807
4661
7651
5553
8064
108
9880
14506
10286
15975
6061
1881
1066
10092
6185
14072
12514
15117
5319
3311
281
4132
2328
14921
6543
6502
3368
11403
15144
14066
7813
6758
6992
9605
7369
6201
11265
12148
8118
13862
1998
10561
548
14472
1282
254
3569
9427
11079
13076
1613
10476
10763
16722
13405
132
12163
12527
11314
3150
888
8951
11653
8561
12413
12286
16018
3485
10632
5361
14227
2921
5247
11905
1041
7262
11071
14350
1545
11847
14013
15997
9773
7087
13631
10639
13094
9952
13616
1250
4527
4456
2238
15013
15257
7667
16080
13835
12399
2256
9889
5859
13300
3278
3665
13410
15298
5392
6591
12448
14719
15122
123
6740
15446
5158
10693
8167
3912
9826
4845
3172
10896
7806
11821
9701
15151
14436
3785
15283
9288
229
3755
13077
14431
1833
7288
1112
3690
13527
15533
12529
9257
15861
2959
3781
7824
3533
9221
3835
1888
2557
3728
8159
15711
11104
4819
7235
6422
15671
15051
15230
15369
5057
8251
15141
15691
11751
12811
7034
8093
9806
681
12338
17019
2237
13036
10808
13681
10164
3164
3407
3011
10944
9230
3834
5345
14251
3860
11140
13350
13753
10565
10495
6531
14091
5730
10947
4992
3364
4219
10508
16974
12486
1955
5913
5802
13705
289
10437
5007
6909
9477
10507
15043
633
14108
390
779
16236
2450
5324
7450
3650
9891
9942
14878
4368
6884
4400
9046
8232
7243
16891
8918
238
2107
7251
15287
15343
893
5367
1111
14216
6977
13497
1117
7241
11047
9659
11863
16182
13368
7784
15371
14121
9052
13714
11895
3671
11632
10983
1450
4730
12763
993
305
8770
15016
1054
136
10195
2487
6493
13208
166
15700
14518
3310
13064
13016
9107
7987
14894
4342
1384
13666
9652
1026
13397
2792
14016
4406
8555
12360
986
6906
12017
3427
15433
6673
157
13061
15084
5962
8587
5384
9690
3478
3603
15981
3729
16674
13571
12256
377
5706
9024
2832
6138
8814
5077
9981
10094
6725
14733
10217
16442
13644
16235
3280
8889
1757
11848
2046
11916
1735
833
10423
4618
5328
1605
1821
7658
16713
9446
13515
8068
10491
11277
1581
6711
4265
12955
16928
10778
871
16562
2459
4779
2879
16371
15074
13703
4150
10422
12655
12287
9619
15401
10943
3641
14498
4881
10789
6158
11097
1788
9913
253
7578
17006
12947
4241
12383
309
6348
2770
16121
16874
11900
11219
3507
2794
4247
10649
11642
9035
7877
2505
13485
466
13565
2441
15150
6743
12819
13745
11760
12643
5485
3563
6253
8188
16896
6132
15905
2399
4546
1850
174
15657
1774
16548
13039
3926
7110
952
2124
3105
13600
14836
7004
6270
2585
10878
2732
9735
7112
15028
13409
5245
10699
781
15012
14372
3555
13763
7686
9094
9943
11238
2166
11666
15985
12996
12085
4941
1412
4577
10741
15327
6584
14609
13267
8864
1009
1790
15968
6110
5610
5197
256
9539
10277
5521
14539
404
5400
14244
14640
5188
2146
13031
8986
10759
7308
2875
10006
16855
1299
5341
13176
10162
4080
8882
15882
10725
14117
13899
6418
9228
4079
3964
9308
2819
9191
8454
1693
16782
13687
74
14528
15450
12114
5010
8307
10103
4804
2023
331
3872
4471
500
10090
3414
3719
3390
16963
6053
4145
892
1332
6530
10316
3857
2510
4146
5613
9615
12898
9563
10680
6293
3192
5984
8254
7614
6301
11199
16451
2465
11131
14298
11106
6600
13364
7176
3553
11763
15153
11310
6529
209
9181
13291
6873
12928
11628
1484
11298
8083
15662
4582
12859
11985
6641
3035
6868
6339
1119
9655
541
15288
9020
4136
4521
9811
16005
16624
2189
4961
3825
11755
12041
5039
6471
11229
4190
10413
15607
1580
8324
14430
2679
8259
10701
490
8645
14631
6210
15457
14704
10860
11873
13783
16052
7817
12235
15
15481
5998
8552
9628
14917
116
4530
7218
13216
7689
5835
7130
7929
16104
6949
13149
12941
14691
13047
3007
2881
12982
10339
4586
4944
16578
8211
1694
7930
11986
5630
7498
1880
12466
9163
2269
13071
11694
6341
8652
3806
14834
16888
3871
11171
5374
2987
9533
15553
10294
8036
13259
8933
3237
16499
3437
15560
2587
8509
10352
1471
12992
16820
855
1095
16860
10713
14700
15512
2230
11161
8962
13931
10037
1734
14982
14996
4071
14459
478
11019
16505
1218
3643
1775
15754
559
11801
14031
1097
11822
7431
12824
11525
11065
8659
3
6679
11041
1868
5150
9860
8250
12313
13095
4255
2594
629
2617
11740
8365
4324
8514
13058
8777
8877
387
9937
11283
2288
3670
16541
1518
3622
11136
1993
14983
4716
14703
11497
120
15838
2855
1428
7026
14045
13274
13374
6648
8041
3358
6450
13872
15195
16701
12030
7332
1797
11689
12911
3320
14674
2255
10596
5156
12340
16278
11927
6096
2087
5393
15893
10859
14551
9099
7424
10553
4024
4277
10163
14050
8858
3942
10938
901
119
11723
10279
14246
7223
12194
16207
10165
6167
885
807
6318
14323
6550
290
2590
2354
3560
9581
13534
15738
10792
915
14897
4848
3028
8828
3998
511
1901
1713
2761
11418
9171
16864
13516
11345
6356
10710
6509
4882
6793
12177
2433
16729
9207
11205
2090
7718
4109
15224
14855
5961
12160
3363
13449
2400
2549
12063
57
4141
12137
4014
8806
9666
7568
2877
13702
7171
5059
12949
10851
489
11710
15431
10414
1599
16540
12376
16625
7323
837
6544
16557
4523
3501
13988
5823
13662
9438
5368
12455
9728
7419
9776
2597
14203
12660
14285
622
324
1311
5421
3491
12315
3904
3335
4048
15723
16912
10152
13282
11754
1668
11990
7281
7846
14808
2519
3134
12628
15307
6292
13015
1479
14026
10585
1827
11272
6021
13975
4939
3381
2573
14474
6620
14229
894
15500
15523
5973
1339
16994
6691
6709
1546
16996
4329
10170
625
15107
10978
10429
5705
1127
13421
12698
13012
16843
16759
15005
14744
11269
15242
7285
1920
10876
7876
13307
9780
8581
11151
7481
9218
8155
13309
6316
8215
6779
10174
6987
13943
