8800
13743
6483
8078
15467
15953
5949
16849
796
11287
11984
13566
7927
7343
5471
1837
10944
5702
12438
8485
11802
338
5213
17001
6387
4564
14488
5108
6159
4180
3491
10319
7009
12523
2880
1561
9320
9696
1652
6506
4565
14618
9695
15583
2301
11307
8386
16101
2307
11993
12533
9493
14532
9277
1022
4600
3003
930
10142
5011
3158
2486
2255
7905
1602
1775
6862
8897
8561
8475
4831
1519
4533
14614
12686
6730
15655
10547
7002
13968
10053
3020
15212
10399
16975
8269
1143
9874
16512
2113
7877
5003
3928
12029
3683
9408
2221
6644
1358
15818
4897
4267
2539
5412
4880
16437
14474
6668
16493
6486
8140
12410
3513
8813
9501
13097
10635
5434
7832
16829
9098
3561
10707
6994
5118
9546
1193
1658
12710
8494
43
7199
7585
15542
9384
1507
13760
4860
13497
5556
5674
14573
16506
8927
939
1415
1797
6892
6545
8056
10372
16559
5390
4594
6546
11698
10163
3811
4761
6753
4160
12149
2577
6114
130
6538
15110
12282
10576
7489
11957
11262
5777
4855
11660
10593
5087
1771
13754
14420
3154
11061
8963
12356
1484
4321
8059
7408
3002
5998
9871
6004
9834
14712
13123
4150
8146
3581
3669
1902
13354
16690
16040
2388
11055
2712
5921
13857
14848
15536
4362
4856
9676
2678
11800
6376
7623
6134
15983
843
4585
7739
298
11472
16578
1941
14434
15908
15994
6970
10397
8101
140
8842
4128
931
10847
3759
6333
11085
12264
11565
2338
10241
3788
16310
11419
8430
4743
5769
5680
15892
12349
13015
11252
11970
6278
13116
2914
16832
13147
4375
9240
12411
2633
5683
5354
1044
2188
9945
9573
4408
11184
11806
2570
7419
2395
2557
10044
3319
15660
969
14102
12901
1799
13557
1688
5579
16130
11381
13981
16716
3836
12384
10222
2234
16312
14830
11326
13160
5208
616
13527
5492
11524
1546
11496
1382
7634
5352
14364
10405
1154
16380
13417
9046
5508
12295
503
1159
15538
13523
13124
504
461
14352
4550
11857
4196
16212
11821
3623
2510
6069
1641
11870
7352
530
13572
13002
1826
10683
13730
13964
2278
13322
15011
14566
13980
12105
8762
14633
7575
10860
9835
4105
4874
14304
7511
14895
287
9757
2928
2594
4980
2854
13357
13033
12669
3568
6588
1653
11041
8772
12677
11706
6799
15404
2646
3807
14014
14632
5886
6583
15878
15322
1573
5978
9359
15690
10786
7305
16388
4923
3872
13121
246
8532
11655
4651
8117
16299
2226
9637
14470
6130
14041
10212
3382
11691
9572
14131
10665
7743
17020
10875
9063
13035
3883
2085
7262
6534
16049
13210
2842
8468
14700
23
6293
11312
9266
806
13621
14156
8952
3466
14341
5126
5331
8635
14845
2936
507
16280
11932
12881
10124
15055
14407
2435
2018
8954
13252
6449
2653
6366
6237
9570
17017
16350
2212
7619
9685
16465
2698
3678
12316
2734
4390
3290
8505
9942
1889
16306
6224
12032
2987
15635
103
13444
5671
9497
2165
2996
14921
8572
12249
8436
8467
8248
4898
5884
7261
16535
9111
16308
6757
2703
16732
155
849
2107
7920
7598
13876
4765
15783
16859
3445
12131
8644
16545
16381
1499
3262
294
3131
13283
4876
15479
10871
10214
1765
11206
1956
10096
4603
14378
12864
3679
9203
5340
12675
9217
1593
10009
14197
6479
13212
181
13479
14699
1617
14222
3667
6470
13498
14920
8918
11413
16730
4842
12914
4655
12088
6292
6738
4243
10018
8862
10474
9132
11431
1267
15702
4403
1184
16585
7723
8870
14485
2563
9036
8158
12333
1595
12280
1779
730
13008
3859
6676
9675
11156
10963
2079
3840
14599
15954
11680
121
10688
16838
71
10532
7308
2912
16152
6833
14726
3822
242
12678
12024
8149
10465
3905
10884
14124
3588
1568
11113
11200
10545
11053
2381
2749
4746
14552
3456
2959
10615
685
4977
12598
10872
16315
15238
16757
10885
11721
1257
6496
8806
16803
8658
3613
2530
12960
12956
8185
2259
2040
5841
6360
13723
10906
3680
14900
6467
5822
9222
1801
9960
11757
632
3210
5391
2026
12698
8908
2781
2750
138
15044
12879
347
15172
2036
8792
2412
8739
1791
493
12612
3824
8980
14611
2237
10789
2006
12396
10737
14055
2139
8125
4132
875
8805
14804
3059
10785
13235
4894
7490
13163
501
6352
16816
11462
3511
8290
1704
6755
8104
4060
6985
1697
6007
40
10955
8539
9580
13090
10527
10095
9191
11927
377
4446
16231
844
5138
9592
16334
15947
3540
12724
4038
10831
12174
6711
859
2933
586
12139
12569
487
6752
15031
6737
13734
11281
280
351
15669
6338
3809
13321
2408
9544
10882
2144
11271
7661
14195
9372
15643
9625
15645
2039
6012
4040
6965
5472
9641
6218
13433
1283
15956
15357
3106
2744
16940
4903
6341
7338
3787
12863
4636
9183
10261
12679
5328
6435
3693
12398
14168
15744
10048
3846
7625
911
2463
3455
1341
2437
5672
9555
10988
16950
12628
15119
9091
12753
7948
9464
15567
2305
12733
16876
9207
5762
11333
15914
7793
11494
7021
8982
2072
8429
8091
16977
4006
10587
4513
3444
1088
10822
12367
4502
13576
322
2894
9369
9041
11083
12503
13993
15724
14086
3668
16566
16321
7143
12968
12584
2311
10712
2438
13684
2020
3629
593
5408
12082
15731
8709
8662
13747
4377
3130
2104
6860
13695
15501
12631
8424
1273
9382
10182
12746
2522
11846
1691
13277
16077
8036
3884
5614
6255
10959
3731
2973
5235
2027
11745
6553
12371
16608
1943
4020
14072
2660
33
11411
16451
8934
16764
1763
15489
13543
8309
8798
8377
9906
3834
11617
7641
13806
11342
2136
2173
8904
12936
5747
14275
5521
575
14677
5210
1473
5511
2195
3793
10121
16045
13638
2791
190
10269
6024
12189
12529
904
8102
6457
9947
7517
13897
5989
11456
5005
15712
8525
7397
16386
16069
8716
1827
8747
13505
13026
10913
775
4461
8330
10458
5450
5067
4596
13074
14775
1104
15591
14810
11656
10021
11075
12816
12448
4881
10081
10179
13784
10476
3483
5847
8442
11376
1628
2382
12417
12001
11928
7976
3982
14234
14798
1278
5936
7566
16595
12206
10658
9958
12229
15062
6444
5976
4507
8938
6769
10352
15598
4252
5659
1780
15541
10084
740
10998
2509
7035
13363
3396
5277
11367
11370
15733
10844
2254
10148
13445
4288
14439
11781
10221
6247
9184
9367
8913
4193
7289
11088
514
4334
16726
4969
11035
6298
14172
11290
5125
16533
7531
7552
12014
3009
10227
10655
6083
14928
16817
15421
16015
6721
16842
14536
10276
15118
14085
1764
7157
5376
4553
2266
2573
10429
16214
16573
6498
16317
10819
14060
13428
10700
934
10410
1379
15875
13509
4476
9019
12591
4071
7656
9732
6939
10196
12798
9735
998
11124
600
16864
13250
4718
13766
4226
12201
10477
11575
12348
6572
9707
5114
7711
15955
6347
11288
16888
5393
1539
14210
6141
7665
9342
6976
9539
11375
11511
7404
5893
1936
7509
6770
13411
13385
15503
3947
2558
14217
12199
7895
12401
3538
12992
7505
5918
8204
13011
9385
729
15551
12093
2109
2048
16122
4005
9103
4975
1076
14380
12966
11503
9026
11906
10778
10863
13846
12208
14286
589
5351
9998
4266
11311
3259
6615
4453
10533
8229
3927
14725
1565
16061
15858
8370
4794
14467
13759
10773
7644
1389
5255
13380
1530
2317
15354
15584
15257
9800
15891
10270
1518
2071
109
2343
10496
9850
15066
11594
7391
13366
4441
337
11666
1210
13330
436
2396
13666
5355
13423
8095
14808
8412
6778
6543
4089
3157
15665
13009
12756
5196
7528
8681
3510
2054
2231
14018
10813
16758
64
13962
13864
2069
6655
3814
15561
14738
3621
3950
2969
11922
12980
2418
15518
13777
4127
13861
8906
11062
10339
13678
15826
5828
1011
4443
8613
2606
2182
6312
3710
6934
5360
6589
11611
9793
15142
6288
14116
16242
6261
2176
13536
13487
8009
14319
2873
16488
7538
9995
13093
4
13105
14927
11057
2416
10141
9986
15083
674
8751
10887
7981
9340
13490
7433
634
9097
12489
3298
8389
2526
3952
14053
9420
4338
2152
1777
15475
12837
3234
1517
13871
14073
10651
15933
1372
13403
9347
14143
5012
3142
5306
8245
2320
13714
5169
1548
1339
5066
731
11850
10313
8466
11245
13829
9930
11018
11481
565
15905
9969
14948
1739
1422
11605
14486
3273
4102
7432
9175
1346
7412
11467
11284
10553
15310
186
2809
5778
6115
8851
2468
2916
6680
3061
6132
9388
3819
11186
807
11476
10354
5133
16840
3198
7911
6614
6065
8669
15298
10578
2452
6418
16681
10821
5653
9482
3294
16098
10208
680
10315
5576
8426
8432
7226
6168
1642
265
948
9084
3524
5265
7797
1757
7251
3315
5816
5200
12479
10421
13072
9854
13315
14076
712
2068
8037
1874
4495
8275
6170
3821
9927
1884
16260
7264
11566
16546
3804
214
15386
10295
2521
14107
15992
5347
15228
9107
1609
11480
7483
439
2393
11991
7845
16167
14399
3705
365
15353
16028
11423
2681
8363
7742
7677
6297
10780
7540
7232
10814
6167
9152
6522
5183
8697
4326
10923
1624
5461
12319
1933
8720
4184
5825
13465
8052
16473
15622
574
6518
14233
5026
1717
13459
6594
2200
16194
3795
2062
396
11176
11310
14950
15030
5862
1822
9358
1405
2659
7370
11044
16216
10904
14405
15554
15178
13552
10830
3369
3474
9163
15060
1417
5609
2447
217
3117
14750
6684
7868
1351
5430
15759
7399
8726
12624
12444
14502
11743
14584
6953
13187
6461
16684
14078
5537
6079
4932
15835
13870
6011
9596
10794
495
6431
7431
11026
16080
5416
5781
10388
13636
5650
68
10181
10537
13801
8866
8353
9989
5221
16366
8646
15847
11393
4911
4395
14291
848
7541
2954
14561
1252
3225
10744
5681
15593
7279
6812
14642
10336
14659
6514
13614
7320
1362
6319
11246
16794
14704
16847
5448
12275
15938
283
10644
5612
15320
15734
16294
9056
169
3941
1092
8153
8710
9762
12361
15781
11648
5827
10378
10312
13567
4065
8030
16973
3479
14998
2019
6505
7951
12719
15813
13525
4671
14199
16319
7972
6869
4047
7392
5805
13267
15517
3347
282
6289
13347
16238
7217
16604
12237
12732
5055
6358
3865
16172
915
10144
2710
13146
16282
9805
15912
7807
7721
9729
12834
4915
16444
15303
16824
14891
16409
35
9908
9451
12432
8700
10583
4936
12846
3489
6887
12360
16375
10390
1754
12488
8615
7265
15863
11224
5424
6494
3912
4095
14942
9748
15989
4373
11173
8799
3837
14718
8286
11591
7610
4510
10260
15437
9725
9489
11368
10753
4358
5455
5057
9423
12967
14696
15758
1694
11498
1584
12391
1144
3226
9563
9425
15384
11442
5043
12013
15377
10878
7418
2194
5004
10530
3844
3546
3244
3401
7139
867
16705
9145
4470
584
15534
1864
3314
11300
903
13662
2044
3305
397
4382
6620
12195
13339
4155
15470
9253
13359
13530
13814
9519
14901
7915
13137
12084
9769
762
16791
6801
2084
2741
6077
8600
5538
13912
9337
7083
8704
13299
14010
11684
9452
4374
8421
8883
405
10575
15594
12541
16997
3279
11322
7373
7169
2421
14886
7087
5829
15301
6946
11661
6563
15430
4251
10004
13068
5429
2589
2580
10783
16404
2611
9078
1787
13545
11296
8051
10930
862
1418
3085
13484
4895
5905
14819
11728
1744
13805
16581
6555
14930
14227
3786
14964
8598
207
11560
15540
15295
13285
2656
9216
8219
13713
4445
3742
2253
8011
1828
8513
6838
5513
2230
10158
9892
7369
3171
1762
16948
3349
14585
8281
3718
2812
882
4657
14908
6861
2155
230
12135
14831
10387
12540
9307
8453
13180
14877
12117
7838
8925
8267
3183
3835
9462
774
12209
978
15746
10914
12297
1465
10775
12220
5617
10206
13016
2202
12051
10355
8071
8784
12747
5938
4145
13703
1572
17022
1071
16671
9606
8819
2474
12782
8683
5237
10520
7354
509
3469
14139
9777
11685
97
2961
11515
9311
4543
3514
8556
15771
3323
10359
9432
13300
6805
7667
1969
6947
5308
10442
1964
2625
11087
11546
7191
9278
6550
16656
9523
9559
16436
12369
16862
10586
11509
10554
3197
9027
9775
12298
7869
11869
5583
15927
2595
3978
6697
15270
8479
7646
799
623
6980
13901
5639
5025
14865
4126
12577
3663
15274
5498
4255
16600
4169
5505
7453
8566
11344
13422
13039
16284
7291
16782
16831
325
147
1294
3739
5330
1733
2272
5281
6577
11941
10334
5676
1456
16850
13374
6727
8113
6456
9208
12203
1773
720
5810
14740
2319
299
7709
5873
3038
7578
15694
3943
3084
15174
9702
2852
13044
8411
15275
13117
8515
3694
15730
14287
11616
11203
12210
3431
985
8273
13960
14342
13943
11341
5885
4993
11792
10116
3336
13086
16622
1676
2945
14591
2717
14838
9653
766
13142
16892
11231
1921
16127
3501
5980
3570
5096
11554
2423
3310
9137
9828
13655
14736
2499
3299
15996
1489
15881
15549
38
8649
13101
6200
318
7365
11963
7682
1138
14542
4166
4133
1702
16872
11427
8741
11912
8771
4302
8642
6882
11614
16400
12940
8364
4090
14431
16147
9460
6925
4595
15747
5670
4465
5486
5943
8288
7195
11719
15789
13966
5814
6982
11406
8871
13386
16395
9970
2647
10702
387
15029
11037
15766
1319
8872
549
4960
16887
5380
9538
5836
12641
15677
16476
757
4785
1659
2729
9619
10077
14016
2154
15629
16222
1087
1482
1027
9582
476
12301
16785
10634
13837
8939
12352
6867
16254
2944
11118
2150
607
5239
12023
8985
14559
3486
4684
8038
15126
15642
1225
5024
14691
2541
13302
11544
5488
6474
5395
10630
2855
15942
9375
4088
8589
13473
7309
7032
8835
6919
14826
8321
1543
9000
1651
6394
16170
10652
10451
16991
15671
4678
2100
1806
2585
3064
31
12081
15033
15115
9948
8302
3237
1863
10631
13526
787
7534
14796
3397
1586
5775
7395
11238
4269
8699
12239
10067
15146
10030
6303
6990
16459
9355
194
10816
16139
16570
6187
6271
4824
9665
3213
9812
1870
16458
14414
14344
12741
5326
13959
12412
8478
13441
13256
15701
14814
7445
8376
5724
2682
17019
9706
9566
12501
16742
9806
11533
7965
15261
10366
4590
7926
3922
1234
4945
10843
14249
14789
12774
8754
13836
9116
1750
9483
12075
6040
13547
4859
15928
464
14091
13271
7482
9755
14040
3565
14748
11517
10325
4704
8175
1269
11934
3635
15963
15400
5506
2536
13481
14592
343
6847
557
5931
14090
721
15548
10209
6260
6076
590
4018
1495
9852
2663
1124
10340
15323
15825
12069
16206
8135
7438
11626
7850
15102
7339
11404
6565
6110
3973
7513
8744
14634
14009
10283
15447
606
5552
2612
12962
13003
15513
4314
10730
12714
15664
13439
9814
7393
3302
12376
596
3062
3350
7657
12583
7571
12233
2209
4414
13985
9129
6029
10145
4349
4971
14044
11189
13664
5716
9540
11049
2337
6592
11258
14048
1412
2891
13716
12393
153
1164
7830
10191
6227
2318
4222
11911
2011
10286
7280
16811
10220
15435
6416
2052
1205
15123
2840
15053
16942
14505
3393
13733
13726
5509
7255
16990
3435
12822
8752
7956
85
792
5427
14570
4673
3073
11907
5618
14765
13850
15957
2257
14728
13400
995
5120
8951
3949
496
16641
7584
12466
11059
11254
11814
12613
15254
14152
12311
12197
15279
7189
5927
4118
1855
15958
14089
12815
3712
6578
10557
9922
8161
7612
10090
16746
12930
15042
13196
5050
5191
9985
11016
15580
2419
16378
16253
3553
16371
4360
6
9889
13051
10697
14160
12314
8423
6509
9826
8619
10062
6157
11093
13891
16657
13882
3977
2911
16727
17004
592
9293
3662
15198
16307
2469
8180
8501
1168
11942
16269
3048
9447
10238
3022
8301
4332
7983
11321
1500
12651
7666
1458
2362
10101
12111
117
7726
3946
6244
4027
8626
5182
5304
13211
3482
9162
9956
15007
16062
12959
13698
15872
3713
7123
5642
502
12725
12494
13131
16434
14610
15732
9241
1284
205
1585
6906
5209
6638
4820
3704
16866
11545
12744
4409
5456
9339
6137
16271
9289
16384
13910
12832
9710
16096
1819
7694
6340
4774
3206
8788
15581
8856
16263
12833
7980
7017
12038
320
16119
4682
15381
6164
7867
12973
4721
3381
13649
14219
10839
4606
12291
13606
5903
16875
49
16051
5413
9381
14361
5804
759
12116
2168
16173
10764
12886
15339
3488
15717
1213
12657
12276
12070
11808
11488
16332
8785
9974
4232
1393
11137
9298
4253
8463
14621
15678
14753
14442
4187
2121
2958
16467
12805
6251
14024
16715
8020
15998
3697
12423
16046
1748
5531
14188
8678
3149
5171
5161
13369
3988
11967
9009
9516
7921
15255
3155
13820
5849
10792
9632
11286
16841
2565
8142
13757
9414
11945
5974
6613
6176
12144
12995
3075
16054
11076
1480
6896
12040
1242
8063
16930
11382
303
7389
25
10111
4639
5907
4080
1715
13309
13840
309
12418
7299
1430
10614
15849
3627
9028
12647
16058
11714
5309
3093
13512
15338
4170
7740
11828
3935
9079
13738
16191
8879
2384
16483
6355
1236
5298
12776
9296
12044
15292
15425
1163
15579
15397
5353
4491
5245
6307
8083
12103
12485
2249
5723
756
336
1850
631
15393
8318
15925
5504
6455
7384
7034
1823
5851
6459
3043
15454
16748
8474
922
12850
15797
3359
7234
5753
992
1796
951
12358
2947
308
8822
2041
15929
3626
8767
4988
12241
5643
16076
12315
10873
8689
3355
9378
12005
6462
4393
12915
5794
11425
13425
14323
16345
3530
6179
1327
4173
2739
7113
15081
2903
7256
15919
10389
14272
10302
3414
427
861
5240
3417
11623
15585
14889
13174
5428
15855
13914
9978
12313
8567
12694
647
8538
9271
7804
7643
869
1017
13900
6162
16438
13643
13537
640
4386
12796
3046
15190
2517
15363
16617
7919
13269
6784
11303
8727
13470
4922
1361
262
8382
12327
2215
11805
10835
136
7754
2662
9085
6996
16401
16072
14940
14785
16979
9458
4696
16421
1982
8529
1867
4695
5571
9331
15289
14680
11735
16745
2995
6348
4225
10290
10503
1081
349
5226
6662
2376
9330
1646
11234
3980
10945
16613
4061
14841
177
7221
16329
10736
8503
4641
14031
10314
9983
16985
512
8847
9229
5776
3911
5807
8743
12562
3815
16470
4719
1360
816
5014
189
13013
12792
2605
6661
15160
9899
8195
3168
611
13291
10951
6923
16630
7462
10929
3192
6512
15082
4863
16079
9141
15347
5920
13177
9617
16042
14689
10973
13673
2279
9643
1491
3906
2525
2802
8323
8320
3768
5749
2075
8831
4436
15497
8610
1569
13931
16695
5760
4167
15399
2898
10168
4454
15599
14795
10900
1485
6593
10479
4947
5599
7224
486
1621
10391
7066
10110
12207
7020
9006
708
10836
11395
1248
11915
5952
15197
1038
9841
1541
13817
8970
3242
5206
4649
3221
5220
5842
6928
14648
8062
12420
5194
6871
2930
7182
3625
2875
7026
15361
15641
16485
4144
13288
14761
15697
15333
12181
5900
2358
6133
11064
13671
258
9751
15194
12653
14059
5451
2281
16418
10643
1973
5018
9941
2078
8729
9925
15273
10342
16965
5272
16073
11837
5718
10735
16196
5102
10618
9005
639
2032
10508
14373
15695
4357
66
407
9453
430
15265
3919
8838
6938
13893
268
920
327
16986
959
11700
12650
5526
14087
13906
13570
12603
16918
8546
11435
1383
2114
8575
7536
5051
4282
12399
8497
1240
16971
15940
2372
5759
3789
10981
11249
15528
594
11429
5008
12086
4186
4764
2475
5266
2990
7131
1910
6253
9872
13178
10540
7785
14578
7631
8995
1019
1078
1449
4217
5313
7171
16596
16449
3080
1447
16193
7893
6822
12538
12823
15058
5542
12475
61
5970
6507
69
4686
1528
2583
15816
9295
1009
4924
1960
10318
7349
6119
13217
10909
6379
16322
6377
6241
9257
3473
2532
1336
14315
12590
7816
11926
3695
9153
15227
3069
14481
14068
8487
617
15067
16761
6924
8221
10488
10046
2169
1441
14459
14739
15128
2465
5550
7588
16276
11337
2559
5273
12895
6324
7218
9820
11043
5229
8992
7163
8368
13109
3800
7010
7461
3955
1209
13940
4124
3711
12436
10976
16501
7856
6480
16706
9896
11736
15961
4853
16934
8580
6502
7519
16489
4776
3873
15266
9607
12709
4398
13599
1776
10795
13834
8352
14455
9080
12365
15729
1637
9585
9082
10063
14911
13297
8527
11298
3709
9118
12496
9500
9915
16927
4949
4372
5516
6825
16658
9907
4908
1920
11637
1217
15924
10936
15931
700
2747
7962
14435
4787
201
5113
2112
8974
4962
14161
13089
1261
14497
15926
7716
845
16430
16638
1406
4665
2344
10661
5071
10043
15047
10075
6161
12861
13145
14837
5415
15114
14926
15008
10376
6388
5961
8
14254
1349
1558
11989
7776
9670
12267
6895
208
2143
8337
4178
5343
2632
13824
4202
1515
2627
3723
2998
1201
16568
2086
12768
14575
10092
4142
7162
2544
5149
15375
1169
2280
3915
5675
4366
1410
4667
5399
14683
12317
6147
2047
15155
13263
12031
13213
667
6612
10636
5532
8058
14626
13043
10040
9651
15721
3765
7645
14157
11003
13944
14974
1221
11609
4460
10393
11570
8356
125
560
16009
382
2824
13506
7149
15028
14426
11465
14092
9102
894
4729
16325
10454
15233
11632
441
14842
2425
9490
684
4625
5230
12312
11025
8901
9282
8706
13795
568
6495
14282
14487
10288
6345
5945
14074
14571
2748
13318
8446
10011
16575
14737
15628
13220
11397
921
11036
16886
2132
6866
12150
1591
15845
15278
1790
3263
5023
15183
14503
16002
5365
12159
13200
15302
3972
245
13975
12839
16915
7152
15129
9541
7253
11998
15371
802
12211
10862
15125
9518
5953
15061
3534
6264
16514
5019
2863
404
8715
15057
13190
16549
14981
4722
4654
15206
3590
3497
2348
1513
6764
10991
8481
11668
15195
4645
9659
11720
14943
10157
11033
4077
772
8167
13687
11665
16574
8134
11022
15442
8354
13394
2895
11155
3766
11272
203
12781
6587
13091
4821
8332
5853
6804
15786
2289
4220
14093
16202
2146
6625
16902
3386
4079
11477
8780
9754
6848
3724
16348
12281
11068
14834
3934
13129
10597
1116
2350
1282
10347
5604
9484
16643
8349
16232
13808
2742
3190
13955
393
11309
9623
17003
3604
9512
12002
9219
15249
4099
8305
7973
13701
6330
11996
10656
9449
12521
16210
12658
5470
16944
1627
3523
10861
5765
7252
9683
2142
3216
5322
8949
3688
9270
14655
3161
11795
494
9911
3637
2754
48
1950
13999
3100
14146
14104
6785
4279
12635
10275
14359
13879
16580
4828
1371
14721
12946
12483
6450
12909
15461
16801
9071
9530
7626
6339
7376
9361
2963
2567
4028
12548
11422
14598
11840
7259
983
12062
9344
10625
12997
11466
3115
10687
11293
9383
10916
15552
8863
3207
11363
3272
1222
6089
12573
16068
14956
1046
15137
16226
12076
3607
12247
7340
16048
454
12192
11398
675
12608
8940
13113
9394
204
7204
1959
15546
14597
4757
13779
13127
3706
15903
2974
1215
3689
14362
3833
13952
8512
12527
14443
10265
5077
5529
15488
16723
8519
2631
6729
8559
9798
8968
4999
11634
11379
5284
10057
1306
11040
6624
3454
14984
13961
13402
15987
4807
8701
6028
6973
10806
9051
11207
8266
2643
2251
6989
9280
4583
11144
14878
6709
8165
16795
842
3057
5689
15059
6635
6597
9200
13974
13494
16374
6783
13143
1979
9430
2540
14509
11308
14005
7555
980
9450
11220
16159
6380
15107
13437
9300
15610
17009
13602
5228
129
11089
9445
13634
8390
10701
14515
11722
4615
12787
8946
9917
6122
7428
12256
15396
2034
3751
2413
5204
11868
16749
74
8742
1669
10257
7601
16734
12334
438
15703
733
9779
16914
6044
8620
15710
15181
9577
10818
2713
5337
16143
15329
2373
3738
14816
2166
2732
2724
3974
7613
13182
9357
13813
10719
6117
7124
2935
6343
1705
14924
424
16020
13521
2359
6688
8380
12138
13674
2702
10807
11997
4552
8679
10373
6500
8103
1395
3650
15967
4835
14817
1684
16891
16567
12931
10877
7060
13103
10362
13888
12118
111
11402
6648
15236
3808
624
587
12700
8178
8031
6537
16788
15519
7
15376
3376
1537
16165
3961
2303
11263
4392
2884
12449
10338
15909
14702
1250
8885
14628
5700
11237
14353
11514
13491
7879
12860
13792
8618
5629
6149
16943
5344
9258
12463
10808
6935
11638
15713
6581
12706
9759
3920
5780
8758
9487
3256
9150
2291
12124
4440
123
12190
11819
9537
7128
4833
12414
6839
2248
3579
10085
5474
12916
14271
1198
15571
10840
8645
11747
11187
3567
9813
1394
16105
10267
13997
9984
3042
4283
11455
9011
15283
352
3715
1431
11553
13860
14083
2190
15787
10834
1388
3187
13501
6826
10368
15625
9021
6143
1409
10977
6857
535
2263
7678
1378
7835
4240
5038
6646
14729
5441
11315
16327
15999
4822
3533
13620
16248
483
15725
896
14906
15507
11980
9478
14357
1377
7680
8884
5178
13905
367
8488
8858
15899
13796
16402
6021
9631
13522
6205
180
15709
3264
967
4803
7633
6129
12357
10371
5588
15440
16855
2340
1137
12921
3028
8499
2514
2179
7144
14692
6487
5954
7006
5923
16907
13135
7978
7580
8928
10905
16361
14909
2225
7847
330
13669
15065
7148
11117
16035
15220
5045
11603
3269
10161
10231
8836
16286
9186
964
4141
8483
10612
11101
12006
8599
1722
2607
9155
9400
10094
2609
12345
8480
7067
10899
1904
7971
4216
4642
11742
4444
8931
14106
3365
9700
16021
1305
11051
9334
127
919
12665
12685
14309
5301
11995
11112
4808
5375
10536
8749
7307
2262
12481
819
9565
4773
14958
1206
16577
4990
10026
16605
13679
3165
6316
4811
14339
2831
16093
7880
5151
16255
10309
12873
3866
9635
9231
12715
13286
11865
936
5261
8066
13515
13546
15563
16992
1328
1244
16845
13542
11072
9003
16492
9044
3189
1123
13076
14334
4101
1052
9728
5960
16472
15774
10012
8460
3753
3779
1497
14012
10036
5899
15856
13624
2775
10777
10734
10782
9609
13453
7642
12336
8490
2727
1063
10660
13665
1639
3140
4738
11754
3451
11358
2460
12122
16111
7382
5744
5445
1167
9324
5800
16959
12146
12215
7390
13676
420
669
10019
5803
14251
5145
1813
15331
433
8533
5458
15851
5303
950
3180
4786
6477
14308
16116
4521
10098
10523
3820
3685
3021
3477
3152
6243
10851
4868
9285
8469
11227
10570
2356
15226
212
14302
13909
59
161
5392
293
12067
3525
7193
2878
2617
7851
7104
4194
9767
2426
2586
5888
14675
7052
1999
15
10500
7524
2897
14910
2306
11667
11052
9913
16890
9040
4213
10140
7668
12882
14382
1253
12133
11615
8355
3547
8832
3520
10499
12759
7848
12610
6897
566
9668
1707
4276
7358
5839
4587
6287
8668
15209
14871
4331
9491
3370
7293
8973
3403
13467
8791
15039
9318
10669
8006
7065
12735
10104
16161
174
7593
6180
7379
5086
6724
14482
11849
9066
10490
10395
15623
770
7042
505
13724
10594
10890
11348
5104
1798
860
5250
12730
1703
14707
8099
11443
707
2353
7377
13982
6267
8540
14620
16103
14565
5647
5578
5868
13414
5205
11910
1471
16097
2857
14664
5696
1619
2352
5090
8912
11999
6596
15290
16769
14870
15568
7676
11500
14988
8428
16376
6777
15890
16584
4973
5735
10455
300
16551
11141
4030
11847
3440
2700
9525
10343
13598
3938
1
12299
11516
5479
14967
15480
14995
10534
9547
6931
7683
14915
5813
5186
13334
12339
14885
12544
7672
8629
12731
3638
9527
10292
5523
5040
3345
13071
12519
13392
9351
5142
1421
12982
966
11095
13954
9842
879
1380
10997
6185
6849
10990
901
10826
16510
2235
10833
13370
14806
2172
4534
12565
3054
2844
14494
6290
648
15121
6876
15112
4599
5139
11534
7283
2183
10281
4714
6806
4036
996
6536
14833
3816
2327
6640
2581
16461
9204
11746
4573
9446
5959
11659
16071
6451
891
1829
3137
8026
3797
5143
5879
13627
72
339
12812
13758
4157
13799
7077
10526
5233
6104
16908
2298
6142
2488
4852
9073
4958
16522
7814
16674
8660
536
6766
13371
4659
13732
8435
14332
2140
458
3070
1172
5438
2714
1466
2197
2162
2667
6981
7444
10551
5648
1211
13021
5259
10516
794
5947
14425
3079
8258
3878
6831
4711
11378
7870
3518
5095
13224
703
2456
14916
14836
14922
1174
13839
13584
16326
5972
3691
16454
5935
5673
8719
16125
12795
3761
7900
4877
10294
13265
10149
15866
10924
1376
2697
10470
12637
2837
16158
10755
10346
316
11841
11866
11483
8967
653
7992
8473
6401
14820
8675
5751
13112
16355
1961
7747
9944
4906
16066
14374
673
9929
13225
3141
11644
4063
13769
3193
3122
15463
12684
2216
2270
3851
4741
10154
1025
5661
12266
222
994
5073
2955
15565
10717
15167
3285
8595
13991
5267
14242
15358
7202
16391
14265
14065
13048
11133
1064
13563
6508
10151
4257
14966
5251
14296
10379
13892
175
5497
4207
6524
5198
12472
1290
13387
4097
6802
5820
8154
5044
301
10225
4328
8603
3966
4770
14067
10781
220
4078
3438
12287
13653
804
14121
2422
9807
16507
9575
3378
6256
13154
1067
15294
9463
7591
12223
14003
6851
1001
15346
9809
2639
12286
8736
13883
754
15637
3944
6458
3400
15350
7039
11825
1049
7228
3071
12236
13749
329
5837
254
3288
2073
1232
16619
13161
3957
4539
9049
5357
13719
10962
14386
10401
11694
312
9599
4054
1831
10073
8886
11856
7535
4273
12764
3636
8979
13752
641
8571
1720
14534
8926
12950
7629
15297
13812
5686
11653
8375
14600
11716
7215
12330
10300
10382
1807
12407
5539
11251
15662
13925
5782
1031
9198
14456
16272
6485
8188
11851
916
15937
11487
12218
10109
15656
5951
11192
7695
3453
11977
8293
15767
12604
10374
3178
5940
14576
15966
5491
14468
15769
6491
10014
5111
11147
16667
11979
7565
7777
3610
8407
9498
12791
3583
4870
8192
4271
553
6014
4162
12793
12292
10881
5425
9029
5926
13828
8422
10982
4307
15951
6916
13924
12727
1675
10647
7630
15821
12620
2845
460
1529
9898
16634
13761
12168
6914
14247
13170
13697
8583
13191
4963
16114
11374
6999
16564
11540
15162
14062
13421
9778
4354
16639
15667
1197
3406
4233
8773
13529
13670
10089
10484
15101
7219
2292
14318
815
5072
13077
13826
4861
14656
2060
5257
5869
10817
10889
1258
16265
14829
450
14297
2130
11697
8210
6230
14375
16209
7374
8753
13652
1262
12039
276
11643
11787
7248
14654
16736
6966
13352
7363
7110
14556
5121
15537
14548
15539
6630
163
16722
8226
8138
12125
8859
16834
947
4699
6140
6391
10767
14346
6503
1375
12123
1939
15362
7876
16
15684
15452
13383
14653
6015
124
6475
3437
2858
1271
7871
6958
13902
7674
13239
9838
11122
6103
12213
7127
16244
12845
14662
15639
15896
8201
2405
11639
5528
5383
4679
6371
760
3985
10678
14550
11729
6863
6317
7495
7324
54
4781
5987
6533
5020
15869
11408
4402
14007
5432
6493
10770
348
10466
2691
15676
9316
12015
10242
1846
14236
9827
9883
4752
16903
16696
3296
12260
3481
2124
10580
5704
8671
6929
8814
12046
8585
15716
1370
15945
2718
11542
3645
10550
12553
3316
6795
4248
12595
14579
10832
6414
12623
9976
1369
10038
16419
16895
16525
12378
11412
16221
2453
16898
5293
13663
16700
5312
7780
4505
6439
8833
16873
1195
9397
15603
12359
6446
13440
12766
8882
277
5374
16141
13221
1710
4872
3363
12310
13578
15224
6113
12500
9226
5964
10102
6605
2145
12543
3017
1056
4812
866
13084
7497
9321
5663
12682
1425
9654
16766
9705
3313
2982
13605
15606
11992
3730
15020
11199
15576
4519
9035
3136
149
1859
2198
16036
722
16637
4829
764
12975
5466
5054
13668
14396
16689
10978
11803
9867
11769
7158
11625
962
8085
15392
6094
7111
16338
4420
78
12
11151
12726
7944
11143
16109
12022
4322
1446
8405
1769
15156
2706
14410
10943
7781
928
6510
13320
3425
12945
4319
14471
9714
929
7627
13689
6430
12114
11208
15757
356
2433
1998
10403
7294
6329
3204
16883
10419
10065
14243
7769
3536
11313
6878
5507
2968
2952
1901
12969
8120
1053
6956
15824
14645
9937
468
9443
12268
8159
4306
5174
9157
613
11188
8750
6628
5222
3681
6426
14859
9201
5047
1189
14166
10985
14013
9477
9273
14555
2314
16810
472
9242
2846
16521
12302
11240
14394
6197
5968
6855
822
852
6527
16833
16812
9301
10934
13164
2083
11169
10596
5878
602
2283
1923
8607
3246
17002
12629
970
638
452
7079
3371
13672
15132
7078
3782
13081
5722
4434
7595
9113
7448
13538
15773
12200
4775
6336
1737
15525
4522
5467
1931
10639
16010
12687
15685
5515
12542
2800
543
6257
15152
3111
4096
6061
13568
2730
13189
10185
6427
7794
13232
12430
5484
16257
3550
16857
2820
4929
16652
4996
225
9593
3179
93
12151
12876
9319
392
6282
2964
8889
4739
2345
10673
1596
6438
10146
10497
12989
9130
14419
16513
13282
13540
399
3476
13168
4609
12128
6417
8582
14276
16708
3597
16733
1330
14727
9398
9679
1661
810
1687
10066
12671
10968
9228
5332
6151
10999
16750
13632
4683
3918
6844
9795
96
5030
14835
1310
5088
7029
1438
15259
5786
7114
15944
5796
12090
2834
3465
10858
16490
2
20
10013
12574
13859
13783
1781
6977
202
3852
15973
7691
6710
3443
12493
492
6776
16169
8692
11919
12998
3657
14754
91
9694
7229
3828
257
12953
6010
4571
8074
11901
11788
8289
4633
447
12672
412
13631
10750
13642
2504
400
9739
9182
8287
16230
15380
14182
7539
9263
12941
3998
3215
4427
6915
14406
8695
13555
6967
15749
12877
8109
11547
5727
14733
10475
12858
5881
16800
7459
3992
13355
698
15334
5081
3916
8915
9461
1907
14965
7789
1957
6027
6901
5154
4238
14676
4763
14606
10745
6758
12723
1286
6118
4981
13630
9069
4379
5176
2118
10188
2939
2849
16383
14295
5480
11958
4151
2451
11777
1451
13895
1042
10718
8562
10202
9469
16530
4816
248
2374
10282
11852
6978
6728
3527
5634
3728
5172
3125
2993
9664
3354
6617
10224
7648
6560
16825
16912
11631
10649
12442
11439
5342
9877
7040
2980
14388
9314
7237
15287
6700
16989
1448
4525
888
10522
11440
14638
11587
4622
13822
6047
14977
16618
14321
16901
7745
1905
6056
14221
12878
2957
4074
13471
6208
10306
8452
3450
3304
13241
8548
11701
10874
8586
5908
13388
3121
15511
8023
7486
11822
16052
3743
8217
1429
11145
6986
4363
16471
14226
10054
1937
14052
15886
7864
3317
13218
1436
8965
8141
7548
9096
7579
9672
8517
8500
5439
11232
4512
13062
15714
170
209
2690
4843
14245
9264
6215
57
2099
12484
7825
14305
7908
12087
490
11212
4674
6300
9133
7693
14987
13532
16830
12502
1158
8887
13654
8040
13782
15140
5099
13410
2950
6993
6206
12504
16654
12194
6798
12588
13633
1581
5693
8035
6437
1457
3144
10771
7056
2128
4548
8860
16240
736
14208
13360
2554
1983
10714
13742
16527
15024
13856
6984
8033
14314
4219
10210
14526
14783
1332
14989
7430
12455
10420
773
15086
1474
2960
14223
15221
3616
9230
1111
3118
16213
8652
5167
724
11940
9248
13589
12403
9090
6695
14999
8121
5275
8418
12993
1958
6275
7885
9077
11679
1238
561
4103
1041
5695
7450
14017
10177
6158
2832
11890
3211
8849
6481
12145
4946
16349
13920
14326
1413
13710
84
5263
1606
9916
10679
7447
7494
4212
5587
7607
1476
9955
662
5297
16004
3517
2208
6741
12976
249
14288
14064
6531
4720
16285
4023
4927
3138
16941
12528
16938
5292
55
986
15526
14438
4498
13855
15644
3366
15675
8593
13226
14015
14451
5855
572
394
3292
6647
15043
12224
16339
13028
9391
16055
12043
3976
13280
9428
8131
11950
422
2789
8464
15153
10361
15761
3783
1061
4862
5621
4857
4607
9666
4467
11447
6557
9522
5566
3929
11650
9851
2722
2685
11627
3589
13972
1445
1065
14303
7760
11946
6000
10113
15508
16177
1194
9718
15429
13683
8552
8456
14624
8206
17012
11973
470
7901
1899
6734
13085
10258
9269
13418
4799
16252
1809
3605
8984
5624
1204
3653
15959
15192
9486
229
6051
15515
7836
14038
12477
5385
3725
13667
4768
6274
14135
12490
3740
7314
9992
1277
4523
7455
6468
4431
457
10105
16998
8961
11201
11872
236
3958
1483
3033
16065
10264
13890
8244
5995
3356
8357
10627
2070
8537
3467
12692
16687
15202
9053
11273
5859
9888
2090
2178
11150
286
317
211
4165
13949
3426
7556
14008
6291
537
13260
7829
16029
6669
11652
4730
14192
8941
3255
4227
9405
1724
13885
16925
12545
7750
12102
9554
9979
11798
6797
13645
2160
6383
12457
13379
5487
15859
15493
7491
2770
1000
11855
2519
12621
14101
6760
4397
9224
11794
10752
16957
10415
14356
9422
7560
2949
6463
12627
15498
10628
3186
14790
16504
101
9831
1708
10099
10684
4672
11196
5097
12056
11335
16328
9147
8295
9840
112
6586
3331
11497
1216
13741
15005
13237
11491
15304
14867
7292
6311
4780
8008
14631
8549
11109
10579
6421
9774
9817
7592
4303
2743
11990
1752
2302
6580
3801
2746
11471
14252
12532
16298
360
7277
6165
644
10409
9480
7106
2638
3214
12036
7488
3412
16005
6576
13927
8328
9479
13694
5833
11107
14337
15474
8268
1729
8789
5046
12703
10344
13149
12800
6075
7975
918
14301
11432
4957
15543
9939
10732
14661
3877
4616
10695
4014
4293
11464
1080
7514
14858
15862
3620
10949
16676
1782
5159
14763
2087
1861
4092
7023
13544
11420
6465
10060
1761
11954
116
13764
10473
1192
13133
14605
12520
455
5966
15740
9655
2436
12902
6121
3601
16405
13625
8082
1709
14593
5489
5574
12765
8208
1906
5442
6452
628
11453
4191
237
5079
378
15099
5112
7761
16665
2411
9025
7805
16330
16468
14913
1462
5549
10411
750
1364
8157
4613
16561
11557
15179
3334
2502
6549
16767
6107
5015
11178
1925
14401
5710
11725
10937
12872
7950
6880
12217
12406
13921
515
4067
10135
4430
2531
14866
14658
10272
6361
5317
6656
696
3756
13261
6987
4026
2516
4112
10529
10211
14508
3656
6299
14723
10008
1231
16547
4728
3436
9353
11900
4400
6356
3134
14525
4081
1086
4731
3325
9470
13887
13207
2778
7074
6672
6001
12456
1535
6821
7200
2108
1247
3791
14863
7738
2390
7019
12109
6963
152
16067
5929
15597
610
16420
1611
10568
2483
7041
9283
5285
16180
1033
7227
1187
7765
11146
115
7600
16462
6864
9022
9335
9100
11535
3646
5052
3145
8265
16531
4747
2767
2398
12010
2603
9973
15977
10525
8088
9764
14290
8312
3717
13247
14875
15426
3024
12095
10356
2733
11019
4139
4137
5002
13842
14212
12849
6691
12162
11028
4912
10696
7662
7095
12397
3802
11111
13775
4620
16780
9836
3575
2679
10430
11647
4368
1073
381
16181
8251
3052
2569
598
14387
4021
12163
11775
8222
16433
15834
15163
13248
16765
6026
4317
7022
1128
8260
12296
380
11593
12546
11657
683
2989
15360
15651
14415
795
4083
1660
3544
8365
13699
5705
14365
6723
13802
8588
12061
881
16110
9742
2007
11586
4528
15211
423
16798
6807
13918
9993
16771
141
6832
10632
9904
10619
16897
10956
1166
11242
3526
13524
14533
9853
11449
13771
5658
9890
4432
7775
7436
14681
2192
15006
12988
16429
5110
7904
5223
7806
8218
16893
1177
6781
7913
1396
3139
10674
15144
9897
11874
7787
7887
1838
9297
4004
5783
16182
11641
4884
3109
1963
12243
14122
16589
10069
10335
9621
8601
16640
9921
2081
15654
14347
7907
15882
817
16534
13046
9785
6551
3690
2971
13517
187
13345
3687
10502
14887
935
10469
2119
16616
14568
6657
13963
2637
1344
4805
4300
15698
15164
1868
13852
1487
5431
9325
14853
7456
5153
16799
5651
7525
16148
790
14465
4094
2467
8200
2782
9711
15439
8044
643
243
11531
1359
11881
14935
8176
7778
633
7464
524
3641
2271
13364
5329
8640
14758
12943
6258
6525
15592
395
5436
2282
3276
7570
4750
4316
15874
4221
10299
12640
13913
5563
3810
619
9832
8403
5764
14333
13469
9713
15484
269
9734
13391
15446
12204
16879
15319
14138
8827
14372
9313
9284
4598
4601
871
4917
8958
11562
12794
1524
1401
4954
11894
10542
2487
15587
11624
2201
7362
9227
14489
5124
14325
2455
7689
6155
6219
7858
10983
3633
6845
7134
4920
8793
5494
9749
12293
11285
10788
8786
2299
12585
11598
8215
12531
2326
14257
4914
8623
14239
15087
6434
4631
4062
7993
7302
16863
3360
16807
9291
5771
8877
2410
16614
2787
7400
13464
7452
6099
500
3277
13099
14163
11275
4116
10078
8408
13052
8839
13148
16151
13432
6259
17015
15621
10125
15784
10337
10699
2758
9604
15788
3654
10010
3970
10230
14665
13395
540
1077
11444
2677
2796
5318
13919
13027
4344
1140
6893
3660
9481
10171
10213
4235
7153
10175
16995
5792
1633
11518
9511
11185
4717
5746
7465
2552
15464
7928
7581
1068
4650
5787
14857
7205
9087
16423
10203
14531
12372
16403
2252
2342
693
15414
256
3639
9988
9797
4031
12575
1060
10892
16219
10176
829
2597
5321
12464
10047
3067
7310
10444
15318
8126
9262
13849
8073
12979
11463
10088
7070
1486
10332
6156
10931
2909
10590
14177
14280
1590
3552
15416
3951
2491
10468
14862
6570
9121
16592
4290
14668
9909
9172
2716
1625
14273
12180
5819
16786
11433
4412
6374
11770
3126
847
10233
15151
5039
9586
16369
4986
14175
13270
7860
2214
681
5553
6670
16390
2621
14145
14701
2576
9799
3219
8427
2925
7999
5188
16078
13024
16382
8903
8530
12510
16346
1832
4343
3487
5279
16718
12571
3794
13317
4249
9004
16379
12525
914
13569
14939
6879
8890
1566
7758
13781
5559
11908
539
14744
15282
16747
5435
4766
10935
9456
9417
9419
3283
1912
14504
11891
11166
1334
14129
4289
11737
16153
14919
11538
14430
135
16412
4149
6870
11878
1789
13462
2811
5117
4153
9650
12955
7512
9120
1564
15898
664
9329
3176
13073
13157
3097
6036
12696
10291
16660
15506
3458
2836
12196
4190
2520
7932
7315
5626
6128
9529
14934
14225
369
11198
3862
9135
5500
15022
6373
14144
9545
6894
3799
13603
6403
13215
259
13059
2953
14961
2067
2244
8143
15735
12354
9160
13216
3744
10174
16037
14051
7235
16239
1153
3926
10902
16377
8213
6562
3986
15516
226
7209
8366
6707
14417
10842
3954
11925
11815
11971
16303
10400
11767
753
15130
9660
14019
12903
6559
9112
7481
11860
9614
601
13549
828
1758
1402
2819
5969
3897
8049
16351
104
5219
14379
13373
4417
14970
15315
6991
4258
3185
4900
11
5165
10565
15469
7706
14547
1862
2370
7407
12693
279
156
511
12600
6055
15831
1443
5768
1582
13231
4784
6874
16264
14071
11786
11346
11394
3439
15448
15041
4442
3060
12906
5573
13197
2687
14045
3895
13953
8823
6843
17005
11448
16673
83
4156
3508
1227
14069
4670
6602
228
1932
2948
2797
14749
1533
9246
8089
12142
14367
10646
13454
1657
3853
16738
1397
3338
15946
2135
6464
15923
6250
2432
10758
13340
12511
15184
7844
8183
11612
4744
15737
3670
8731
16683
14545
6868
14540
10205
3270
3532
1050
6248
11982
11008
6828
11270
16385
1293
13768
3817
4817
7301
2779
42
11277
13482
14058
7186
7501
13688
519
15806
12564
8971
197
7122
6126
4939
13397
1526
13727
11092
15605
16439
13916
8855
2877
11390
16958
16606
11733
10731
5499
2918
8491
2442
6020
7551
9471
7281
1426
4840
2601
13304
8611
3342
1841
4171
16102
11541
7398
11091
12838
15280
3082
10774
12572
27
1021
14340
744
6213
10779
2535
4976
7994
7715
2568
11292
2446
791
16752
1650
8253
1023
13489
13032
7988
13346
13692
5211
7910
2785
9678
9068
16728
8966
13815
5891
16819
9368
6584
416
16163
16874
7717
4452
2917
8075
8348
14714
9938
5345
8498
9081
12826
145
16085
1716
3631
16704
8122
15482
2296
4324
8395
3792
16826
12618
5227
4008
13057
14510
4168
3330
11704
1156
16878
6233
8017
14840
13429
5156
657
9616
15444
6302
3676
812
6964
2885
14317
16128
1196
6183
2434
1316
8895
10581
2330
4337
5703
3252
12232
8558
9568
15575
14957
1897
3599
13565
4459
10059
13640
8565
8590
4143
7802
15186
8670
8128
5164
3910
3898
7381
5711
16132
14724
3387
3703
9652
2977
14524
9412
1670
14184
15720
11913
9935
2886
5379
11209
16544
13281
1992
182
14187
1746
3545
8151
8535
477
13060
7093
835
10226
421
88
1347
12300
13987
3471
4640
16884
6796
16104
5910
9738
10645
16939
8665
5767
6960
3612
7254
6146
10824
1295
3940
12169
1638
13511
11663
993
14256
13314
6529
5535
10193
15309
7820
14279
14672
9083
7101
3490
11105
11416
7351
479
10711
12277
15009
16523
15284
8344
10201
15921
8447
10723
8032
14535
9310
5584
997
10007
13841
5157
4469
10506
16688
3005
10278
11896
13434
14000
14979
11606
12799
1563
16466
8420
7213
14630
11838
4887
11589
8543
2701
6080
14267
10274
13950
11340
11013
4146
4907
7959
6950
6285
1345
1200
4509
1559
8865
12567
11873
11610
7549
16033
8256
11405
4542
11071
5247
6622
15586
3104
12094
16699
13821
7624
13341
7737
2822
1785
14491
11649
10159
10504
4664
15455
3035
3452
14413
7192
11399
13012
5741
5397
14238
13018
5179
4867
15981
8148
9963
6313
9054
16188
5107
13004
7891
4557
16426
14688
16635
9733
16406
2494
13499
12290
13100
569
1040
13272
3889
3199
11007
11877
2671
10305
8962
15079
12508
11567
7295
8283
11276
14463
13843
8976
11128
8022
4033
9772
15972
5453
12978
4604
11832
2833
10560
1127
12009
13115
14358
4231
12983
7700
9215
9886
10876
4611
7589
13351
1373
10436
6239
4418
2015
8936
8803
12928
6539
3343
12654
8641
13049
15658
1504
11139
6740
6381
10112
11162
2312
1115
2666
10365
6513
7990
14962
4050
13493
7957
13165
13830
2642
5586
354
4369
9584
9663
635
3195
5396
9012
16623
5687
9768
15990
16215
8986
2264
15251
15000
7140
10162
8021
6937
13739
5701
3615
14369
1093
11532
6199
1152
12248
8160
5669
13886
9996
933
10979
16653
9165
9642
13102
13702
12100
10051
4032
5608
7057
15483
7690
1018
4574
3065
10852
8308
5403
15036
15104
8197
7849
8419
12255
10706
15979
2005
8808
10207
6637
1117
13153
12440
3266
3515
11081
9858
5615
2513
7401
12904
5215
15328
6793
16323
6890
2624
12309
7628
1949
8400
9528
9503
17000
5187
11588
86
8270
9309
2159
4296
9317
15281
6520
10289
11261
14436
11278
2986
12499
7371
12981
6145
11268
9879
3034
2185
6995
3077
16922
8144
6824
6884
10920
1034
13615
7416
6631
8664
5333
4759
7692
16287
5898
14884
1786
16787
16442
2204
11740
5729
3640
3587
2506
1008
4575
13362
8291
955
9981
4941
8241
12202
9426
12817
7521
16018
8990
4355
4259
10559
47
13588
14844
6771
11138
9492
9013
102
14975
9873
7841
3459
3123
11389
2324
1503
16923
12944
2267
14457
7997
2790
2670
12952
14574
4305
2397
13791
10251
768
1318
10303
11123
1825
11213
16200
6443
1711
15203
11116
14711
15098
880
2196
12458
2692
521
11195
16760
8579
6547
2309
11681
11371
13978
8350
4632
7594
1622
16008
5065
3902
4984
6041
15462
7561
9437
7225
3677
4708
11975
1084
14371
14306
4405
8173
14881
3346
6111
5774
14792
16187
11830
1713
8372
7637
16292
7088
3559
9151
16427
1679
7091
7834
4825
1103
4148
16126
2024
4580
1002
11230
12990
7075
12408
8956
11671
3618
10606
4735
6606
9138
432
13819
16542
1511
13711
16175
4025
7325
9455
4381
14793
446
798
6875
6273
4110
5568
4474
9023
353
14791
5638
8531
10126
11248
13573
12516
10948
9857
1835
13728
1987
1272
17006
15097
14538
538
1151
5560
5295
1908
11360
4998
13831
7615
6746
14366
7859
9055
10798
1749
1601
2232
16113
2443
8650
1917
12134
16186
6515
15901
13342
564
8132
2367
528
5818
2103
10912
13019
956
11267
1615
3812
12227
3248
7050
16645
8651
15072
2512
5795
8522
9180
5575
11820
14159
3868
5433
6365
15348
10249
2450
9845
1348
498
195
6829
5289
4313
16627
8438
16162
9829
6921
3074
11727
14695
13259
5732
13083
12987
13188
11579
1160
390
7554
16236
6699
15708
5366
6988
10623
14730
3442
3133
14946
9594
7967
6245
15970
46
15913
10638
16137
3066
4734
12089
16014
15260
6309
9429
10187
2458
883
12321
14155
16281
6039
12712
16756
15207
2524
625
1368
12154
8504
16393
2910
12512
16813
7247
2752
7043
9352
13647
3025
6940
4481
206
16519
14821
6086
1010
5320
9154
7929
6097
16558
15306
2772
11584
6407
854
3461
14652
8292
660
10987
12198
1045
7638
3395
11827
16136
13496
3778
9161
12752
12308
10650
15850
15390
9550
12707
11504
10217
1695
2641
15509
909
6106
15775
4727
14893
3297
10741
13408
9534
1036
7704
13014
9697
15074
13928
11738
7639
3373
4942
3869
2287
10964
2988
16919
5195
7884
10115
1062
4879
6642
7813
3209
2542
15420
15830
5567
6351
12844
650
13825
16120
12893
13772
3324
5636
8574
4712
362
3655
9803
8472
12867
376
2023
2363
10564
8493
1129
12447
1355
16861
7469
2361
2587
10757
11577
8434
1986
15975
7727
6972
10865
4751
4421
5928
7335
11023
12660
9410
13474
14355
14220
456
7518
13502
11987
15176
10183
7177
3781
2999
11505
2448
2477
12919
2843
16217
50
12605
3099
3078
14216
16447
14293
6564
14250
11226
3383
6658
4637
4254
10023
10805
1760
11508
7207
12642
14520
7782
6314
8307
15544
7671
10941
11080
13319
6127
7468
1493
7201
9117
11543
12808
13597
1547
781
12806
9722
1977
10595
7703
6108
9686
9338
4742
6926
5294
14403
12487
1794
6091
3504
7828
13934
10239
9037
874
8534
6736
7478
11892
5482
4042
482
16316
1391
2784
2736
9122
10219
15867
15385
11102
11012
15064
11324
11875
8072
7214
11354
734
14259
13560
14390
5982
5136
782
10016
5465
11983
1157
8224
12871
1478
6163
8297
878
14905
2277
13899
10103
3496
3191
1024
16624
11090
12667
533
8317
7922
3747
14246
9173
1459
11314
1302
1324
16407
1414
8163
4848
15706
4147
3245
16297
12155
16659
5714
6101
13150
4948
5915
11530
3963
9286
2582
3560
2626
15491
15436
13847
10190
10633
823
8850
15388
16305
5419
10485
14892
4800
2664
14667
5386
2931
100
10331
15291
12491
7713
10720
14345
6548
6166
1218
10561
2610
3151
2360
7559
11027
3120
14458
2490
15666
1851
10005
8763
13106
11067
5091
15359
9615
12205
10200
14260
3692
3464
10050
12027
3254
11843
10037
15558
5933
453
9485
3229
14985
5582
185
14890
12737
2839
3239
12934
3235
9848
7222
14203
1946
5895
13875
5387
2650
3686
16851
1947
1869
3870
358
1534
10704
6692
6003
14112
6582
12175
9839
8107
14046
9605
14164
270
2033
15089
12446
3101
2835
8327
1599
1185
10804
6667
1562
4892
1732
10017
8846
4198
3321
15527
7606
13294
373
13804
5299
1747
8721
6634
15330
15389
10610
13677
6148
5600
2902
5941
15964
12107
7333
15844
12626
4013
14464
5973
8484
12451
4045
5997
11563
2193
4501
13610
14752
15520
6286
58
8647
12830
13788
5116
709
5619
13358
12004
16951
16967
2471
542
15785
60
3675
8507
13933
12283
15502
16677
4705
2815
14096
13907
6478
9060
13266
13456
13082
1105
1367
6488
8243
5798
576
876
16060
12085
2297
16342
12852
13629
5934
7873
6818
16702
4995
8591
12582
6936
5902
5168
2480
13580
10000
3175
8280
1893
11177
13947
7974
15049
1527
3127
10472
1178
7211
9360
3841
3174
7220
7609
7654
16499
3472
11537
16025
6160
9629
15476
2126
7069
1173
1304
13528
7888
4056
11046
6763
15778
5475
12985
36
671
11521
11512
2803
943
3901
14854
8975
3026
9699
15570
14710
1523
981
7872
14904
3780
10922
10613
5017
924
14020
3606
9688
15412
16088
11555
15027
580
8000
10252
13708
10071
13736
7359
1398
11695
1945
11114
12763
3320
10724
2220
12478
16360
2757
10541
4034
3860
8932
13159
6071
5132
5302
2485
7821
12454
30
8557
6033
15168
1321
2783
10857
3748
7762
16543
2630
10427
612
8636
16233
12066
15631
16822
13721
15547
12942
9034
10668
3582
892
7618
4029
16320
5911
4563
10164
297
9819
13508
6220
11396
5075
9923
10245
3969
5268
8378
3434
7732
3984
15857
4602
14081
8061
2651
8748
3301
16867
13700
8614
3087
3772
4371
5152
13055
5021
3818
14647
15054
14523
16770
16394
10921
1226
11320
6125
8950
3502
14560
4916
1608
8115
8007
10418
10666
16198
11683
342
10184
3827
1577
14595
2731
9362
9587
11741
10642
1363
16414
118
15762
16988
14735
16208
4577
8905
11596
3528
32
10505
8476
4558
3027
6649
10273
12807
16777
8277
11421
11386
14269
4384
8263
1074
2848
3983
3630
11316
2654
7242
11426
6912
2592
8909
13675
15428
7608
9221
12469
912
5734
10791
12225
15367
5750
5485
11149
12691
7105
9459
6725
12507
15619
4569
5896
7206
15175
1911
1540
3335
6008
13107
12866
16999
9171
16140
8868
5606
9789
6663
5082
12717
886
10406
15234
12495
2316
16550
14564
16497
5955
10552
16043
6265
1706
15742
15157
626
9934
12465
11955
7258
8169
9633
1275
5963
13988
7268
15145
11864
5062
900
12141
7300
13255
10001
10360
2561
14179
9440
13420
5232
14391
11590
1894
7446
1325
4256
15907
10972
7272
15884
6969
8694
13648
13635
10710
13574
4301
6809
851
5248
13409
597
11152
1237
9745
6774
5085
11323
13468
12382
838
13114
608
1583
4122
6731
8844
1469
14811
3012
3308
14338
3896
11014
7602
15343
9095
14674
11409
1800
999
16142
748
10471
5422
4617
13333
9494
9581
16107
1490
7476
7803
11951
3600
7015
3684
16724
6249
4815
13583
15969
6749
6172
11678
16962
1985
14541
9662
1343
7658
12539
13448
1265
1883
10277
8830
10950
6632
2177
6665
2498
8955
2217
1256
250
11134
1634
16946
7651
10031
15902
10693
9396
3850
1667
2473
803
11302
9052
3047
15451
5053
13835
5914
5163
827
14030
10531
4847
1191
2037
10425
9433
15620
14894
5946
9205
1755
6484
1300
10321
8315
5996
11325
11282
1605
3617
3566
14589
7755
11458
1614
3758
10657
5300
6222
271
6068
15225
7329
6873
12251
7707
788
7287
240
10512
13833
2304
6445
13976
5089
7719
10495
2096
14029
16560
8457
5449
8230
12754
11216
12556
8272
8486
9999
12173
13172
5872
9579
3267
7822
8570
13904
9744
14544
8996
1175
10947
326
3500
13872
9671
831
11330
5652
16517
13611
8182
1844
10195
8524
5870
10946
5806
11319
11478
9149
9287
4119
6240
14136
5679
14492
13203
7854
5514
7454
3086
12673
15796
5319
14973
10198
8869
4562
9804
3537
6885
11205
6933
13774
16225
4567
11357
3682
3580
15068
5437
11243
6516
2285
7753
9064
45
3661
11297
5922
16539
1059
11755
4925
9075
4312
4049
1007
9356
13209
8637
158
3891
9689
14484
11274
672
7532
2913
5593
13041
6398
12433
4492
12939
3858
3201
8118
15317
8441
699
14978
2798
7166
3295
14421
3103
17021
4012
9626
10316
2123
8391
5316
11929
7744
1632
14952
7409
3854
2598
10152
3280
9701
11279
15063
13056
2908
9595
3535
11818
11646
5291
6102
13335
2077
2622
15876
11179
15943
9
13685
12912
16661
311
11506
8718
13460
9366
15230
4286
11489
70
2590
11717
5109
6204
16084
6471
15147
991
3754
14047
16481
1678
13810
3329
5667
7763
2290
14075
10681
8661
13262
16698
6573
16701
13790
16411
9933
737
10285
9421
3735
5930
5598
1223
5603
7005
12702
2614
5557
12431
12870
8156
2242
12750
7756
5867
11782
219
1014
1139
1888
8451
8015
7801
1298
304
1994
8342
10351
9146
9894
1576
15822
1460
7752
14324
2719
8581
9047
7655
4084
9891
15522
11356
5361
8396
16955
12060
9657
10167
6608
9499
5690
8259
15985
11551
7730
1730
6998
10825
324
10097
8477
974
11810
3128
9905
11834
13306
1297
15865
6955
2985
7831
5128
10160
9982
434
11417
2927
518
4517
7368
11283
14198
6139
16804
7842
15485
5454
6679
6694
5835
6203
15572
2668
16273
9567
12771
3446
10879
16670
16192
6072
5707
8746
5323
6315
16396
14720
11791
14663
16526
5890
16610
16650
13641
5464
52
12188
7466
6284
14424
1481
12589
3352
9250
10925
5010
12633
2010
465
13167
10435
16642
12524
7636
22
499
16087
9239
9008
7257
4740
8145
9833
9177
14649
14907
7415
2821
5551
11492
8801
10555
113
12925
10677
651
8264
7812
6616
12636
7991
11097
679
9791
3619
16552
3990
952
14215
9156
11438
12570
2549
6066
11513
12721
1233
16416
346
7605
2203
14601
4653
12923
8381
14235
2992
2847
5463
12422
16576
340
1444
16160
2440
13595
8373
9957
4869
7312
666
16931
5033
15136
4791
7197
14756
14997
10487
14716
4323
16518
11362
5789
15848
10232
529
13419
10130
4280
7458
13628
16417
7267
10280
14322
9583
17023
98
5027
14805
10729
968
14285
1772
1818
9901
2997
13229
670
1935
9323
5503
9016
6544
10123
15601
108
4726
8045
9903
12253
10829
8461
11836
5276
7007
7175
16494
8250
13331
10170
13646
12375
13452
15158
12783
5031
5022
12355
15657
6853
7865
1821
6983
15040
1249
898
6386
5824
7108
11823
7378
9622
1479
7311
6794
8271
2175
551
4239
3593
3068
7424
4834
864
8181
10136
8594
2765
4823
7800
15321
12219
8425
12331
1924
1522
16853
3829
12868
253
11004
1029
789
13915
522
11430
16270
15917
10383
2141
1239
11063
10437
15217
10908
14202
16984
1536
11914
3586
2680
15443
12769
9332
2462
6949
7568
12891
4383
10743
9504
9752
4016
14932
4002
5150
12801
3114
11664
1635
836
2905
12405
8236
6304
16871
8663
11539
10692
6210
8402
14641
5684
8257
1133
10003
11353
6747
2269
16364
14786
717
1671
1335
1407
3470
371
7059
1308
10868
3493
5423
5459
12742
8978
14331
4854
4610
16012
2737
13268
908
7664
13969
7784
14982
5367
12231
5524
1245
2028
8189
3119
7989
2038
2850
14350
15335
3092
834
8972
1442
6705
344
4134
4838
13929
11219
3160
4485
4205
4972
122
7696
1333
1468
15012
481
3562
16108
3647
2676
16235
10994
4943
1098
2161
11556
11718
196
12368
15248
12385
1914
14298
16503
5925
6191
16457
3019
398
13851
17018
14512
15736
7963
16440
11920
16924
5999
10348
9859
8284
7866
12426
990
6957
10156
1654
12303
1235
7982
8462
4423
4439
15432
3124
16945
4195
12699
15216
13228
5249
4353
9033
3614
95
15877
14869
6751
5203
5897
16370
6016
4681
13971
14823
3729
428
7987
10235
10766
2273
14127
4783
16648
9188
15045
16456
16980
15080
2206
10304
4177
7503
12596
14818
12513
15504
6528
114
4359
8384
7924
7137
7582
2355
11675
15487
12551
2389
4086
14461
8764
1557
4795
12329
3931
4342
12182
12400
3433
6372
14933
4536
16981
8774
746
9524
7085
5864
15962
13956
12177
15002
4199
4974
9159
14462
14328
2562
16714
940
1342
8817
4724
10667
4463
6349
12045
1028
13070
10247
8316
14832
10571
2392
5554
11289
4913
4568
15889
15741
6023
1532
14255
8303
5832
7708
4967
9801
13092
6382
16885
5541
15997
8394
14196
10996
16460
5388
5601
6732
15800
9576
14757
7386
7185
7155
10072
3574
227
1575
6242
6325
4692
4315
6558
440
3205
16086
1873
179
5607
10742
1392
4782
12821
4336
4987
4284
6389
4760
15075
14511
4466
10713
14134
15171
16588
9354
11158
1631
14381
4614
12130
8643
8993
15820
11882
1802
77
3177
887
4544
905
12825
1320
8067
9476
9067
3771
11233
14770
15965
11202
725
8341
3032
15477
8759
15782
14201
8843
1035
3353
3164
16651
3261
6706
3430
7296
13681
2407
988
7103
14902
11005
5032
15111
7239
10841
11193
3289
14100
3763
6395
12729
958
3749
8130
15051
16450
2286
13979
7183
3063
11269
313
12813
16123
13816
6927
15700
10558
8634
7933
15364
8682
4270
9399
10761
10452
389
16602
3987
5555
12622
9401
13787
9268
3642
14162
15756
12126
11305
2528
7810
11564
3341
8545
15232
5901
5937
13298
12646
6675
9875
3312
13264
4015
7024
9199
8942
1134
4206
7173
12862
595
4515
10463
11490
11569
14418
3923
3364
16149
8824
15829
4450
13136
3726
2810
702
12680
9765
14207
4281
14569
13088
10663
79
6898
5721
11010
9940
1662
2689
12166
11410
15613
10837
9790
2674
2799
14224
10243
9474
10548
5830
11047
1603
3089
14289
9708
9304
4772
6301
16331
8807
1329
3056
7350
12884
12278
1778
14392
6556
13303
2004
14912
15911
2274
13513
8930
13389
8577
2711
4109
16479
6295
767
10589
12847
2915
10459
12351
10052
863
12402
9099
4241
4837
13591
8892
8034
7037
11525
6442
4810
10854
5418
1125
8252
14209
16006
16953
5808
12350
6814
15468
8087
13222
14741
5877
10357
15141
14478
3960
15768
11306
10855
13451
621
3394
14827
15754
4953
6454
7874
7086
8506
9167
10509
14178
3997
4396
3750
4391
11079
8717
16422
8521
11520
4223
4621
11618
16675
1970
14189
15993
16933
3863
409
292
2058
16719
7936
14543
3959
5948
1916
8921
14955
1731
12020
14241
14991
16703
15915
12347
12136
7545
16844
5
15262
15512
8106
7855
3881
5063
13811
5400
1680
5162
10543
1266
9737
4114
1106
16495
5029
11622
2238
5356
11172
776
17010
7045
3498
10244
6653
2484
431
692
15553
10438
12389
10599
16357
2369
10569
15560
16224
7892
2862
12509
9108
1542
12037
9727
14876
8093
16117
9292
10801
14108
10605
16754
14918
8233
5457
4950
13066
5979
9158
3049
14148
6532
13938
9413
6078
1188
14708
16156
12120
5712
14114
7795
13510
2600
1069
9214
8853
4210
1039
120
4107
10765
1122
2250
5834
8680
13069
16234
1892
1742
937
16713
10501
8239
2762
13038
8092
7346
14248
7940
12638
11084
10308
9465
7701
4325
16277
11921
8371
4540
4901
13622
5737
6440
4970
3856
3102
11965
6019
11024
11771
10033
8690
7969
4494
8060
2045
3838
9176
13025
9415
1880
5860
2874
11732
12897
12453
12019
7125
1314
6542
12294
9126
15411
8761
16520
9407
8547
16445
4961
4218
7472
8333
110
14801
3832
12041
6032
1980
14140
3659
15256
1387
444
3228
6930
7084
13316
10689
11936
16911
10369
12896
3411
2014
8734
2876
16937
2806
3554
7064
6827
8001
5349
12780
9144
10363
10760
5950
1390
16302
1991
4261
8541
8433
14883
6810
7515
12611
7479
2379
13042
2315
11017
9843
1962
10178
16682
12704
9810
16185
9532
2896
12035
12413
8609
6754
7150
10002
5059
7187
545
12645
8989
3405
714
15559
4072
2284
6225
11785
332
15500
10853
14513
2537
3181
5882
5883
14153
2394
10197
7496
8339
6792
10940
11871
14850
473
16016
6952
2496
3968
11692
5519
11829
7355
9206
15854
8047
1741
11888
16372
14232
14670
13989
285
6100
5269
12728
14400
10969
13249
5772
3996
16740
604
15624
2472
1229
649
5685
10080
2429
7498
1006
7808
15340
12986
12739
7332
12835
7406
2043
16836
8848
5981
16115
63
6178
15417
9290
11696
4532
4121
7941
8666
15169
527
8105
10960
7467
15239
4555
3752
2428
10787
8845
2807
8638
13078
75
12323
8133
13718
6217
10486
14507
14992
2074
11861
15004
7673
3594
2817
9730
954
16435
15116
4827
4367
12593
11824
8077
6328
5231
10377
13818
15748
646
10250
4070
8246
3247
7210
12848
4100
12221
14969
2826
1381
6813
13838
3379
4310
2881
7504
12505
1549
7147
1066
16311
13866
10850
5100
15941
16828
11635
13946
14519
13054
7388
9962
15792
6619
16047
3942
13384
5742
11749
17007
4628
11966
418
2771
6173
7121
9143
8757
6211
1598
5335
5838
9212
2924
4790
7364
2709
11689
6385
9279
2241
14549
3991
4940
355
15076
7930
15715
2131
16509
16969
1560
4477
13594
12025
10588
10279
3745
14779
7529
9864
16582
2505
4401
14113
6406
1190
554
14311
10572
6720
16964
9387
10358
3569
6346
12961
11578
12755
13431
14861
12898
8867
8604
1629
9824
5119
12364
12380
4413
462
6082
4663
2675
10609
14022
9510
12937
16880
1618
13104
11414
8612
417
4623
3557
14899
16743
15777
13065
15988
3813
5218
14429
779
9624
4419
15532
6193
8162
16452
13139
6599
14587
5991
8698
12077
7160
3257
16960
13007
15246
5446
6834
15626
6979
13794
13098
7906
4762
10173
6090
15494
14149
16949
9070
2648
10439
15841
5315
5282
8891
9680
16775
7837
13458
14423
4844
10521
7886
14
5956
7616
11902
15780
9548
13706
8025
6489
4297
12843
605
8735
5637
3948
9763
5420
14562
14446
12926
8070
14839
13867
6888
4725
14244
10671
12143
13590
13415
12158
4298
305
5605
4809
4845
4889
15680
6941
2219
15229
11006
9115
10428
13984
16340
13332
9747
1718
3274
1683
10888
5852
2457
3300
8029
15313
8776
10535
16031
12216
11726
6022
1399
7770
15299
16356
10447
15952
5469
8520
11876
3492
8193
6779
12012
4295
6598
10333
10748
9926
10416
3995
11528
8459
2584
15001
7896
925
7442
10453
16579
15939
7792
11715
5371
13682
14608
6918
10938
2970
478
12387
7073
7791
2417
7342
7146
8917
10384
10478
15219
8129
13128
8385
944
13476
16963
2222
5048
11748
10133
10494
5140
8632
16392
12305
2825
14800
11125
14466
13017
9847
6268
7241
142
2187
8625
9781
9506
8338
3857
13301
8542
1420
14500
14888
7522
3368
12148
5646
3251
13550
90
5942
10100
12951
8997
12112
4968
8597
5271
3576
3719
6840
13040
13096
10240
14057
8191
6423
6819
7290
14035
15692
4464
315
4024
7423
1085
16753
5009
3448
1453
13735
10957
401
13657
1795
6018
15691
16793
856
1452
14583
13183
12252
13922
11994
4291
11602
8351
8448
15590
732
12666
1463
16972
3975
9715
10992
7857
984
10119
2900
9439
13305
12854
14099
8782
4287
11255
4779
10398
9691
6184
10150
6038
2380
12288
3222
1990
9551
14441
3790
3696
6789
172
2102
6609
9746
11336
7883
2972
13111
6633
11454
14329
8702
10341
1551
12450
7635
12462
7772
7129
15529
16710
2489
12424
719
16205
13166
2853
7952
166
1759
1110
4646
11129
5591
16228
8225
2171
12718
16628
7477
16583
16413
5770
15693
2635
987
5861
16333
13558
4698
11401
4437
1433
11154
8361
10293
8024
10106
5064
11764
9860
12242
7159
15096
3357
8732
12659
6652
2082
12307
6997
15286
3658
6171
4531
15679
5944
10538
14363
15653
11620
5739
12907
9336
2866
12047
6836
7396
15659
15795
1988
2001
8899
15188
4265
2341
3250
743
4635
4486
2871
14746
16655
7897
3775
7347
5517
1079
12409
15837
9932
2181
5977
15434
9863
3634
9197
14130
290
13006
7460
10640
8511
10107
11756
6674
13063
6775
5148
5692
13477
10662
1030
12972
2030
14596
4435
16515
13430
10528
15182
12191
4204
14206
13853
7410
7698
3322
7569
5341
7184
6281
6944
13877
16647
1464
13958
5070
6607
2707
8920
9895
10194
9409
4415
10253
9468
12506
215
14084
13193
8482
16475
10041
13290
11550
4518
15853
6681
5562
3275
9508
15478
4482
6566
7417
3886
13941
10287
16146
12080
7731
4715
745
1997
7818
8878
16363
14563
9389
8711
13797
532
6194
6422
5147
11235
16974
192
1648
16783
4174
4593
2000
8410
8306
663
7000
6815
14781
13173
6685
12841
558
546
10901
1015
15604
12156
4964
14774
3503
3671
13778
4345
6951
6579
8602
8509
12328
5625
1553
13744
7894
14042
15191
15815
4069
310
76
10404
8837
16913
5115
12468
13061
5736
5909
6907
15883
6378
12994
15689
2546
4203
7331
3648
8401
2893
4451
184
1886
12425
6902
5173
6363
16477
13880
16709
7853
7764
10045
4138
11699
11392
1331
15934
16524
15573
4545
14936
9603
6074
14479
4129
12859
9305
3665
1467
8977
15646
7008
7947
5414
9667
15378
6153
10739
14990
8455
14797
11428
13378
234
3375
4106
3708
4965
2375
16693
6567
6639
4497
12662
704
2224
7767
10386
14180
4272
7353
12535
1588
15798
14777
5797
4836
7799
5368
1978
13596
814
16124
5799
3036
8516
11424
972
1307
2364
10886
14803
8911
1531
13977
7112
363
14650
599
6059
9638
2059
12021
953
9612
13257
7120
7297
3936
15810
6756
16030
9281
16541
755
6112
5662
5201
12974
10074
3917
4597
11867
982
11887
16621
4111
12887
7036
1839
16644
8313
6005
13424
11180
7282
1866
8329
15809
9946
2882
2097
5444
15805
3390
6006
906
16092
6310
426
5502
5034
1725
7652
284
5253
531
12262
4294
4644
16755
7360
11766
5595
5581
4230
13896
6610
13156
14687
12827
11247
2756
5801
10637
7660
6854
2575
5957
4789
13108
14077
1520
1673
8274
7734
5068
9326
435
963
9255
14782
4605
6975
3874
4700
2801
15723
8155
11935
8756
9467
10204
3327
11863
11642
7138
1887
11280
10716
14283
8777
4732
16293
7179
16772
14646
13251
6830
6846
7089
2507
3757
3053
2236
5709
448
15650
2529
11558
235
9192
14416
8687
15450
8005
8880
10823
2814
5287
4506
12809
8528
5664
15681
5657
15394
4688
15523
11082
15803
9825
2813
5175
28
15327
13559
10396
4200
960
12883
10024
11132
3890
739
11976
16555
11780
8392
15336
9308
12601
2346
10507
9109
11182
4723
12738
9990
10846
8227
3495
173
4858
5462
3348
585
3388
13393
9507
11953
10898
11250
10426
11164
11752
8841
1955
16245
10320
15427
1712
12664
7109
7344
5856
15106
3767
11939
5000
12250
8873
10189
11331
2962
889
12711
12977
12690
10137
13443
14619
10869
8686
11328
7273
2901
4796
14253
14453
2555
9057
1505
16666
2652
751
9101
5590
6002
9741
11000
13337
14141
3805
16199
9514
8414
11613
6207
12492
14440
6603
3909
525
2385
9114
1693
14971
415
552
14181
6499
4755
11350
15337
5440
16956
11161
13343
797
2495
3000
12265
11883
4093
7231
12091
15138
15213
11897
1145
4275
7998
6568
14349
1875
636
437
3999
517
4526
14490
3163
11108
16397
8360
14787
15649
5983
3291
9140
1203
7577
13541
6673
11952
705
14843
16266
12547
9692
2501
723
10567
16469
1259
7839
10919
12272
3447
4140
10070
12736
12579
14577
6399
4676
2368
14768
6262
16443
12534
12927
10417
4955
7597
7425
1230
3871
9862
11148
7510
15052
7748
7318
1643
13561
12388
16289
11676
10091
9106
16089
445
1403
3159
7413
6585
16095
11607
306
11070
9589
15974
5246
16464
14694
2497
12034
5756
6659
7599
13500
630
15808
1612
9196
2658
4658
12701
16846
801
7574
4159
1303
11048
4871
8825
8042
3702
1597
3507
4120
1967
10907
16223
4456
11988
3203
5192
13715
10237
10556
15351
5180
11790
13680
9513
16410
7306
12778
1981
10
13118
5286
12840
1919
16968
12165
4161
5074
4007
8605
7383
1647
10519
8324
9233
7632
13029
2378
3007
9092
345
6226
12607
1051
5314
471
8902
14517
8114
6773
14637
11658
9294
4648
2325
8043
9919
5631
2265
830
15968
9954
7317
4933
13486
11889
14039
3050
550
13651
4051
15263
7520
4656
7875
14483
16590
11364
7165
12386
9972
15103
5006
15557
1900
3428
15727
8010
5633
4503
13175
12874
14855
14609
1666
16343
9959
14537
3555
15117
7946
1432
8076
13661
8796
6447
16099
8235
15034
3416
9884
11050
5887
5565
1816
4608
2347
7443
989
8223
13230
9181
555
7003
4131
12057
7092
2153
4104
6476
14469
9256
2966
10180
8171
10032
14056
13656
2602
5985
16848
14169
7212
4154
758
10626
4687
9818
6968
9816
3875
9086
4416
16721
12486
3055
14158
12811
1270
16663
13763
7044
13586
16094
5080
14780
14617
16508
9448
6413
491
13729
12108
8616
9234
1440
6432
4388
15193
8139
15214
4341
4333
2686
1623
6717
13179
198
4702
2951
13562
8745
14554
5530
16691
5745
12661
15460
6412
11451
1099
3839
6085
1276
14996
171
9170
7375
10566
15922
1207
10911
275
1026
7622
6202
3894
13926
11218
13141
14105
14368
8228
15109
8046
541
11773
7038
14732
3714
8656
16725
15271
4125
1149
411
7925
1472
13601
1976
10762
11170
4983
6735
15832
4864
16712
13192
233
14769
16157
9561
11651
9059
4066
2923
13000
16540
6497
8282
167
1877
4480
11916
14402
3468
15373
15431
8943
11739
15423
16183
5984
12935
11142
1274
6357
14501
4410
13644
3293
752
8100
13884
7062
15088
13375
2591
8470
582
10866
11168
6504
10870
87
7437
10939
4073
14762
6060
16947
5866
11712
7878
7909
15739
10961
4680
15545
11730
15070
3572
12244
14043
884
8440
267
2025
15401
14098
3031
1954
6761
14186
8174
6342
4236
7979
4634
13348
14882
1012
12235
8781
14284
16448
1891
3956
2644
4335
7076
9639
622
13564
81
1567
973
14444
14856
9549
16835
7596
11380
3734
11457
1521
6473
3666
8416
13755
8336
4475
8969
15285
10353
1909
5815
14815
7471
6436
16324
15205
12670
13932
1571
4716
8004
10234
15652
7119
11918
4385
14799
10350
15366
8820
10385
9821
5035
12246
2533
11450
7049
5564
12762
5346
2050
4754
5706
13776
1516
15372
13158
15218
713
9045
6664
8012
4627
2031
4183
10108
8262
1890
11065
14802
14603
9441
9104
5170
11452
9520
13233
14949
15048
15473
10995
9148
10434
11069
3609
14079
16446
16516
11253
11845
15722
10584
15204
13361
15165
7053
9472
2046
6899
12474
6296
4978
12183
3415
2061
9681
266
2431
24
13519
1682
3506
3217
2545
6803
9773
2827
8987
11510
6049
14460
475
1292
16425
12971
7154
7336
7718
9698
6554
15950
15550
6138
8383
5558
4559
2129
3311
15611
738
13865
6690
12344
7729
3224
6627
13612
1214
14755
9223
9404
13031
4348
10432
6350
14412
10895
10218
2441
3925
1616
3652
10928
8502
16135
13767
9647
11384
544
4849
16548
11482
12176
9189
5411
14496
548
5405
12602
2476
15355
15405
6535
11030
2550
12137
3564
10330
8279
6726
8766
5512
4819
5264
6272
8959
10322
11943
13516
6623
11750
3107
9364
13807
7798
4299
13659
1461
16106
13518
3892
1814
12948
4919
11163
5131
7027
7741
11608
12857
16827
13010
3287
8492
14343
14409
13908
7071
6492
14706
2127
8110
15607
15422
12048
2941
1574
3584
1280
12689
3796
15556
9712
16633
65
10327
1037
14082
7004
14191
11304
3041
8794
3421
3643
15827
7684
7986
10810
11724
9611
12437
2938
12129
11621
6748
176
8409
6618
12030
16529
5334
841
3328
9964
3398
5993
8790
8550
231
3162
13770
6053
16961
10114
15893
12172
5740
9876
4549
1903
3200
10284
8676
34
12476
4806
7260
3571
5691
10328
5986
2049
12269
5410
6908
4376
2021
9370
2424
14941
7474
12390
5495
9936
13034
6238
15368
3979
14644
8254
1604
7238
3374
5656
3243
14636
1181
786
13110
3362
16904
7724
15674
10989
15960
1450
12668
183
1251
16717
9856
13329
10848
7779
328
3900
4535
13274
1745
8526
3424
11839
5785
11933
5602
11098
16854
16609
12072
7527
11058
1610
6713
1475
2699
5622
13994
5520
5407
9517
9967
8050
1968
13162
7827
2766
13995
11100
15018
12394
7285
1735
7236
12106
10676
14846
11038
7322
16011
14546
16176
3825
6331
10896
10254
15408
735
10820
10746
8724
3409
12324
8097
4433
6767
6093
16598
239
4926
14745
13152
2991
2523
9815
15936
7429
15387
9808
4208
2481
489
778
8231
15268
7669
7405
9882
5069
6835
10880
9645
15456
11529
4661
8388
8331
11136
11813
16636
11031
2454
5185
15370
4830
10236
8027
1783
6063
1113
11470
3153
4626
12550
11677
8828
5060
9788
15868
451
17014
11568
2728
11121
6095
5036
14300
9902
5616
4888
2133
6031
16050
143
12770
3578
5784
8708
15050
961
7337
4851
16241
2089
2786
11774
2117
2313
11772
9644
1696
1386
2984
8465
9721
9627
2527
7903
402
5738
13488
15486
13236
5628
1860
10690
3485
7411
10326
14437
820
10407
1756
9968
12920
6856
14173
3505
3148
1974
9074
11853
10349
15069
12900
4660
8296
15264
6367
14477
10965
8255
11899
272
4643
10256
8119
1740
6905
9881
6762
1208
14794
7881
6745
13990
6523
12720
1579
10562
6750
1685
10483
13094
13965
8617
2111
12000
12379
5655
368
6043
1400
15092
6326
9276
1070
4351
5290
2002
15648
9403
15688
16554
4706
7271
3083
8705
15173
9390
11636
6561
375
15823
13970
7587
11601
9794
9910
106
14211
3016
10259
5483
14582
4053
16003
14897
14657
3023
3585
15073
13693
3253
10709
5596
13503
5325
4537
2149
1555
14316
13446
11842
2547
9139
5496
3413
14294
6521
12890
8123
14066
9535
9247
1871
13707
1141
10721
2057
5871
4318
2538
6686
218
10582
4274
1743
6992
3549
9994
9302
6541
8397
945
9557
5378
323
4500
12576
13712
4904
9236
10784
1437
15235
2295
2672
13722
4802
15379
15402
11893
8086
5098
11029
7558
694
4059
12058
1938
5728
9719
11479
4997
5373
12049
5244
2869
13740
12186
12963
16860
4934
10172
14954
15407
6190
4378
9758
67
10514
8826
15161
13001
16781
16562
13930
6334
4707
3845
13219
5476
5726
8298
821
7190
5049
16362
5236
13800
2105
5791
13426
8238
11778
5892
12644
11365
15369
5105
2245
1096
16389
15812
289
15615
10446
4197
4234
9128
10517
5041
8608
16482
6858
16976
10725
3037
6064
7011
4136
15253
13457
15010
7090
14604
12028
14828
13789
11835
12688
4163
12615
16358
8431
13973
16262
12828
16882
9076
8815
4690
11383
12819
9731
6057
15120
8894
2333
6109
12008
80
6629
8922
4389
131
5790
5083
15215
3971
11854
12824
12132
13535
1142
3463
9536
12026
10392
14613
4048
16669
10166
8216
6042
14001
15704
16487
2761
7502
8055
15466
4085
9169
5850
8150
3480
7072
8489
16739
2300
6404
5350
107
6322
8655
1279
8933
1645
8369
12580
1488
8278
4346
6195
11502
8108
4529
14747
15349
1514
3478
16678
151
1915
1545
12167
4910
1810
2415
6852
6276
2329
1607
1811
4701
13551
5137
10422
13948
1817
8048
10577
1971
16207
13234
62
2818
9502
15419
12161
15418
1594
4909
547
11708
15492
8888
16220
6591
10653
15752
14759
9977
2946
16056
2022
15566
14274
13381
3611
16779
7480
12913
1699
715
3674
8168
8187
7055
3420
7451
1668
13151
9931
15814
10086
6046
7943
10087
14385
9218
8674
12619
1767
14807
15811
4516
763
15514
14557
16815
414
508
6811
15250
6070
6742
2459
12338
12160
6321
13935
4449
11831
14976
15133
567
13786
2466
9015
913
9870
16796
12853
14588
15764
12473
14205
14389
15750
8387
9123
13751
853
139
1723
12779
15013
16168
7426
14684
4188
13310
16453
9495
5490
4938
8898
9473
16966
13338
8818
4966
13243
11956
4560
16074
8064
13289
1848
3831
9303
14778
6571
1287
3282
9562
12581
16789
13587
6722
2738
8983
627
3622
7617
14771
2227
9684
615
4586
10440
8654
12810
12366
12568
10624
5992
12274
811
10297
15242
8622
16227
10147
15683
11682
4292
15535
4883
15888
9260
15799
5665
13874
7768
3558
15978
12092
10329
13287
7203
2210
5234
5793
897
6526
4556
2929
8406
14594
5906
7603
14994
12078
15403
134
9780
5733
2256
10984
668
16195
10800
9920
7126
16870
13660
749
13206
15600
1700
15231
3964
4921
3427
1055
4387
3899
1243
14931
579
12104
1989
4647
9569
11103
12918
7788
16112
4733
16603
16134
14852
9373
9444
1228
2308
2640
15237
10600
15765
5817
8057
11181
1753
4944
14635
11762
11167
4793
2608
5845
37
11499
12421
15149
3129
513
13854
1975
10131
8881
8443
6198
12836
7028
5348
2975
3773
10450
350
8568
3876
7572
761
10616
12820
9591
1354
5843
9608
15296
16599
12842
15776
2401
9761
11670
9345
3
7181
288
747
128
6540
3238
10296
9105
8596
11809
9238
16821
3770
7862
10607
10641
2377
15326
7068
11329
9716
7115
9951
4479
8536
4572
15449
372
837
4455
12498
12625
13122
8834
9024
9597
7487
14433
9740
15524
11909
12748
13616
8398
9395
7546
7133
2870
7319
16019
5831
12071
1291
5570
3351
2596
917
11833
15932
15836
16352
8310
238
14218
8393
11630
6910
5697
16868
14860
3006
15707
419
15276
1793
7861
8084
15949
6600
5773
9195
4588
2548
6574
9628
14880
15521
2158
2645
818
10574
2125
10754
12888
4508
4493
9885
5377
10812
1340
7161
6687
3081
8065
6904
14824
16502
3113
8554
15612
7263
2907
16201
14709
14147
2773
15134
10310
6088
4713
7303
16597
6881
12050
8809
2122
12894
11669
2829
12697
4499
15307
9020
765
3337
6433
11334
9811
4488
13986
3484
16625
826
14722
14678
16843
783
11011
6788
5327
14408
13466
573
12885
9724
9600
6025
3051
941
6362
14760
14281
7949
14110
7890
8445
6883
160
9089
15885
6702
7033
8733
2769
4652
1656
11552
413
3147
11713
12054
8684
7705
1996
11619
6911
13923
14682
7136
13894
8555
221
8563
15801
949
11347
7649
14137
11793
13619
14036
10049
1948
5452
8209
1951
14847
10433
12851
14070
1102
8285
13548
12007
15272
16279
302
17011
341
12743
1048
11259
11436
15672
12083
11229
3762
9558
14115
14002
2655
6942
4428
7968
99
5134
13785
5214
11707
12954
16288
12957
1109
9723
9030
6354
7702
9402
6859
3460
11523
16778
13416
6428
150
14376
11474
1965
4262
16431
1812
2619
9542
154
6135
5971
1148
5103
16154
2983
8172
16936
12101
14111
2101
1630
12341
1984
7230
16536
9656
7945
7499
252
3303
449
2294
4677
7142
1131
8569
1681
1556
3170
8211
12788
5473
157
9792
16538
11361
11548
11583
7815
10022
13750
4561
5468
14705
16075
13204
4487
16179
2979
16528
7174
12373
7435
1439
5720
6369
11236
1896
13382
11597
4484
3422
7759
11094
10883
11710
16900
13030
2776
9717
11486
2588
16921
3769
14270
12445
1054
2599
3361
11345
8127
16569
8016
9299
2511
5404
9349
10954
5417
868
12285
3167
4250
11807
11937
3598
5501
14422
13214
5635
16313
1613
9193
7030
7573
6408
3184
8775
4471
6390
12777
3344
2694
2808
11359
2106
5212
11776
11573
16318
1100
9893
3449
4797
10749
12933
1013
5058
15465
12429
6405
9823
5699
3882
9125
14449
10039
6246
295
5543
7686
2735
16837
4175
9682
2191
689
11702
661
927
14960
7934
14240
13308
5130
8802
14499
8768
809
15352
159
14767
2534
12073
15596
15995
11104
8765
10563
14432
4885
5398
7533
18
3367
9783
5645
14097
3143
16792
15316
2551
2053
1640
13144
2867
4091
4814
9961
8578
7500
2310
5028
8907
2029
2066
7434
3784
4902
6332
10838
3220
15760
9736
3628
7530
3499
1544
4668
7826
9119
16496
6105
15032
4327
14154
8648
11120
5189
2688
1428
13022
1094
1620
5093
6971
6409
13745
14262
11709
8914
2856
16607
10034
7586
13376
13413
6124
4952
14472
3722
14258
11317
7276
11761
7507
8639
9418
7955
14690
4245
10480
7298
6744
8991
682
12786
12554
8728
10790
5166
9914
2830
6530
12797
4875
979
1091
4992
13686
7164
2064
15038
11629
12965
10897
16707
1626
15441
2080
4035
11434
10035
1338
11526
3494
133
4407
6621
9787
6045
10915
12370
3233
7653
1130
1592
5384
73
1296
805
16994
872
12757
2704
11944
15638
16996
562
12179
7223
5965
9185
10726
255
16978
7916
1219
3150
4003
9726
6718
9272
8014
11585
12802
12325
5478
6058
11418
9416
12121
6144
1121
5592
4694
13119
3202
10926
11949
16881
14028
12559
2623
16620
2920
12537
10966
4994
7938
9124
5752
15014
10423
