16720
233
16104
6825
7148
7468
7086
4802
8716
11651
5920
7771
15095
4377
8503
11982
6346
13320
16797
14108
15664
10256
13002
7905
1701
15341
10597
13267
10656
15931
1418
11874
8334
7518
17022
3603
6049
6667
3845
502
9115
6475
4095
15800
9091
12452
5946
2766
5398
4159
10310
2249
815
1148
12108
759
1590
14529
706
10460
10145
1952
3471
16629
5613
2960
114
11581
3712
2382
16662
16968
11627
16710
16985
6732
15912
15323
755
10823
5215
11275
1239
834
13572
5539
10305
2724
1967
3224
14170
2371
1965
8037
10495
9335
12882
1957
921
1097
8993
4030
11376
2803
15806
11287
8432
1501
13867
10314
5454
6031
9996
8604
16893
6620
12111
1126
1921
2472
10644
2325
9824
4365
8178
10763
9265
2331
9807
16412
10289
11430
8523
6694
15026
573
13073
6138
13586
478
6513
7931
14928
9844
1955
10213
380
5898
7862
8545
14164
14811
9862
12690
15892
2177
9294
12922
15111
7551
526
13928
5583
9329
4282
5610
6890
17024
1438
10624
9214
8888
10552
11865
8071
13964
15024
3047
9537
13270
5438
427
15230
4950
4520
9782
14468
8599
9524
3252
15570
12046
13293
4614
9831
13587
4570
6478
8848
217
15587
10167
15284
13966
2144
10797
9023
15070
7800
8991
11491
15658
563
4809
787
13708
11856
10800
12353
9307
5432
6893
16114
5333
7128
13495
6574
6865
8639
14939
8654
9298
14951
335
13892
13186
10853
44
10341
9443
11781
6350
4579
7558
3043
5100
15968
8832
14731
8139
8634
7422
14205
7744
7926
13897
7975
10386
11441
6259
7604
10271
12510
15502
4627
6281
2485
12747
7123
11144
8651
3058
12936
16491
14109
6039
11254
16732
6159
10817
16256
16659
14014
5095
12680
14470
13137
2726
5972
5157
16789
4819
7655
7261
6916
9817
4222
8928
16123
10538
7620
2509
14388
14156
16100
3029
9040
15620
7607
6319
14478
5136
13026
4115
2094
3921
8578
9340
6703
16829
9976
4285
2564
1575
5867
2088
2582
12793
7536
7819
546
12604
8895
10128
8497
3636
14172
16420
4688
5983
1881
15830
3338
12557
3145
6444
13350
10586
9969
16669
8365
367
16615
13903
746
10651
12074
8272
3115
719
9995
16050
5116
5041
5261
3071
174
5747
4178
15783
9404
8626
3515
14948
9328
10324
10885
9160
7069
11072
16093
6567
12561
12567
3713
4976
10769
2306
11919
16614
1050
12260
9867
7657
5371
1831
5795
4134
13174
15742
10989
6506
12018
720
8187
11818
5814
4751
8904
709
11171
15056
12456
6765
10097
5006
5716
8362
5984
5837
10517
8618
5383
12665
3489
14479
6807
839
7113
6396
1567
1665
8247
10610
2223
15611
10663
6249
13353
9341
282
1762
504
16083
7863
11138
922
6503
2408
2244
2157
5486
12368
2608
15910
8807
1948
5140
1660
9416
8844
11112
14254
2474
13667
5798
9965
5059
11522
12043
2534
16971
8299
8421
5016
1635
4065
3493
2399
7367
2385
1350
11600
6014
15913
14585
672
735
9737
2274
1593
469
9066
3872
13640
2161
507
9882
3978
6913
14193
8893
4764
1408
4240
6082
10206
16682
16663
3411
884
1766
6033
4003
8662
11552
12077
8740
10411
14573
2981
8312
7496
86
13973
6862
8665
12002
6908
6884
6525
1442
3588
5236
15487
3328
15752
1645
9885
13854
1706
5462
9956
2228
1139
12525
6359
6327
9472
8243
6065
1531
9452
15351
5978
4181
9346
1122
8742
12613
4370
8466
12371
9499
14410
5291
627
12496
4834
4148
13633
8121
12859
5657
128
16185
6894
13286
4144
3279
9272
13593
16899
12293
11580
14337
11528
9389
1651
7893
12640
5895
5275
7024
7193
9738
15750
13058
14833
11614
4117
15085
14336
16835
15662
9896
13764
11192
7225
2191
7925
951
15842
14383
16488
6409
10912
16909
7455
3529
9208
1157
4812
7016
11022
6866
3994
16128
15661
3505
5560
142
15473
11905
13558
7291
15431
1210
6922
7998
222
4306
3776
2040
462
3612
6628
16315
11972
12658
16225
2627
4746
9300
7154
4361
12599
5729
10137
12860
13837
15165
12428
16705
14714
9437
13648
3012
6767
16777
904
9102
3260
15162
16877
9403
10277
5472
1512
7370
13140
6856
13616
15332
14995
5431
5529
8321
7048
5468
16147
6258
15346
3294
12889
11434
1768
4436
9297
10180
1303
1465
1207
9660
14163
2824
1885
1389
9784
12646
9166
9670
13820
7108
7753
4641
106
3146
15436
5077
6130
8152
7528
7272
1959
2550
12114
9057
15693
13681
12960
15837
5861
2630
10686
16695
12324
10230
13505
2366
11643
4695
5935
10715
6568
14789
12344
6213
9696
6787
10490
10357
2176
16871
12881
13233
955
13789
8747
1248
10995
1469
13922
6042
16544
9705
13328
14744
12945
8233
4374
14350
3372
10925
511
465
4683
140
1129
5118
7507
9364
5354
2525
14097
347
16600
8364
10824
16447
3888
5235
13462
15826
8130
8123
10884
402
7791
592
1995
3959
7502
4168
3111
3407
1892
1304
1360
14486
1376
11302
12374
6036
10381
16915
13630
11370
2963
7070
1932
9608
12051
14250
613
4231
11582
3907
8753
12811
10063
2008
8820
16640
1055
7012
1623
1204
299
6725
6591
12621
6476
8342
9701
8897
16820
13285
7404
410
3993
6901
1638
9418
11324
13948
7114
16903
10019
13499
10830
7798
10919
11676
10138
3844
4670
11114
8790
2877
15746
3787
12641
2055
7420
16734
8936
10613
8562
15753
6603
9901
11312
3030
6061
1052
16760
7535
4769
8404
8822
2391
14635
14073
2048
9547
15835
3783
6779
2660
7932
3975
8400
15545
10446
3663
14069
3222
11910
3622
4984
723
4745
5909
3551
10330
9653
10798
13975
5882
5115
11934
3004
7202
16715
2423
6507
7057
1873
352
9458
10078
7760
14154
1341
9026
7783
4936
5134
2531
8923
11775
7570
2386
1422
6397
754
9612
7790
3476
13874
13031
7168
15360
191
15120
9344
12130
13627
10902
9216
87
4888
1971
15610
775
4373
5141
8111
14064
2049
5528
11187
9820
16518
12507
11448
3770
7915
16274
9086
1883
5170
5351
10389
207
4476
16945
10326
11857
7579
6752
12273
11261
16531
9467
11990
4294
3375
12306
1966
3662
15567
9588
7267
8210
12999
10806
8505
4205
2068
1941
331
8180
16356
15788
11321
6388
9417
4562
297
6460
17013
16661
9480
1106
2439
9468
4413
14960
8811
8695
2862
4020
15616
16122
6873
15572
1040
11111
11169
10169
1170
15239
13197
14676
14823
2124
4954
4539
13169
8633
11848
14722
15810
11607
5678
15969
2971
10803
12855
6337
1898
961
2028
15036
7978
3619
10409
12519
14317
15857
16367
3878
4926
11271
7617
11958
6889
3284
14521
12834
7671
7694
12538
9675
8278
415
1859
13564
1479
1942
11519
2185
12623
2061
3859
9843
16360
6204
13730
9377
14271
14925
14003
5516
7362
13746
8277
12109
11311
3274
15591
11770
12697
5138
4854
16857
10251
5179
15684
3400
232
6797
3729
11954
15520
7181
9215
4664
1485
1460
12550
14453
1507
11782
5574
14052
1283
9253
3793
13517
14759
12264
10073
6991
3232
15833
14299
13228
14555
4110
11590
13045
997
7060
13802
7097
16466
16108
2248
1527
6927
3070
14839
5700
7823
2017
3828
6675
5192
12116
4267
6080
8815
14670
2814
10408
6666
8765
10378
13688
4334
8324
12836
250
9774
11299
16579
16884
10562
4628
14798
5167
13281
6270
7092
12766
15212
2438
8489
10079
11899
4332
15617
10008
296
13869
11317
13797
14514
6586
9941
3057
17017
13221
15854
350
15588
12691
3813
8679
396
5620
9194
14927
10211
8718
16018
4010
7545
8869
4939
11549
13032
3130
15122
3958
9816
5938
13532
13684
9791
9168
5762
321
7347
15404
11723
10055
7417
5602
4992
5601
15821
16000
13396
5459
6222
13250
14626
14998
1874
642
1134
8236
7037
6155
6068
9621
3726
15410
9626
15385
4406
8773
12104
2393
9952
8328
12398
15841
3343
3212
16080
7849
13380
4842
5049
513
9634
9593
3965
1490
12585
2983
16461
748
11727
9991
6360
6885
3245
5429
12883
1719
13426
6132
2840
10985
14153
12159
10726
4637
14379
3963
11306
5362
9617
6163
16318
9569
10267
6635
12915
7939
1964
14314
4753
4051
3586
2241
3205
2969
13961
3590
13772
1349
252
1890
1404
7836
13920
13021
8898
13430
11460
4140
10072
15130
11686
16091
11226
4855
1009
11862
2467
562
15580
5299
12440
12620
10478
4407
9998
2356
54
10394
1903
373
9485
7295
9369
13737
16513
12085
5379
225
3336
2719
15879
13466
13823
2081
3568
6826
11153
8540
15274
5626
14339
547
3437
8792
16594
14446
8836
8646
4391
13444
13349
2585
5616
4613
14354
16314
6428
11466
12459
161
14144
9500
11598
13141
15761
1510
1043
6808
4604
6509
12186
1694
16665
14402
2046
16787
12798
7971
10307
2493
11296
13859
6183
7044
11378
8941
12053
6578
12988
16458
11483
1110
13771
12741
11654
15480
4963
1348
13534
3334
2675
12307
10026
8687
4123
8084
6391
3346
6098
10565
11652
16641
6677
12757
1672
3897
2357
12853
4947
4022
8812
9718
4458
6612
6500
2544
349
7801
11373
8171
9770
13595
15715
14223
13308
2078
501
10646
10295
1925
5576
3593
15628
14502
4736
6280
10110
1393
8320
16937
8418
11494
3149
7427
8174
15921
11092
4040
10765
14866
9592
4588
15638
16320
13234
16113
9859
14029
15100
8467
12509
529
7946
2986
2484
6570
15745
3962
6219
9477
821
4001
16708
138
6592
1929
6773
15721
1699
10370
13195
6673
15966
122
5744
16281
3854
7663
2276
7268
8978
3578
5740
2796
16134
5514
4545
13326
10920
2257
8003
6092
12277
15143
3875
3782
2100
16441
7286
14390
5227
14
15347
10677
15320
10255
11931
6952
12296
12663
9151
9725
12162
2219
7403
4094
8204
4502
353
5853
8530
5548
7071
12878
16940
3450
14593
7174
16096
6758
12976
5392
3136
5345
7313
1601
1467
16210
5494
7074
9724
15847
13663
16754
2653
9975
8576
16012
4096
12738
16460
11104
12191
11815
13999
8957
12587
9864
14603
4982
9150
15865
10027
2799
6572
16622
6149
1753
8582
12605
8024
8166
9121
10054
1812
9580
6464
9872
6079
4589
2713
6710
14721
6766
14843
15257
3186
6083
8252
6237
9087
13289
1697
12701
4838
11892
7832
6849
16892
9246
16474
16442
11366
13106
12574
2568
16403
6106
13127
6990
10508
16906
9585
7049
16472
10953
11493
180
14506
11442
11779
6137
3937
16902
948
14404
13222
7236
11270
5632
8211
16693
1117
67
2580
4930
100
3996
14740
5942
15294
4817
16022
11830
5789
8596
2486
15551
9371
12196
14580
7750
12437
905
15093
5272
316
12030
10453
9056
906
10905
12203
3161
3250
10226
56
8054
8427
2792
8929
3190
4552
8484
9456
7017
13181
7029
9560
10847
13166
11363
6423
7449
6091
9232
14459
10592
4091
15618
10418
2754
14689
11798
3919
2853
12117
10767
1049
4743
73
4130
13745
12004
8183
12475
5246
10406
10675
15855
12715
15493
982
6304
15110
6514
7185
10814
12763
59
10422
11963
15688
5792
10164
1681
5330
17023
1774
1095
6806
1449
17003
10741
3674
1535
8854
16578
2764
4811
10794
3672
3441
12402
9938
2551
16690
27
4239
3046
13425
450
12804
13057
11015
7077
8269
15199
7309
7708
15301
3847
6074
966
15575
7993
15009
9256
12181
2025
7121
12564
10020
11103
7170
9931
3
6371
13680
11759
7331
2452
11052
11084
3208
12812
2416
6515
5976
1787
3914
992
6432
13146
15749
11900
7107
16956
15634
14474
10281
214
6737
2197
12873
14818
8223
6695
9315
14216
2262
261
13686
10099
5860
11468
2442
2618
5979
2092
9572
1844
16324
8291
8951
3898
12367
8655
608
12967
13037
8387
10762
15747
8413
1365
1320
7815
14845
15689
7073
13988
5912
12990
251
7015
6983
14027
72
15856
4367
16028
7955
6046
5927
1493
14196
4441
2252
6822
9050
15814
5493
13957
16508
5249
5259
15785
980
7749
10042
16694
14753
3541
12518
853
4771
14565
13189
596
6483
9822
12329
3406
9382
9838
625
12566
2207
12451
13307
15829
2994
1730
1782
8301
11738
6585
743
12299
589
11477
10312
6333
11776
3133
11444
5408
12505
3552
7456
7257
9895
2771
6891
15533
12672
8294
2192
5504
9109
7512
575
9424
4451
12265
10353
8193
5582
13700
4902
5336
6512
12696
762
8896
13282
3647
5957
5527
12725
9690
7542
14515
2042
7682
14827
13121
15984
208
13322
9505
15358
645
960
6267
14665
8766
13375
8068
2520
16017
14880
14294
4660
4291
9301
9808
15176
4275
4024
6264
2604
12498
5888
9546
1316
16077
4009
11606
6676
3567
6692
11663
3506
7066
14733
16246
8241
13673
13871
6791
1458
11725
9620
16646
12138
5211
8793
2457
3169
4697
721
2685
5930
11911
1353
12842
7094
10098
4500
12636
10582
12520
3700
16851
11279
5597
13962
1028
16453
12601
10207
16427
74
16014
11212
9283
10936
4260
5443
8412
15778
9394
7625
9559
3675
6580
7366
8559
4672
10301
15119
10367
1702
7095
9155
14298
3237
5849
5279
15116
4544
7762
14275
14817
10795
5244
1585
11805
984
14915
7521
8900
4072
6670
2910
12350
14423
3768
3730
4052
16302
6981
7437
12819
14210
4333
4353
7093
6637
10047
6202
15425
6178
4882
5587
13420
5937
12770
2179
6454
6354
6185
7135
7199
8330
2411
13639
15011
16043
11480
1100
9313
13934
13434
9384
5352
5628
9076
6605
1505
10227
11488
11994
309
13845
19
8287
8715
10549
16153
4775
398
8775
12060
6980
8556
12499
2060
16164
6081
5314
5365
6040
8044
1042
10742
15626
10836
1000
3821
16071
5584
7164
1082
1296
2436
13611
16823
8880
4625
6326
7595
1548
13107
404
3742
6131
1943
2346
7515
11585
3882
2712
15005
7273
7159
1387
16911
2857
1368
10863
5020
5750
1627
11269
15538
13786
9284
9048
11063
7444
2203
1375
9504
13226
9633
8131
12301
4983
11449
3558
2230
10493
8760
13423
2400
6925
7990
7085
8525
7712
9993
3791
495
2414
8073
2495
3102
307
16947
16289
8867
11346
7216
3694
6356
11422
3127
16270
3015
16375
15316
4797
16407
2206
5078
4076
12807
3404
13557
7631
1611
3585
6437
6324
3099
3075
1950
6579
12901
11167
6801
5337
14732
3857
8234
2353
1247
5568
11419
7327
8563
7434
15940
14881
7039
13428
2852
7253
15982
6609
14677
13487
12221
8226
11182
7416
1240
5463
8318
1988
9677
15769
8237
8592
14315
13276
10649
1236
16919
9935
6786
11433
5543
10481
5476
5862
13023
7742
13220
3908
13213
339
6108
15928
12769
2120
13135
4107
14883
10405
6296
7634
2226
11415
14801
5018
9853
13214
12648
10623
13033
6953
9037
4872
7382
10068
3324
16504
14510
1288
14961
14767
13329
5725
3455
9426
2973
16299
1026
2787
12810
10718
16842
10011
1036
4698
8027
5671
6077
7877
7906
13297
11229
4478
11420
8875
3969
14870
16368
7839
3911
13551
4090
2815
5667
16363
7826
8932
4780
7703
9355
4921
10717
7384
6907
10450
785
3200
15366
10688
15328
15860
1583
16019
6718
16597
11196
3786
3803
9755
2540
3594
11087
15882
12476
1266
15573
16784
5533
14602
1765
1093
2902
1936
3664
4265
9323
5156
9932
9915
8161
7821
12723
1357
14398
11136
1889
2507
970
4218
82
5273
13725
14309
13788
4728
13138
2848
2503
9444
5556
2683
16843
2119
11921
1788
7924
2728
5064
1002
14997
5721
12468
6445
7389
10092
5461
16764
10423
16295
15674
15606
7062
8537
2790
12667
10983
12645
10873
2601
10708
16161
13438
6938
5241
5681
5531
15447
8504
3820
15748
13571
4716
16858
11297
12739
5646
15467
13744
7952
6827
5404
11841
9281
5061
12022
7355
354
10489
14765
4977
11728
1436
5376
16063
9251
14728
13080
954
15312
12539
14467
1381
2239
14416
4884
10275
1652
368
11201
6933
11392
11397
1908
1625
7917
16031
12991
11129
9302
5629
5124
5507
13835
6920
6329
13544
7700
2782
12362
15807
4985
14519
3720
5706
11943
8458
6194
12412
15126
4194
14042
4758
6504
14117
10208
12731
8609
14886
3084
10061
13190
16907
4870
16064
61
334
16587
6728
3797
4554
8879
15216
10104
5871
13277
7244
14433
8135
10155
12286
17
8683
16595
11461
8196
14103
7316
16176
4863
10182
7553
4529
1234
16068
5048
3952
6401
7223
4636
4389
13552
564
5617
8348
10710
12383
16795
8386
1224
16938
14472
3379
3805
8443
8393
16054
6557
4770
2072
15037
9134
3181
9129
10908
6165
6328
12975
11710
9316
1841
5816
16224
16499
9141
14654
4310
6649
5742
6968
3861
12897
3624
9184
13956
13179
8515
9154
774
2982
14503
14674
11265
15243
7907
9022
11555
15103
2784
4585
8205
942
7414
736
11802
17021
628
12047
3354
9669
166
11016
15400
13500
10266
13636
3772
12426
5014
593
2928
14864
3064
8140
9225
2343
3394
6813
14429
826
15876
4516
9200
10285
13273
10393
8388
16214
751
2428
14485
5489
5623
389
11760
10290
8449
10039
9637
10399
1197
15227
1817
4335
5390
5829
11736
10121
6306
1821
14758
1587
1834
12602
5467
15352
15584
5168
2218
13316
7192
42
2736
4630
12144
9732
1760
4799
7514
12712
14577
13716
14752
10496
15781
5855
12209
9438
881
11896
2165
11538
16535
12754
3910
3074
14038
4274
2026
2182
6468
14976
822
3562
577
7596
15131
6523
8512
13366
2519
1620
15420
9153
14058
9851
13078
9828
2147
10896
3003
1647
900
14389
856
14777
13332
10748
13832
1754
2598
4439
6394
4325
3924
1394
9683
5046
3473
8286
8040
16495
13313
11845
10534
14146
8884
10703
14072
11729
3083
4898
9015
3327
2344
14208
2738
14226
6347
15326
15178
15941
10856
3652
5495
2085
1842
1087
10945
2169
16863
2047
8093
1047
13383
1820
4913
11564
3038
14532
15893
4945
12781
16744
7768
15776
8751
13766
3775
7511
15047
6206
1747
10735
10059
14207
1484
4555
7652
6582
14490
6233
2715
15228
12107
10083
10886
8967
7089
14444
13011
11210
6002
8673
14059
1795
5370
4600
15932
10419
16275
448
2027
5285
8513
10728
16511
5662
1610
12314
10382
2350
16390
8564
9413
12381
4313
14044
10260
15063
6203
3819
6518
1780
10044
14538
5022
477
441
16416
16687
6207
12457
9942
3462
12118
2372
11175
10653
7901
7606
1214
14237
13911
13995
3848
14884
12950
9107
12788
5414
2870
6931
16584
13151
14391
5040
15074
9719
845
2190
919
1277
1336
2743
3297
2650
5065
16394
3306
7334
1431
727
13323
13527
12502
3920
16252
13413
7707
6481
11142
9659
11385
11256
3253
13492
859
13664
5634
3751
15268
15635
3117
12266
4395
12414
2043
6139
9977
14211
13083
4915
14900
5880
12439
2460
195
9842
8374
15654
14198
4690
4472
14592
13953
11124
13866
10372
12547
15108
12959
12262
12259
2546
393
11691
9527
9387
12914
16549
9661
11342
11890
10909
7096
14075
5194
16699
2405
8806
14588
1427
5253
12876
13048
8353
14454
7656
11155
1537
2886
8316
2671
2097
5603
9074
281
7023
77
11694
1836
16339
1606
848
7
9953
16875
12779
6810
4214
5123
4843
5035
7802
11803
14071
11134
5745
946
5420
11861
2595
11470
14890
10744
16084
12531
14685
14025
4163
13154
3642
1145
3292
12930
8450
1452
8092
12453
10776
565
5394
16502
1570
14571
4994
10355
16340
11679
11213
4287
9651
858
7792
5786
9796
14942
10139
8483
7167
1328
11797
13155
8072
424
9811
2693
14131
9615
9019
15105
14269
9506
3760
10713
5105
12508
6225
5585
15605
11550
15811
6307
381
15466
7025
722
1960
1671
11566
9356
5717
376
14678
1237
14393
2729
7233
14091
13998
2732
3101
16437
15850
4484
13027
7582
15194
8244
1222
6926
5490
13831
15884
10306
16382
14863
12234
4900
6877
16881
8511
15033
14954
730
3660
4422
13309
11267
3733
9060
2056
8555
7480
4908
7532
7426
4895
153
6734
1383
5162
1386
7490
12628
3269
10093
10168
15938
4073
16670
7292
912
9694
11945
2746
892
6348
16317
176
11351
8344
5776
1741
10579
10391
16385
5645
6630
14325
8643
2900
6365
3863
4149
2227
6462
4401
16691
5997
12397
5430
11387
13246
5926
10444
9928
5710
7732
16712
13437
8399
15866
9788
9716
14221
13939
2620
11056
11748
3739
11602
1031
8090
8833
4435
16195
13599
11773
14278
3221
909
1219
2801
1856
8133
5129
7590
14413
13274
11399
16279
16060
346
16101
11455
11445
15012
15330
11023
2106
12746
14283
12954
11662
6072
5520
14062
13750
238
9322
11752
6045
2022
2548
16075
11141
1198
11814
11018
13152
744
9368
8274
13363
5135
1621
11117
4813
3195
2050
3829
13036
16623
2240
13144
2813
11097
7072
14053
3028
16725
13103
8060
12404
8913
4582
4937
12721
9047
12387
12080
6321
16731
12867
11217
12062
12727
1041
12150
16957
13618
271
15971
3301
5928
9971
256
2703
16015
14118
6883
16055
16617
1524
5833
3092
12342
16840
6741
1838
3454
1739
4991
6629
15886
14671
11007
11106
10321
8016
7342
10897
15637
12466
5126
12469
16825
14374
457
7803
5743
16355
171
2758
11977
4303
2929
1259
10512
12893
14894
10574
2866
1515
14120
6519
2413
5579
9161
1558
8535
425
14489
790
9888
521
10774
5962
14724
3173
16311
13150
1183
12830
1808
14885
2180
8617
6438
11536
1724
3341
12980
4632
7872
14755
9482
11530
517
7079
5384
6268
9587
12079
1994
3769
2545
13050
12151
9946
4142
148
7008
13915
8034
11283
15741
2298
13471
11670
2138
15321
89
809
15669
12791
1289
11855
8501
5037
5411
13024
15659
9598
7378
2379
11436
3386
16170
15936
15223
16415
14609
4756
10240
16910
7647
11274
13768
9360
10560
6283
5198
10813
8079
9370
902
2916
7255
3997
15627
12569
5317
9666
8405
15511
14301
15743
7864
13215
13301
15740
6087
652
9473
13172
2705
15760
5608
7983
14683
14344
8868
16972
13560
7359
1252
13937
115
5399
2317
4960
14462
10591
12673
5631
7674
16817
8737
7341
11236
12088
3548
9367
10681
8649
4103
10336
2194
14005
1346
3781
5831
8012
6960
13367
14031
9081
6832
15557
12700
8983
1144
3554
14668
4928
12643
14700
9830
7563
10664
15671
7731
6112
479
1986
10647
3491
14525
12582
1559
13066
10436
16459
8508
2508
9910
4179
22
13180
1012
13128
1131
5484
14675
3549
5033
16548
2956
3625
10805
13848
3242
2388
7584
1982
1285
9126
16242
10992
6492
4357
10066
14448
5107
5735
15542
12023
1876
604
4329
13877
6708
5480
2066
9672
14628
1053
11986
6313
60
5193
10872
9211
3044
8672
1158
23
13910
2970
4700
16729
12635
4988
3866
10221
14137
3413
8886
12707
7859
6611
1199
2804
10126
9545
6335
3621
12516
10587
16141
10789
15229
9596
16598
8861
7612
16954
10738
1502
10342
7829
16807
12382
2828
4706
5604
4792
10575
1482
16590
3591
11769
11700
8052
16751
395
11292
13515
9120
2612
12572
5561
2364
7544
20
3235
7082
10407
13863
11765
4185
11075
6376
16335
9273
2835
6297
11893
9809
10293
13203
16697
14899
5665
13336
11156
8228
9586
3961
789
13861
8284
483
3271
15458
4097
2014
8684
13697
14822
13102
248
16102
10943
15949
6896
1364
11927
10348
12136
13388
987
15155
11985
9085
9629
10170
13796
2053
12247
7837
6164
10199
11774
12629
5103
13101
2892
8327
7288
8137
2001
5718
3199
1783
13722
15600
4788
3822
9898
2932
5101
16203
10071
15687
2744
2933
15918
14813
8608
6309
1265
4566
11036
11490
5843
667
2830
14450
6651
8877
1264
14994
5727
1384
15895
10021
12716
6244
6123
13251
14871
7525
12330
9618
14771
10957
12583
15809
17002
1112
14480
4336
738
10829
16487
16419
71
2432
13236
10650
5223
1990
16885
3067
10679
2482
13115
14183
7788
3865
1497
11713
3484
10012
6439
3794
12322
506
4121
11750
8239
15305
7418
12380
12375
8699
11034
5677
14255
16556
9702
15361
6768
10583
6777
7850
11525
8874
4678
6245
3525
8744
9461
4354
867
4803
165
13576
7641
13927
10944
4503
184
5787
14511
11592
10429
8547
11463
7433
15544
14735
11008
6788
10185
9306
14256
14643
16916
11026
7835
14897
15441
5511
9287
4601
14699
15624
14617
14576
16497
16925
136
9973
13269
13504
981
7283
413
8605
12026
3469
12035
5353
1461
3422
3258
12850
16208
5915
16201
15517
9735
10377
13617
3665
11595
4576
14812
8461
15934
5381
12336
1829
12760
4180
13912
8613
3350
2710
7443
3679
9227
8379
3835
16635
10852
8830
5089
9351
13422
11568
14054
310
12592
2217
512
3319
7166
9378
13817
7683
12951
2181
14763
5566
6271
7651
6162
4104
5751
967
11195
3249
2305
11849
4292
10202
16182
11464
11418
6615
1045
14492
1034
15019
887
10732
8516
5301
7602
9922
10764
6037
977
16852
878
11620
10684
15356
9607
14471
8704
16230
15000
12970
10889
15303
9337
1927
16088
2108
14435
10387
2332
9880
13888
5934
5286
12797
14560
8359
7813
13812
13621
1297
15965
7688
4784
13748
13043
11424
7693
15864
1846
14074
7296
14853
5184
2137
11013
6301
13414
9410
8750
1424
15233
692
797
13763
14586
13020
16706
8005
16563
8500
4510
9721
10635
63
253
2476
15485
6623
9020
2590
9535
14346
7491
1080
8499
8770
1178
16285
440
5842
5885
344
13991
3556
6152
4198
10294
9939
12966
10982
14168
587
3457
8029
13239
3461
7554
4694
945
3080
14991
12627
16342
15091
3114
7213
11473
1976
11355
9818
8475
12607
10304
15710
2193
2663
2680
795
11889
300
8616
4314
14019
16013
6066
1090
9158
8253
8337
485
13790
15262
8414
12756
10567
6021
7740
7333
4033
4182
15025
12056
10253
17005
16139
14004
3615
3749
14370
1121
2164
7774
8650
6696
7714
11962
2367
655
4491
15729
14788
3362
5884
14311
11589
15322
13872
10103
637
16724
8707
12261
2258
13460
13762
11176
6051
14633
3523
7006
2873
12669
4345
6662
1604
2498
7356
5144
6257
4189
3764
8306
1119
8771
14750
10917
5732
16771
7446
494
5497
14463
10302
13864
8924
107
9795
8834
16255
11209
13935
12528
15432
2695
14455
8992
7030
7287
1696
911
11216
6622
532
108
15234
4420
1238
3678
14024
16668
2643
11913
14132
8156
6322
11604
10166
10589
14244
16557
9127
7482
1318
15367
10680
15353
503
7680
1919
16162
10415
7009
15495
11262
12005
2089
12868
185
385
15435
6129
4382
11601
2607
8148
16873
14650
15014
9279
10231
6184
5598
16338
15359
9861
5649
7091
7412
3816
15716
6419
16400
14121
3695
9402
11567
8927
10448
10928
3692
197
14661
1757
2275
13237
14026
15204
14697
1457
1355
11678
827
10376
10659
833
9494
9871
13456
5254
5553
16683
6007
9419
13996
14238
13784
9428
10498
11123
1312
2116
13333
2553
16684
10264
7483
16142
3490
5940
10243
1857
16926
2074
6647
3009
10015
32
9278
164
12717
13439
15288
12163
15175
7669
3201
4806
5150
1992
7280
11070
6704
1572
3763
972
5433
2265
6949
15135
15232
3683
13319
10993
10626
9581
820
11821
11506
6311
3946
13424
14882
15828
13312
16451
15099
14274
12126
15445
11095
11703
8246
4290
3746
16765
12891
14349
15817
6047
11811
6552
14466
1038
10602
2376
9962
1300
599
15926
8373
640
1325
1636
6266
11203
2067
15042
3380
10329
4615
3566
2908
7141
2941
12050
9053
15386
7912
7794
10558
16025
8517
7621
1437
322
1773
15815
9348
1286
4041
1084
1162
1337
8889
4204
11746
2528
2762
1278
7533
6243
6812
11978
13148
10010
13232
15291
10706
9568
2529
11402
10832
5109
15531
2455
8398
9893
3229
6957
1033
584
6024
8919
731
6665
6948
386
15419
6823
8935
7323
16131
3825
6556
2378
11099
10088
10860
1920
394
8216
16034
1772
6632
13360
1939
16941
15142
13325
5475
8440
10403
14582
16978
1893
13954
16726
5471
1629
6834
4711
11937
4599
15354
13923
5225
9714
5265
6817
14276
6971
15201
11618
12319
11933
16290
12168
3606
12058
6011
7242
9717
16171
13853
2786
9759
16543
1498
13041
2076
8146
3323
13638
4258
15118
14688
4481
12128
7435
4584
4141
11603
16369
16776
11051
11300
8955
6569
11908
15985
11576
16087
8779
835
8493
9879
4360
10484
8657
11295
5578
4880
7310
8541
4160
14111
649
5102
10670
1544
13967
116
7098
1423
953
4342
4631
10600
2640
8141
6150
15898
14295
4904
283
2287
6815
13930
9179
2314
7075
169
13670
13398
5158
10614
234
363
16377
3213
7022
5865
4568
12979
14591
5783
5226
14396
2864
2143
8490
3435
12377
14601
11864
14574
11698
3767
15978
7670
9776
8485
7576
12927
14989
8942
123
11082
13902
1809
16024
16341
10752
6693
4054
12218
6805
11137
9270
4934
325
9563
8823
4626
12692
8939
9826
9463
677
9241
11936
13556
8950
1826
1086
6288
8664
15736
16678
918
10006
13813
1073
1347
1905
1171
1617
7961
3931
10720
12061
15016
377
7019
15372
17019
9891
2434
6784
6038
5749
5491
2504
5723
4823
11763
2450
8944
383
10424
1864
1132
9514
94
10811
5889
6919
8494
3553
2465
1232
16932
9448
10790
468
808
14245
7989
2281
16582
15374
13960
5596
4381
1120
11045
7622
6589
2954
2587
6103
15713
15433
9210
9239
12027
3227
16110
12484
4252
16259
4304
14713
16277
14126
3184
7966
1471
2809
8647
14403
13182
566
10521
11718
10148
13404
12662
9212
12625
14272
6402
7690
4796
15737
15569
4841
705
3832
2563
7489
7667
4
1749
276
16264
9781
710
1250
2380
15682
2187
11591
14913
11412
6467
2403
2126
16824
16286
12015
6524
3804
14128
13803
5641
16526
10770
7104
3361
11381
11035
5396
6285
2638
13580
16532
10086
16596
4280
6593
14392
4341
16434
12069
16345
15242
12243
6457
4379
5592
10203
13901
1886
11715
2079
3670
12957
2440
2987
8738
15267
4157
12722
6912
9242
9229
1914
7179
12048
2912
9108
16680
658
8963
13974
14141
1977
11375
2278
6494
3251
3139
12616
15293
15797
552
4876
9288
16905
5098
576
5993
15564
219
12391
8314
9777
6317
6292
9934
30
15556
12448
12041
371
12737
5845
15069
13200
6738
7250
1591
14477
6982
1167
14984
7065
5611
6683
15050
11837
12634
7704
9819
7909
13891
16674
3718
15686
4606
9785
2118
4324
9538
16347
15220
2559
6400
1402
6170
699
8759
4966
1216
2946
1711
2820
7405
3094
7843
12089
3913
7973
11792
12540
274
15004
6945
15629
4200
6158
4996
10693
15144
14260
11286
14693
7619
1161
10279
5824
13692
179
14432
5715
11101
11784
9029
9540
2446
5818
11011
8217
2996
4951
16990
9192
12840
5113
14361
5060
3827
10050
4858
8102
14204
11646
601
149
695
6487
5664
8433
10603
5369
12179
9999
2039
16747
15146
12947
8780
13906
16125
4059
586
7759
10916
11496
11791
15044
7238
16051
10385
14318
4085
8764
11613
16456
275
8009
1235
3950
8506
10585
10352
12814
3236
5051
143
13852
7155
5387
9484
358
15519
707
962
16094
12733
126
1426
265
16987
145
16520
4890
9802
16482
3125
3691
1767
4830
3984
13218
4719
5782
12618
15073
7102
7935
3943
8176
3210
5973
3481
8520
1005
4820
2602
11362
11159
2689
14119
11472
1907
1906
7430
8667
14696
8732
8276
11533
13791
13348
4019
1579
11540
14878
7373
12642
13230
3703
15945
2554
14795
12205
544
12157
13847
16730
16528
8251
4710
6955
4164
12295
16743
10783
15917
14266
12958
16515
1284
14377
14475
1450
13485
14482
5171
2429
5255
16862
15270
11225
16471
8847
6349
10210
3597
757
9929
13149
5221
1448
5375
12052
9062
6550
5609
7228
10151
4761
8631
8821
559
14080
13924
14160
11699
15382
4686
5240
14426
9812
6727
2109
10569
12622
366
5087
2135
11666
3273
8423
14248
9016
13600
418
3833
10501
4513
3877
13053
11059
1088
12388
360
10662
4656
3608
10544
11503
5427
7032
8345
21
6774
2102
14595
9342
9575
93
16172
1246
1798
12100
6289
12429
2735
10234
5296
6456
15123
1818
15397
8083
13710
2770
2700
14458
15727
15678
15859
3912
9362
15395
9964
5908
7780
6205
120
14353
9550
2290
14673
12617
5622
10038
6987
15035
16953
6127
16436
4740
8422
1154
342
13561
8370
4790
8728
6753
7695
1411
3573
6831
14911
12800
1137
8676
378
151
14286
16446
14548
14770
6064
11328
14834
1333
1815
8401
6868
1206
12249
13391
8686
8891
4444
8940
2566
2141
16606
12305
15383
1173
2865
2381
3488
9980
9981
16401
525
4220
16890
2921
8543
2256
16291
14385
16089
1852
9365
688
13060
15561
8809
5655
1745
10674
2130
6166
16070
10547
16119
15059
9017
2532
13243
850
2103
14437
5096
5306
16117
1985
16733
5648
7207
14794
1203
13116
1649
3230
14773
7282
13658
15337
14427
16157
15509
15608
16432
12356
9605
3122
14178
16478
15362
4055
7130
8478
8829
14717
14596
5663
332
101
6577
2245
3894
3870
5932
16049
12579
7764
7808
2655
3419
10866
16226
739
2631
10900
9379
11126
127
13606
16120
10898
4259
2934
14639
5781
9104
3494
680
8349
1687
990
3113
7149
4493
8774
4766
16976
12615
11467
6674
612
13298
6644
1029
10969
16707
16588
10390
12316
16613
13547
12942
4972
581
13541
6871
14343
4289
6587
9558
6146
12246
11062
10975
3806
10035
3705
9431
1254
10347
8808
9119
9594
2760
221
4727
2740
9114
4300
6986
14068
14893
2018
9711
16492
3818
4273
11401
15457
3438
5110
15765
9475
9883
6669
12752
1195
8524
16844
5773
11827
12650
7766
11074
9490
13044
10714
15755
2586
2051
3851
13295
7469
1938
13040
7051
9156
7609
2083
13604
15021
13241
10265
12965
13415
16831
9103
11968
3785
14741
7083
15197
13016
8594
11720
12146
12132
13299
15094
5323
7349
13563
11410
2282
15786
3456
16194
2183
4959
4623
14716
37
11716
11989
4080
657
14306
1978
15670
1472
4722
7789
3395
16280
14701
16774
765
9595
11057
927
9111
15272
11649
16503
5676
10997
10135
14018
11465
2984
13370
14956
11437
6857
16405
15812
9886
15115
14150
8046
7176
11301
9950
6594
7335
1930
3810
7264
14968
3238
9990
11881
15675
12838
6121
9656
11510
4442
5088
4911
10672
13819
14522
6619
2186
5624
317
16621
1298
4046
15151
7495
11704
7304
12818
2616
15667
10220
7751
16056
15963
10509
12325
6748
2843
1511
6803
14273
3987
16775
15456
6293
4754
4989
8661
10470
13451
41
14496
13219
15290
14520
1487
15579
2402
14428
1382
11100
11894
12596
7772
2330
1063
13878
6759
8988
10676
886
4261
3884
7013
1717
11608
8059
2090
13331
2288
5281
16085
12207
14151
15612
5705
12533
7028
4916
9926
4508
10364
3442
10212
16686
12009
1530
3072
13196
1713
16479
9957
13054
6914
16728
7522
17018
14021
12586
15125
4750
206
13728
837
2708
8077
2742
7218
13126
12370
12006
4416
7172
11337
16121
2842
12438
7301
10365
11901
15902
3497
4105
2506
8104
8481
16033
8147
193
13205
15472
3415
4572
6974
15443
4774
12870
5967
14791
9336
12899
4680
13477
5119
8010
7352
258
5395
8172
5615
10025
12610
4062
8153
3129
3286
639
538
6709
10700
6032
12268
9381
7379
3140
13614
2075
13110
9887
13207
5047
3852
417
6505
10826
240
284
16240
16809
5054
10101
10981
16361
9667
8630
15636
16490
3357
14220
14063
7224
14197
4543
11753
6378
2659
12462
4248
15396
1231
3609
13620
14923
1728
12216
518
1177
2572
2851
7317
11635
15703
13125
8213
16313
8648
15465
15946
7364
9858
12106
2911
12063
1663
15731
16217
12780
11091
579
10895
7632
12848
12352
1478
717
16920
12099
5325
5633
11150
16433
3795
7254
3365
14279
14345
4018
9658
16062
15524
2858
13898
13209
16525
11949
5093
6724
16814
1434
11432
8069
13521
8901
3430
1784
11629
10062
16186
129
7252
14090
5899
16930
14852
2871
8755
729
12232
10553
825
5838
8749
5176
14122
8437
12110
6318
3383
9312
11557
11244
2200
4113
3374
2785
9674
13971
16395
1180
5202
6019
6385
9219
13402
7561
1542
497
5549
3100
16931
3701
13550
6430
7450
4056
1614
10525
12000
5562
5840
9630
15565
5625
12238
7840
11389
8058
13272
5322
16963
14000
11246
15543
8533
15647
3899
10396
13526
8368
121
16560
1024
12240
6003
1481
2117
6937
10005
9503
16583
9084
5887
15098
8411
14312
9805
11721
11396
4092
13613
4798
8972
4196
13997
15260
6597
14405
5841
7636
10875
14705
5892
14148
12365
7739
6965
4957
14779
16417
6054
978
11804
7756
6794
2251
16886
13530
1806
11751
5083
13359
5474
1553
6273
7474
10978
14508
2122
10696
13417
14627
14949
6967
10272
1972
12591
10539
13483
8962
14606
11404
2951
11529
4564
1209
6028
3721
15597
1785
9385
2395
3312
14738
11523
654
15308
3634
14180
8565
996
4323
5262
13950
6626
1388
6374
7588
16783
3654
2523
2362
7173
13846
15180
15756
13013
7438
2427
5478
14996
10580
8452
7260
12017
16330
4316
1718
7090
9544
5197
14199
12972
15034
12248
4853
16332
2998
1130
13034
5435
2721
13482
12675
11308
3915
16958
7142
10076
13469
4398
1742
16350
10526
11166
8938
4445
13496
11186
11822
14947
13397
6425
16742
6780
11194
4067
4668
7127
8070
15278
2322
14536
9236
5923
14084
2672
14622
5073
4835
15522
682
11545
55
16292
16465
11336
11807
9268
6743
12024
8710
16770
3587
2082
8000
6731
14859
1495
13130
8892
13342
312
16245
14575
14644
15546
11554
1794
5456
14841
5995
4721
9390
1146
1433
2174
7222
5220
12995
4565
7365
7611
14171
5271
11560
3475
11395
4064
13104
4234
9789
11154
5748
7459
14258
15958
14858
2255
12821
12748
14394
7523
6426
10056
14230
16975
2783
11038
580
893
7814
6510
13100
16562
14896
16836
12188
13117
4399
242
11116
11125
2494
4755
7997
11160
8787
5866
26
6169
15344
8982
4176
2533
16714
1329
3900
14959
12849
16477
10398
9133
15655
12242
6750
16107
11573
16618
10108
13081
15444
6030
1242
7665
2253
14186
9318
11258
16438
7743
13400
13531
16700
9940
13122
5581
279
14814
3209
7728
3204
1108
15448
10894
1070
11610
4364
13567
8255
6770
12087
4546
12492
14587
11031
12887
11071
5685
4734
3316
5036
11151
13678
14447
15492
11251
2470
963
16848
4993
11996
1202
6262
3988
1863
2665
13357
11898
11109
1075
15325
8723
849
12828
931
16266
12685
10861
3759
1109
14630
9331
3632
5777
1104
764
9165
2
3839
16489
10181
4268
6824
4807
6975
15641
3630
1574
8376
9773
10628
14680
15082
7407
16711
5400
12123
14363
5591
13740
9668
10261
8532
5239
9238
6452
16137
12759
2953
9094
16607
15224
16741
5363
16970
14540
2390
2112
1561
3526
10471
9027
9679
4763
3261
16211
1887
11498
2658
9309
8315
7679
2776
11288
15987
681
5401
16608
9226
9645
2342
12854
5690
10017
915
14629
11386
10505
5389
9407
14291
4400
9383
2447
2750
16168
6745
10949
1999
9613
838
14412
10402
2441
3183
13528
8117
7338
10954
11688
6639
13038
390
10224
5551
15523
7163
16348
3095
1666
12805
1060
14993
16643
5114
10193
9982
10254
7464
819
16855
13801
1710
8550
5316
3085
14013
7726
7358
8586
2448
1287
3265
9635
12698
7396
3942
15236
6118
15010
5426
1557
6192
8468
8526
16790
1714
15915
4027
11500
16004
10300
11675
9958
6853
13365
15735
10127
110
6828
13139
7698
10124
7204
3974
11877
6876
6055
12355
9481
13136
1307
3439
13129
8636
8965
9442
12285
7860
14457
5106
6364
13453
9746
4456
10845
3088
5803
1016
7861
5510
14043
10851
10366
14553
2880
2837
7018
5825
8409
8
15792
249
3466
442
9488
7953
16323
3170
5342
7902
6314
11730
6584
10094
3929
3817
452
4844
14975
7473
2944
14241
5518
5208
6196
1698
3147
10934
13986
11695
7343
9222
3158
11553
15763
2753
9889
1196
8279
6336
15002
13807
9852
5501
10822
7567
12730
11887
9742
5670
6410
9132
8970
9589
16284
2033
7161
5042
1956
3048
16698
12595
4733
12734
14634
15113
2962
12608
5554
7748
12033
14085
4712
4301
2818
3584
9517
2328
2781
12661
6691
16376
1763
14656
10143
6001
4462
2310
7270
5594
5230
6946
5300
11622
7509
10815
12201
13412
10699
10045
1392
14730
1187
6261
3514
4828
7856
13635
13836
2624
9267
15625
3096
9554
6084
4609
3022
2904
10228
4087
9750
11487
7996
2308
9894
9697
13255
686
11024
13330
16384
14826
9870
4005
3724
7031
12992
1136
2674
5638
4227
12710
1065
13467
15287
11005
15880
2487
13306
12711
412
15438
16464
16174
16396
11542
13198
6689
9909
6411
14372
10469
9794
10441
4593
6772
209
10229
1946
13092
10292
11309
5987
694
9623
10270
14903
7942
3478
3399
12042
12527
362
10461
16181
8218
10060
15999
5231
10938
16627
9
5802
13659
1529
4738
4038
15484
11884
13254
9277
7162
16961
10412
11939
6100
4284
5487
16657
12884
5850
10556
4619
10459
5636
4903
9095
16604
12441
6910
2709
9937
8369
6097
8588
8341
6930
3892
8297
7144
10572
6543
15840
201
13775
12795
8094
15974
14790
1308
5599
9408
5719
5038
9055
5639
14329
3735
10786
15001
11852
8995
5266
11561
14557
5125
14868
1322
8184
12815
13736
6561
1707
3627
13481
1705
9992
13304
7702
12366
619
567
14175
11502
11037
11696
1483
11329
10960
13035
7156
1791
10968
9599
10971
4879
554
5764
4236
2365
1496
11788
11411
5763
13747
16969
1174
8453
15510
2979
14781
8403
7689
5875
16207
16644
7198
8876
8173
13224
10555
6075
2107
15369
2629
4224
3773
13387
9432
8415
9286
10458
9147
2565
7560
5373
9406
8023
8462
6171
4953
8700
6471
3356
6814
5388
7487
3714
15707
15692
13168
15704
1169
11207
4338
3948
16638
10299
7747
4124
15141
15706
13185
10404
9228
3178
13679
12037
877
15424
15418
9492
4897
14424
6223
9353
12907
15391
11858
10801
10974
5269
12173
7976
5910
10269
10557
9366
15877
6962
7235
17020
1057
8660
14918
9310
9206
14099
3124
10601
9137
12135
8653
13723
11077
10519
913
13624
16642
10287
9191
13758
1290
2535
8106
4865
11799
3596
12998
9451
416
14267
13933
8283
4016
3257
15804
10070
9520
15263
2704
379
6010
2114
3982
4689
8698
11259
1578
9457
4556
11374
14224
8642
3789
10750
4768
13211
2462
8632
965
4919
4714
11575
15548
1004
1748
8947
5482
7968
7685
1056
13994
12937
8254
6915
9039
188
16759
10903
1293
8671
6182
13905
6613
4190
12311
10457
9223
6290
16359
3051
6941
12369
13908
11935
16452
3143
12449
16830
11674
8756
6511
8911
14133
10483
14952
12206
15028
6479
16761
8119
472
6562
11361
9186
7624
15289
7691
10523
12112
1006
3858
9502
3887
3276
7328
17010
13605
4004
12544
6517
13003
10131
4207
6209
7383
12465
10455
155
16854
14527
3757
4378
15791
15058
6229
15020
9006
3582
11516
14067
6186
14034
8305
10037
1732
15734
16271
8143
4512
7817
4531
14070
6027
9764
5793
5652
6482
15867
11332
3774
13068
15219
8492
12813
4450
4075
7177
15449
9292
12904
12395
4247
13445
5196
5385
10158
7979
5808
6951
2788
11952
1843
2903
13597
4495
8428
5992
6735
5297
401
7059
15077
130
9435
8112
3808
15846
4699
10328
12888
15076
4665
1517
16737
13925
13046
16605
7781
15656
16476
6140
12274
9487
7337
1446
777
16408
979
15252
2307
6004
10910
15720
8954
15455
7045
8199
397
1499
7305
10024
6469
5971
12337
6872
13714
4346
3671
11817
6720
5
7501
6712
14499
3193
1518
12443
5169
14352
13433
7007
14610
5897
200
14646
8227
2926
13223
13131
4723
5044
2522
4122
10758
15408
8429
6174
9343
697
5929
5760
9240
9552
1589
2115
10584
3492
10772
12177
7711
14332
15150
3300
13900
2968
3834
12420
11789
10976
11875
12276
14233
712
2163
5446
9096
287
6928
12193
10430
9375
12175
13511
292
16924
13757
15171
133
6488
12001
6847
16205
8138
16294
6929
1023
4725
4175
76
12070
8004
12558
3480
3470
2832
5099
14725
6793
4557
16370
10041
10442
141
2145
15935
13738
7992
16827
6363
15276
11632
4465
13216
16011
15292
8788
7133
9489
476
7369
9733
2392
6754
726
15406
9446
12704
1017
2802
4868
12394
5970
2303
7999
6502
2657
12082
12606
11435
11492
189
7866
16231
7943
14604
6200
6217
14898
5767
4425
3035
2431
13615
8914
1580
3667
4295
12702
12272
6923
6679
6315
3973
2697
6221
14139
4749
370
12064
6544
5131
9128
14568
4859
14980
10237
11197
9258
10779
747
16029
5308
760
3241
4139
7980
814
9606
15738
10052
11787
15790
12977
11039
8085
13252
14023
5191
1409
15697
16834
9425
16160
4804
10963
10937
12944
7303
10965
16888
7969
16353
11966
11984
218
11146
2359
9873
15277
12
8712
5590
14799
16016
14541
12792
11198
2516
1390
16995
3322
862
750
2652
1417
4093
7883
11235
8191
952
6698
1514
12688
8622
4885
9088
49
4612
5075
4836
3738
15794
1692
12446
616
4970
13178
1569
12494
13656
16445
5704
8045
7486
5391
3403
13573
2711
12631
15603
2515
8502
16250
6558
2374
11925
6088
6764
11625
12360
13074
7136
2625
9255
14748
5062
14001
9233
9510
4344
6443
5081
243
9429
6723
16554
11266
15956
6842
10869
4833
13047
4071
3429
11447
10607
9528
5329
2895
4489
857
10901
15327
10374
12068
6417
5263
10918
13007
9713
10482
4443
11509
13123
16293
14292
4409
1067
14082
14848
16647
5346
4017
15526
13972
1568
4962
12729
9248
10834
2619
2424
12279
11379
13435
2945
2646
9373
10657
995
5500
10250
7322
8814
3628
1274
12863
6921
8190
14009
2915
16624
15283
14409
1693
8619
7944
13486
8614
4081
9699
9734
16996
5505
13427
13082
14867
3680
8260
10904
10157
6657
1779
9497
15193
11644
9762
12512
16144
15491
530
70
10232
4673
11454
1245
10545
14460
16574
13622
1839
12399
12928
14281
2536
12885
10338
9122
16392
12577
2150
15782
1451
11319
10854
15183
7541
6412
5914
5397
15350
15450
6020
3421
7972
13760
583
13921
7865
13598
11061
7896
9412
13623
13355
162
3148
9486
16748
16267
7361
10183
13944
14375
13105
15479
8641
324
15300
13666
3244
2579
9833
15947
10095
9079
1744
3021
4685
16781
10881
8694
10134
10543
4587
11085
14569
13089
266
14106
9002
591
16982
10504
16738
13729
3390
14921
10734
2153
2208
4166
6992
4136
12900
7668
6116
11922
644
5451
4967
8384
16439
9562
12973
8846
14061
2881
3289
7581
5444
302
11069
7504
11816
875
15724
16791
13292
5338
14518
1797
6978
13077
88
7858
16876
12626
5804
9564
6796
843
2023
14035
7004
12514
2368
12091
7767
11697
11504
2632
3604
8015
2958
2500
13029
15505
11719
16406
8446
8198
14805
9855
2907
13111
2196
16209
12924
399
6713
172
11778
1759
5428
16677
7736
771
11143
16475
11048
9078
7421
1018
12910
732
239
1715
4742
9036
6141
6566
14907
11885
2488
11928
4862
16312
8789
5879
12487
15258
6966
14234
8803
14512
6053
1138
9792
11088
1372
10318
8352
13458
11707
14232
11218
15207
1723
9664
14933
11027
1099
8270
15046
3162
13941
4681
16637
10506
6431
12323
4446
4249
12283
7531
14116
13601
14618
2292
8061
3765
12816
15530
12835
3246
12956
3448
3635
792
15364
12501
4486
11909
3001
8282
6532
11450
7882
15653
10463
3309
6538
1619
10550
8390
2401
13087
7348
48
7805
15249
14972
6224
5778
6541
12358
14729
8222
8598
16786
13502
11108
5151
16808
11264
5005
12490
1622
6076
13709
4910
16887
16493
15430
11486
5731
10433
391
5441
2243
16636
434
9650
882
16762
3867
318
4418
937
15279
12436
6442
3550
5424
6548
9142
14958
6839
64
683
4732
7401
3069
10362
1281
4241
10522
9518
9945
10654
13368
668
7583
8644
15244
2885
7857
3317
16244
11539
10990
4410
13249
16685
6148
4363
6101
6105
7209
3732
8354
16362
16512
10551
11277
14844
16301
4464
13824
2496
124
15937
7158
10876
14364
2752
9063
7275
8845
5090
1612
3862
5916
6583
2569
2352
2937
2127
2373
1746
4368
597
14567
5268
10843
5668
4779
8438
12513
14100
8407
10350
11098
1054
15970
1143
3620
16656
8065
6212
2209
4540
10768
12511
4191
13983
536
5496
16819
15127
16845
1273
4696
16218
8298
14057
1305
9008
9392
163
9201
6491
11252
4388
4633
5422
2425
3267
12081
375
3736
1367
7770
10754
15348
8394
15632
13644
2767
12839
6858
15929
13317
10660
4893
13553
2477
16485
12949
16146
16509
6869
7471
8519
15192
13739
8338
5513
4079
10447
13542
1600
11929
16365
5358
3153
3320
11800
9414
16813
8903
16462
8696
14776
12142
3991
4927
6147
13559
7571
10036
10186
1761
12777
13654
5477
13609
9865
2959
10432
1685
1683
5372
12423
1094
11947
8682
8107
13899
6757
9199
6493
1814
13303
11215
15179
5470
14745
7991
12864
5699
190
12932
14127
8758
16010
11222
3275
1380
11416
16964
6778
11067
5952
8752
2166
10625
8128
14624
14323
13694
15555
14430
4687
12536
1253
3610
2235
7171
10535
11655
1191
9185
3880
14324
369
3214
10215
3698
12327
749
14838
6863
2626
1168
156
1243
10952
11322
2606
12326
15140
15068
2412
4356
8996
2905
4125
9543
4551
10032
14046
13594
15764
3033
5234
9868
4431
11810
7461
16872
7055
12219
8067
11987
2521
8959
8158
9814
4592
14051
8843
12736
15527
5619
2225
432
7778
11064
10067
16828
8498
1022
12031
13792
16946
6058
671
16092
2661
10753
12290
6128
9582
2170
1262
4317
11245
6480
3989
13917
15990
13965
13984
16449
12194
16150
10187
6050
3036
12609
973
13631
7593
7408
4662
220
14222
16974
13907
298
2297
7666
7876
2623
7381
3298
13478
444
6254
4053
10084
8591
3838
7368
8202
4971
15310
8201
2972
8109
7034
14641
4315
6686
2514
484
13844
10697
10942
14988
8473
1993
11626
14188
16229
5693
16929
5132
4922
10252
10248
9739
16260
11661
6151
16124
5274
6530
15562
7406
16265
3779
669
16625
3458
15843
8706
1330
16261
5074
15498
223
5807
13759
16215
5713
2855
8623
8870
15547
1439
13592
5990
4744
7967
8785
16649
459
1655
15514
10278
11847
872
1775
8804
7410
16965
6383
9260
13010
6660
1731
13164
6153
5312
13240
5307
11882
8378
9570
7547
12020
9083
11953
8730
9203
15916
14821
168
6939
10893
9622
6420
13337
3644
5621
5164
5651
16856
15657
5139
13449
7432
2872
2949
13465
14981
7258
8975
5565
6792
420
12962
3707
11920
8302
7424
13647
7302
102
7481
1358
12687
12147
175
2139
7824
3296
4312
1963
2836
10219
3112
5809
5661
5522
4558
944
11571
1150
15314
14778
13067
1949
540
7890
13509
5708
4151
6687
1506
2501
4471
14217
3530
7220
11768
3414
2777
12925
13395
4892
6172
9372
8149
10639
855
11284
4427
6124
11637
14167
8159
4917
3949
9028
5366
11684
12442
11001
8451
15592
4603
1462
1003
5039
12339
2063
11842
6614
14558
2045
16999
4211
10702
13522
6528
3992
9876
2030
15979
12786
3945
7178
8043
9539
13393
14513
8560
15525
9100
9411
2600
1294
2718
2923
5228
9525
9574
7053
1464
2561
118
10141
16470
5086
6056
16822
7315
1116
4677
12724
11780
12237
6218
13943
12389
1869
9101
5741
3185
1220
12119
15852
13377
7325
16688
12825
2479
6760
14784
3254
10080
4739
3468
9221
16450
6176
6595
14464
13143
8925
3936
4162
12497
2266
10335
1546
14195
10102
6963
2513
10317
1201
13431
16746
7591
13071
16993
14159
5045
8968
3516
11758
3126
10809
703
13201
860
1175
16681
11293
10694
1816
16837
15478
949
4089
16739
851
11872
6447
11291
4228
4355
4246
8207
3076
466
4652
6701
998
3876
341
14287
16109
10858
10200
5043
2614
13334
3533
9311
12086
14140
15645
14152
2451
4867
6300
3592
8638
14537
6052
5836
13193
6537
7729
16175
16928
13
499
2059
15609
9863
7020
3431
3871
10244
6596
4232
15365
13199
2805
916
16558
11916
15081
5796
2682
13079
6316
9765
14376
14022
6956
3371
16411
14584
16237
9169
2406
2733
11242
14623
11999
1403
11403
13409
16103
9751
7965
10730
3811
13470
16397
4155
13783
13876
3134
535
5859
14236
7697
5053
5339
13266
12556
5264
13619
12560
15805
734
1736
16676
10933
4060
6312
8113
4527
1855
6294
5969
5544
11009
1764
3290
3927
11428
8363
9299
9614
9363
5413
14929
15699
6366
10201
1588
13394
1737
9123
3135
3006
5877
1848
4408
12858
10172
2645
6906
5517
9031
15539
7205
3689
11668
11325
11832
3727
3891
11671
12233
1654
9182
3467
6739
15462
1656
13690
6252
496
3561
9610
11315
6095
15663
14395
10704
6899
12603
16199
9577
3106
2111
4328
1091
10926
181
12364
12012
1279
15906
13637
16816
8797
10808
5542
4693
1776
15471
9695
6742
11642
1021
1911
13014
8569
7513
16026
4083
6903
3381
3970
14861
15922
2811
8194
10214
5817
4729
9193
3758
1690
8459
6070
16273
1880
12021
12796
2110
12347
12297
6526
1335
2768
4029
2077
15209
4850
968
10488
13815
5524
1540
13949
10641
6272
5512
12269
14017
12852
6474
2041
4610
1261
10632
14762
12185
92
16898
6407
16546
1667
15959
2461
15023
11093
2688
801
4380
2844
14533
6776
10233
876
16951
8307
6198
11247
11511
14066
880
5734
12714
3956
615
3637
15771
12231
15286
13005
14934
4078
9513
14115
4405
1923
15648
4145
13865
10777
781
10515
2599
6023
12182
5656
6625
702
14002
1735
4423
13857
2178
8536
12541
1228
13176
5423
5870
10923
12032
3308
13890
14200
5350
8179
10238
439
14174
2662
15102
9970
3285
4045
11380
600
1395
7920
14772
13582
16251
5660
4082
10125
3513
6404
9321
2539
15072
629
3032
3569
11382
6125
3626
5416
8285
8091
216
1526
14539
11732
1615
5687
12593
4147
6799
6489
13472
15468
4352
12584
3710
12067
13084
3449
13520
1369
1624
693
11168
10648
12705
11083
177
15334
15299
14953
15944
1868
1900
5695
626
9823
5991
2838
1778
1032
13253
12250
15043
13794
9533
13713
12644
10096
595
15989
9736
2639
16960
4801
15481
5918
1453
7475
12879
13782
3841
3926
8627
14326
11190
1940
7730
8595
7351
3401
14327
11690
10337
8021
8292
4135
7151
10112
4831
10173
10132
1421
14704
15646
16773
311
2875
11122
13873
7793
12408
16282
10618
16234
2701
12782
9099
5111
15651
10986
2670
7046
11481
10
10839
11956
1051
11334
405
4532
13718
4577
10725
11609
5287
14797
5761
13392
13421
9447
6395
9787
4499
7903
5149
2002
10743
467
10932
5172
8736
12461
1255
3389
14856
7103
15282
8708
7648
3631
3753
3081
13754
6405
2475
12195
13416
1755
1098
8906
11352
10977
15552
11010
7869
4452
132
3087
16238
812
3474
12772
9420
741
5224
13347
9984
5640
11214
6043
5450
1597
9354
15732
15265
13919
16220
9082
756
676
6608
15795
888
14321
7809
6540
2517
10588
14810
186
15318
12095
8448
12902
4990
4000
12455
8145
388
11178
12694
3116
5034
9597
14050
16179
8817
12298
9665
5683
15426
5869
9692
8980
10479
1476
14944
8800
406
13340
6238
1980
7892
13778
8719
10319
3546
8805
8496
15167
10879
11090
5284
13403
4466
14105
11974
13590
11846
13341
2774
7345
5558
3682
13114
1564
7868
10520
8989
9162
13480
1102
14056
5675
8579
15160
3259
3402
8521
11860
15280
4583
923
11184
3532
4411
13555
8256
14792
14636
1756
12172
15248
16391
4307
10216
622
11851
8047
1013
3903
14235
2481
6473
8372
2924
2349
13955
4199
5294
879
899
17016
14830
7936
16522
9259
2833
14963
8457
10891
460
13805
5515
11227
6470
9849
4253
14768
1391
15967
8882
632
9252
5546
505
15905
12933
13992
3696
8261
810
8022
13774
13389
323
15384
10477
15338
12515
3704
12288
13990
14213
8953
10857
11347
11305
13731
10257
16333
2765
5857
696
1551
16221
10970
13244
14769
1882
7111
14782
4048
8553
5509
16896
5618
11443
15595
15518
7339
14129
15870
12871
9247
8242
8528
4548
4025
7285
7146
14932
3321
2706
8434
7344
9798
4414
8624
9296
2596
1640
8229
2286
16675
11689
805
545
1374
8510
5166
5647
561
15464
1332
3613
5252
11724
15254
5780
4765
9978
12171
9042
6277
10737
773
3226
1001
9556
12348
46
10154
8720
7871
4864
9462
473
12923
16547
16349
9188
7898
403
16666
6231
14381
10719
7785
5012
14707
13280
12668
5347
8974
828
15080
9250
1824
4226
16381
5904
3853
4034
13660
11813
16023
8637
12651
13371
11559
5146
3073
8725
158
846
8583
8761
11615
10640
15766
2318
103
614
16483
13838
7061
3972
13192
2793
11534
8522
481
78
8570
7203
1125
4519
16074
1543
16393
15861
3792
2316
2897
10316
6167
7297
898
1152
9726
16566
763
7962
1862
12905
11453
16030
4084
3539
490
13884
12019
14631
14583
7266
12059
12588
10848
16650
9139
4639
16660
16782
8762
1678
16398
4116
16500
3079
14104
2883
8531
10437
9534
15087
3150
7885
13676
10606
7834
9325
6878
2583
7011
8748
7326
7578
16768
1480
4068
15808
9314
9171
863
16236
7873
5178
10972
3233
1039
3890
7038
5177
8108
7497
13508
14614
4635
4848
724
5600
10309
8998
9685
11394
7105
12706
13358
12856
11482
3485
6882
4659
11878
4511
16126
9603
5409
8689
3699
5457
241
5058
15652
11915
11517
8669
528
14320
15241
8220
16973
8317
2930
5479
659
14516
4663
12422
14919
15459
12829
9197
7479
14442
4419
11012
7660
10179
7527
7881
14330
4561
5755
9760
6484
7423
15660
1970
1674
10867
14008
7848
9530
11164
14077
13578
11616
6406
4206
6781
9264
2269
5948
1192
16106
4675
10701
16567
2603
13188
9918
5672
9305
13752
2296
12578
5701
11527
15297
4596
8509
14751
11983
7719
11323
1536
15181
16169
10849
4430
15980
14136
9064
159
1455
12363
14734
1810
11341
11971
25
15571
6565
17009
8366
10007
7517
11640
211
12689
11253
4501
7227
2676
5055
1217
2433
16967
12200
7610
3019
11873
12768
1618
204
1560
5733
6875
7954
15881
7733
4437
10249
11177
13787
550
16303
8507
13596
9454
12479
5024
15048
13175
14421
16418
10485
7214
7312
13707
8859
3504
11278
6358
936
7500
1420
372
8011
12165
1251
16853
10380
10152
12463
16066
4709
11518
6399
14497
11593
357
7245
8934
12633
14094
15423
16352
4421
11923
2573
301
4640
3614
2673
8001
11501
8445
769
5799
10344
1378
11796
11883
4654
9997
618
11127
5056
10633
12522
15078
10004
10620
3172
3304
11767
13777
15501
1429
11969
1643
1853
14756
9616
13689
8262
12968
10962
15506
7371
1953
6251
9479
718
7661
12890
3103
8871
5434
6085
5442
8425
6880
12597
15780
2234
7806
15392
13821
7206
7397
6571
9516
4415
7485
15614
15930
15676
10048
10727
8709
5828
6840
11944
8917
5537
5483
12493
16213
1445
2478
9680
10074
13698
907
9174
985
3367
15309
10716
2759
1071
3932
8038
15962
3831
15593
7546
7197
1444
10747
12284
6690
14556
4624
14360
7804
10821
9571
13695
14081
14815
6093
7630
10298
10502
13926
3175
15306
14300
10487
9662
15909
7827
4372
196
3020
10369
6302
6835
12258
9339
15772
6384
9748
8177
16585
788
5714
3105
16371
6783
6191
12571
2426
3723
16868
8969
5142
1899
6684
9334
1399
11680
8872
5130
5218
14114
7721
13242
5986
12677
6539
330
2730
3873
854
6985
1516
16735
8818
11843
10541
2961
15515
2856
4035
16537
15138
13879
13364
14551
929
12803
4973
4648
7078
6789
12473
3329
15394
2812
2136
12078
1951
7277
3576
15954
11132
9743
13327
15673
16386
9466
5364
1541
8336
15186
4638
6663
12417
5658
12940
7262
12987
3545
10833
15996
423
1781
13098
5112
9663
5163
2957
12083
2387
2463
6531
7047
3307
11722
13952
4518
13063
7577
8763
12955
15601
10106
13574
16304
10191
45
1218
6119
10503
11280
2129
12478
4800
8831
11991
16628
12624
15240
7271
786
4153
2007
4011
14694
2822
5674
11867
10609
7639
10000
1979
12066
5189
16328
14912
12227
11006
7429
7970
11672
7021
39
11353
2731
11599
14957
664
10868
10492
1468
15486
12981
7974
11219
12292
5214
12103
16859
7284
3388
12783
5775
8495
13742
2491
2543
2204
12913
7746
16484
11426
6477
16021
40
1571
15218
2313
7340
8837
10435
7776
2152
13510
4318
5309
9261
15039
2698
3203
9643
4192
4703
10030
10532
2149
13977
4549
13278
16779
5534
5588
12241
3754
7710
2221
14378
516
12908
11421
971
1613
12862
11745
983
1190
11859
14436
13929
12978
11390
2511
3688
3564
8930
443
2690
11485
10297
11427
5832
12097
10395
6226
4233
348
1035
13369
4383
419
16425
10792
1211
12720
12220
10189
3464
426
14227
16198
5614
7319
14280
4165
13288
8471
2247
4559
8097
16908
14666
11712
137
7488
5830
1644
4931
16652
7812
10665
7191
9380
988
7119
15133
3893
2797
11224
986
8127
3869
12317
7360
10276
13238
8590
6811
8325
4021
289
7138
11737
1603
4909
9386
13793
7629
8444
16917
2131
9772
7299
13668
2575
15269
4158
2268
16651
5013
2202
15702
685
590
1414
12506
12093
11318
12728
15602
9249
2687
11172
13118
3446
1803
14545
7440
12740
2469
12102
5278
890
13808
14277
8075
7519
5630
11681
7934
12503
5654
336
12025
3376
2615
134
7981
12652
7231
14887
7477
10988
13494
4724
1400
15054
12217
1267
2839
7458
9508
12390
8907
5519
10416
8463
7844
2285
3277
5488
8098
4987
16581
15784
7910
8937
8542
3777
80
5953
14950
3152
16610
3968
12570
7499
1074
10363
9320
2011
5977
5766
9960
16424
2806
15461
15368
15896
12183
9271
9041
16145
4061
1895
2418
5469
4305
6643
13751
8860
4297
4924
16468
11344
12122
15221
10946
461
13318
10223
13231
1213
10661
12199
294
10711
1888
8397
3347
3120
16772
15581
4184
9144
15907
9825
6821
1343
15202
16061
12929
1854
11597
16364
7985
8534
3601
2237
5794
16309
15357
5393
9573
4209
1362
13257
4449
16097
12137
7842
13858
5251
9987
5282
5403
14554
7165
7109
14969
2453
436
4715
15250
2993
6025
10530
16634
16550
11840
9234
9919
2369
4069
2010
1447
8396
13072
10111
12010
407
4417
3137
8032
14785
11902
11239
15188
15311
2370
15872
2389
8853
7684
13260
1549
15836
11120
15774
12125
8099
10723
5069
12372
8212
13294
15798
5410
12321
11565
2019
6685
14727
15705
9688
12065
6234
14590
15336
13868
7300
4238
6386
12526
11512
16573
12895
5996
12072
7363
570
3560
10914
5242
6255
12735
11897
16409
1870
4438
3519
10354
2948
8426
2537
14723
6180
6932
12202
8186
11926
8105
2355
2347
9834
5770
9070
9542
3999
3990
8909
10759
12036
7087
7646
15182
13677
16389
7608
16258
16404
12328
1163
438
15558
16601
7526
5326
16127
9207
12732
8340
10892
4403
10755
9731
2264
12192
5653
2280
13268
11647
3534
12931
8693
16749
1981
12568
8518
5944
16988
15897
4507
3740
9007
9529
16158
10153
13610
2065
15376
10176
4288
4397
5707
4461
13025
15333
8567
1576
4488
10058
475
5939
925
1396
803
12345
8350
5289
2189
7196
2071
3313
9512
16414
16167
14544
5205
10540
15245
8335
13862
13452
6057
4167
2283
14955
3318
14876
7701
7637
4669
1295
10241
14231
14191
5555
9727
14892
10334
3719
15553
10009
16053
16785
16037
4216
8890
1632
13717
11377
16866
7472
11054
12467
2326
3349
4682
8692
15261
4245
15583
9230
943
9551
7063
12619
8778
6026
11199
15586
13091
1789
11702
7068
14149
12778
5448
15888
11634
4553
15521
3303
4773
3540
16228
15948
11995
9526
8410
13018
15298
2320
4498
10023
1738
16867
9827
1
6664
6465
4965
113
2159
7200
7799
12743
6060
11364
2889
7855
6276
733
2780
16793
3472
6418
14549
13022
1292
6342
13634
4042
2260
14380
10349
3066
9035
2284
10778
14162
10518
10075
2031
6352
1721
1974
7947
3641
6771
772
1989
15700
6736
16564
14086
2609
5091
11002
9708
4563
2696
14578
6744
4914
9465
7552
2592
12638
2195
2091
840
14987
12211
930
10907
5260
14488
15387
9024
3278
4119
16105
1092
6016
6998
4277
10882
4172
12762
16514
16792
9293
13894
12750
14825
7419
15149
7543
9000
2062
8864
16709
12143
10692
11659
11357
13886
8181
11709
551
8026
4840
14808
4188
9460
15235
6775
5380
11733
2527
12802
13194
11188
15997
9566
8122
16994
5552
16981
1151
6286
16805
9269
8018
13142
16551
13475
269
3617
15943
15007
3669
14804
5627
9509
14289
7002
7372
13810
14020
8866
7298
10480
13261
3860
2798
1077
5736
13279
14879
5589
4298
3879
10513
11147
4468
7248
14356
12176
15217
10559
15998
4645
13562
3014
4782
15246
4781
11946
10593
10568
11349
16232
12235
4704
9803
35
9217
8971
16132
10217
12683
7699
5108
5222
4955
3756
6485
7139
345
12659
10598
6668
3339
4340
4517
3904
3055
4221
10973
804
12385
11531
13942
12744
12767
14625
16798
5768
7308
15607
8561
1323
3243
5961
15665
16927
11358
10392
9591
244
15065
13946
15027
15799
3629
793
11489
2167
285
9681
16090
5812
6382
4726
15768
13258
12920
14651
1609
12964
13290
10018
7390
1268
9923
7615
5195
6041
8439
9143
8610
4036
16541
8175
111
0
13448
7117
15604
2456
14698
16496
9955
3922
6706
3901
7452
1345
2947
2021
10077
7745
10837
16467
10929
8380
7229
16073
8813
16721
2845
16757
5185
13591
8581
14093
105
6648
4534
603
12281
6545
9768
10746
15890
3706
6211
4958
15317
10016
14562
15685
1079
10691
8115
3168
13085
14600
10375
6740
1740
7411
13671
5452
4845
1958
6338
8894
16138
9401
9388
10739
6761
5945
4215
6911
15981
8538
4063
2868
15537
15585
8056
13162
9398
3027
13497
12198
8002
11408
6175
15507
308
15079
12562
7175
8607
152
14202
11793
9090
8858
12845
4594
1662
2893
3240
16428
11948
1233
5499
6844
8377
8850
13344
3264
15
6282
5030
9779
7187
7314
5642
9072
13507
7380
708
9840
9427
11282
12775
12703
4074
3040
861
14690
16455
14257
10467
9400
16891
1440
13672
3826
13095
4705
10645
16592
10190
11096
10870
16794
6964
16755
4856
3917
1115
16921
6988
1866
4952
15022
5057
9358
7306
6717
3432
7180
13913
3842
6241
8049
940
11050
12709
2125
5958
10695
4242
11777
2435
5447
1443
15787
6345
13248
2518
5905
2483
5148
11955
11189
3359
13173
15640
7598
4692
16001
6977
11032
8431
10784
16803
11992
11912
13840
1118
6156
3939
15172
9974
4691
14212
12875
4237
16192
10361
6017
24
6958
10924
7847
1897
16366
14500
4642
3445
3702
7987
15848
9673
3846
14802
4906
4997
4978
14905
135
5155
11997
11345
12245
13443
16767
1802
4759
9951
5523
541
14597
9068
16278
11594
2334
15622
11181
8713
4837
2323
3716
16616
6495
8931
11741
3923
16002
2417
2377
6719
10473
4789
9105
7716
8943
14891
8232
4202
3042
11255
14096
2095
6368
16983
8912
2574
5092
2656
3016
13229
5324
2918
12270
4515
1973
1179
15630
5004
10705
11298
14559
8782
14910
11794
3650
8985
10428
14101
1176
6239
14974
10031
8572
16869
7540
2763
13849
959
12105
3207
5161
1658
15208
8014
13314
13548
9051
1398
6380
7681
7696
8323
5021
13156
5068
16506
903
7734
2409
5418
3577
4279
1682
8799
259
3167
7134
3128
2702
3658
11633
8125
15393
5344
2989
9715
2407
15801
8997
14543
569
16800
147
11000
14060
11414
293
16336
5187
2300
3142
4525
9902
13411
15006
8275
14736
7927
13523
10773
12318
1668
355
6142
15411
12548
7088
5644
737
648
7143
13696
16966
3382
12994
1166
12799
12016
15901
13052
5453
15976
13088
14347
4676
2654
3487
13712
1282
3780
5593
8355
6599
2635
539
14192
3528
15993
1078
2668
10119
3151
4852
14547
1909
1149
4762
2254
15903
8663
14169
1371
778
3881
9903
7530
15163
8603
9097
8600
4590
13305
14599
4777
14712
7153
5436
14209
8304
9584
5145
10464
9069
12784
12153
2975
7705
11307
8960
6458
10144
15371
15961
5673
11853
7122
16900
2354
6355
9911
2198
2679
3255
9700
2279
11772
4474
2950
10796
12552
13603
5801
13779
5248
4013
4023
3062
10438
4311
7194
1691
11574
5165
3104
8587
7492
15402
7675
3165
7239
2419
11809
12896
14270
12983
5455
11330
1722
16297
16078
4128
3918
16545
5182
1504
7506
15718
1689
15158
11469
5374
10939
620
1105
11205
13993
13407
3796
16882
3840
2311
12134
6063
2794
1156
9415
12378
10204
15159
8487
15991
2057
68
1441
15639
1405
5356
8857
9177
8103
421
97
522
15161
15114
13076
13339
11234
4533
10262
178
7922
14367
5981
13059
12418
4999
8266
7395
5377
524
13165
13726
2173
8057
446
4786
4120
4266
7880
5994
866
14253
13159
4505
11970
5863
13271
11906
13543
8802
2761
7516
8264
1275
9611
10397
6102
1114
2302
9602
12542
16065
7635
16140
9631
5439
5823
4347
14523
6598
2634
12918
6188
5567
761
1413
8852
5238
7219
7643
4621
16580
3889
1339
12287
9338
13157
5293
16357
2134
9089
9430
13406
16222
4785
9077
8013
13275
9333
10827
4014
12551
16912
10571
16038
13256
11507
3512
9511
487
5919
8629
3310
15681
12354
15503
14854
12948
975
7709
12228
14708
5050
8476
9536
3708
12986
7042
1879
12974
715
5730
14076
4873
6833
7601
16046
16
9324
8958
6841
6860
3110
5212
3977
333
7307
11764
8703
14166
533
16358
1807
2965
1822
2422
5947
10745
10332
16713
4822
5216
13459
5878
15271
4526
5378
6486
6246
1226
2825
13503
5010
13055
16904
1688
4463
6398
14796
914
15619
6521
1488
15834
8231
3697
14110
8248
11060
1366
1646
8257
1159
10462
9110
5692
3089
15844
5886
2098
7589
11747
4037
13773
8577
6339
16576
14397
10122
10979
12421
11391
9801
9148
11636
16655
11808
7520
11273
4571
2917
5027
14016
14561
10668
16272
4535
9729
3299
5506
4112
16955
17015
8150
6062
16933
3123
11677
4100
12545
10090
160
3194
15045
11094
2734
6466
3527
3378
12894
14406
9159
10315
958
4269
6867
11967
6554
12939
10678
15725
8670
15960
13918
14387
15040
11734
16435
13546
11631
13235
3728
15164
635
7659
9604
16310
12843
932
12903
12699
11107
7755
6242
4432
3555
10529
766
7188
15822
6560
9004
16632
10818
11313
7645
631
4308
7237
15939
1991
7467
85
3902
7722
7841
15339
13625
5950
9754
5407
15494
17000
10291
6415
10531
2146
1466
9836
11988
1670
6071
7269
11558
12751
7904
9025
4824
11551
14194
3734
9441
12656
14407
12611
14620
831
15205
16936
2337
5313
13936
12909
9979
11526
5936
924
896
6604
5521
6918
500
12857
908
5159
3812
6984
13798
15529
480
7941
9409
9106
4702
5921
9783
14456
8839
7573
8416
830
15819
3377
13661
14246
13208
11786
11886
832
7653
13969
15266
8339
15030
7938
11089
4396
6451
5989
8883
4339
13019
10999
15594
11021
5328
15796
16480
10162
5586
800
6641
8189
11754
4217
16227
1547
7084
14874
8391
15169
15739
8611
571
2757
3520
7448
3333
11360
15643
13028
125
14030
15460
5873
12049
1872
6973
9815
11439
15554
1792
9471
13628
12226
11835
6658
10890
52
8731
11368
6429
12351
12331
8358
6755
3353
16444
9841
12160
11014
15549
6006
10689
2772
13004
10533
2035
3501
10510
14528
9285
9710
16383
1280
13446
3417
4735
1521
3202
4530
14946
3160
684
5270
5188
2649
16802
6136
10175
16586
14652
2086
16095
9707
10788
3031
7290
1770
8628
14786
15206
15770
16020
15599
8224
11693
14087
7816
1500
1061
187
6563
16630
13827
14572
5460
8055
14662
10107
198
13210
5340
13385
16032
6274
15154
4821
2610
3762
9686
2829
14983
1363
947
13064
3444
14441
1141
16672
16212
9476
14417
4791
9034
8658
14040
14552
4210
7874
3108
9519
11850
8290
13440
14616
10595
4254
12718
11407
2454
11423
16847
6235
13147
5405
11761
5917
16763
16196
15672
10197
15345
15516
11586
9706
1556
14621
623
8828
14095
12575
16718
3196
2277
14088
99
4173
16430
16253
4086
14011
15873
1072
1684
7539
13641
13000
14229
305
10608
2006
16918
4170
12096
12432
213
8188
11238
802
2024
7741
1984
10955
2841
14764
10091
6413
51
8066
7886
1552
4814
10862
15442
2694
15255
15106
12898
4944
16559
7010
14182
16177
14461
9013
6459
1128
7948
14331
7807
14967
8746
12817
10313
8420
9671
13657
5318
2360
725
1528
1147
14930
11876
9149
10724
12614
15003
5844
4114
3849
6716
3788
16166
10816
1642
7677
5810
12877
1223
5386
11338
14889
10308
13094
5031
14263
8945
7929
14201
1700
6448
15719
13727
15818
5250
8200
13765
15596
16296
2773
9652
7984
5754
8977
16914
5868
14849
11829
7118
6392
5974
1397
12409
11237
2611
9914
10791
14686
3507
9005
8082
11543
10468
16473
14249
13724
594
5913
12755
12573
14850
3511
4948
1182
6898
15582
6870
4961
7431
11869
15754
12844
11030
5084
11854
11895
12400
2807
13447
9495
6201
13442
6581
5759
8116
13612
1837
6216
12149
13655
5359
2273
11405
12664
939
7386
6655
3314
7908
5117
16243
319
3053
6763
2860
5292
4309
303
167
12771
12113
6498
1633
13885
16923
10242
11499
14420
10599
15452
14487
7618
6549
7692
15214
7215
16756
8856
2589
1188
326
5425
6012
3211
10149
13356
10040
6143
10146
6113
464
8480
1522
6298
5319
15440
8025
3013
12129
16864
4440
11372
531
9590
14710
9065
10100
2464
824
13706
3657
1509
14855
650
8571
3059
4348
9766
14290
11619
8203
4886
4832
13643
5412
15378
4118
16609
2882
6576
11459
15868
11474
6330
17006
7854
9723
7889
9113
9483
6829
12971
4949
15132
7240
8170
16870
1313
1184
13540
13856
11961
16658
280
2642
871
10733
12255
16860
3034
3500
5440
16801
9202
891
1796
15251
14780
13566
14225
8741
13554
1015
8064
15885
31
3673
1064
2421
15532
6117
16426
1835
865
3398
7415
16027
560
15407
11524
12549
11532
6144
16569
12267
14297
12837
8981
6421
2005
16998
7911
1229
1573
236
1912
1014
9044
6997
1058
15500
15482
2594
16319
16321
1520
14296
84
7056
10950
11331
16838
16305
5903
13851
3531
4808
933
14793
4536
2530
12167
8095
2995
7603
9080
12229
4522
14177
3824
9878
16111
328
14642
9793
5819
3784
13524
2849
10810
14079
12892
4066
12912
3215
98
10546
847
782
8685
16948
9011
4816
799
15038
11406
16529
8677
16327
1361
1260
3355
2466
15416
9209
5784
9875
13883
16943
16058
9347
16288
10081
8961
13701
3218
15055
13109
8424
14803
11547
16136
9877
4473
13202
806
7259
10812
5002
255
10288
10619
14028
7950
15454
8163
10434
11243
794
9138
3132
10605
14316
3571
16206
12926
4428
3247
3538
6621
11665
154
16611
10421
8824
7041
7845
15013
3008
14828
9033
1823
3544
9821
4974
1875
585
3090
8419
2232
4550
14964
6900
15598
16287
10643
5199
15390
7895
14747
836
6721
3563
14579
5922
8668
13818
12094
2914
5900
3521
7586
4390
9274
13704
36
17014
9954
3366
4470
6035
3737
9747
14966
1327
14015
11102
9237
13321
3799
1142
9753
5207
7131
15052
9712
13163
13191
8973
7550
780
1626
6879
12189
5902
5790
11065
4874
8361
13834
5008
10136
10087
173
6726
3288
3093
5003
10033
16671
4538
12308
15211
4657
16178
2009
8271
12684
15388
2605
3425
8129
2443
7534
8326
235
14399
558
4524
950
11425
5127
13755
15060
8408
16148
1708
6904
1351
6993
5540
2261
13626
4457
15615
5303
6943
9290
12758
6353
16346
6954
3967
489
15415
12166
7737
13476
2397
8527
12820
6714
14637
6897
9145
6646
2878
7436
10637
4772
16861
9813
4404
7775
7867
14935
16571
15008
15304
3725
10340
10961
12447
11650
2749
7569
1695
16154
5256
15107
2888
10548
11140
14351
5779
16821
8209
11053
5872
492
11888
15414
1641
7320
5052
5526
2304
13519
14924
8915
568
14247
12537
4467
12679
2644
10604
4925
14526
7870
10507
8477
6733
1309
11705
10322
14147
1249
844
9642
14130
1133
6688
2267
8949
3011
12312
12424
10996
3311
1653
711
14491
10652
7195
11653
15759
4541
13204
647
10029
4857
1085
14408
12333
6607
5120
1044
4643
3983
13893
993
157
16949
6161
8074
5985
555
4825
13881
11975
5907
13070
16689
14179
16639
6250
15496
8313
15302
13703
864
3054
6389
2823
5682
4887
10636
15933
13833
11569
4896
12212
11826
12430
2338
8721
10160
9917
578
796
928
13145
5911
2621
4810
11113
16380
3752
16895
16052
11356
5906
3156
12028
5419
11993
6995
15075
2935
6177
15451
15477
15189
13015
7391
8154
7786
16422
9399
11339
14476
9933
12013
9756
1928
3925
14860
16979
14181
15831
15405
14564
15925
8454
9963
6749
8331
14440
14504
14908
4106
12275
8076
16692
582
1263
13850
7466
3522
9052
7940
1160
117
3482
8781
203
3906
12477
4650
9905
6924
2891
16701
16897
14877
4581
5011
11548
14888
1111
7838
12846
3976
2707
5305
3778
7810
2188
15273
3463
3272
1577
4969
2899
3600
11556
6099
8469
16593
9220
14036
6638
3643
11173
16997
1910
58
12092
3348
13529
5063
10268
776
2271
13565
3486
7246
1008
2242
5104
14184
11041
14986
16219
6819
8678
10165
12256
1430
7565
5571
12535
8801
1020
5097
16269
16329
6645
1758
9059
13167
10874
8185
5753
5570
6522
1491
6782
5694
2272
8887
1291
7256
4578
16778
8080
9908
4088
7457
13575
10209
9553
1891
9847
1062
2571
14355
1030
3565
13669
8767
4321
5999
15237
4283
8827
6881
7453
9839
14438
13799
1301
3960
5835
10034
5186
1123
12140
16501
14687
11478
4235
11304
1083
4402
7321
9257
8659
15476
306
1904
14113
4337
12230
13514
11839
16498
1858
9213
13119
976
14909
66
6236
1474
16780
4940
2034
14259
12470
9986
10511
3807
10820
7559
8826
2741
7846
7212
15875
4343
9641
14176
5009
4504
3216
2324
384
8798
13474
16183
4362
5834
13940
15101
2991
7923
16374
2080
9275
9001
4920
8873
10022
4299
14824
12639
2887
14941
2775
12984
5203
4575
435
12223
6287
4058
4156
12187
16752
351
7208
14382
15134
15174
1258
5026
11683
14787
12961
2739
11546
15104
12824
6705
10561
10417
15342
10880
16796
13160
16849
13479
5949
10787
6340
12341
12294
2894
8383
16249
8566
11572
6059
7279
7409
5980
11717
3934
13086
5180
4469
16804
6746
2087
5311
3941
12655
1257
8645
13675
938
8464
12745
13719
2160
1046
7773
13099
10057
6546
5881
8908
10500
999
5367
4496
1416
10280
1987
8347
13860
95
7986
13008
13715
2584
16331
2073
7043
11834
7706
3574
13296
15679
9579
4146
11744
14507
11711
15696
7833
13062
4611
2896
3091
14443
13161
6654
10883
433
13372
8225
13981
6145
9763
11979
3337
16197
7110
2215
12359
6008
6210
1840
14598
15577
15851
9628
16939
6656
182
15331
15708
4901
13608
5607
1181
687
10760
12761
13826
4521
2756
4860
2250
4651
15550
10998
2013
10171
3790
16343
8019
16653
7498
3358
13450
13096
12943
170
11118
3559
4597
7346
6253
10576
12953
5771
3433
4475
16059
14914
2800
10003
5327
7945
1492
14333
7642
12742
4646
7145
13809
7189
7470
5746
3188
5689
9357
8921
2293
574
15231
3068
15147
8144
9395
408
16846
16118
6308
13039
2562
9243
527
7375
5368
7294
8402
15281
15775
8514
5738
14831
11907
7413
7754
15422
8375
3517
13345
1934
7738
10927
14358
3340
9806
1473
6979
8795
4661
7247
5277
9845
8280
6472
14445
9231
5492
1628
7568
4881
4286
3295
10956
14384
14664
8371
4392
5960
5217
2988
3387
13756
13009
8235
10566
12303
7638
4998
4851
10274
14846
13732
2980
12302
8041
14931
13976
6972
7510
3886
263
16112
542
1550
2578
5183
13512
16448
6278
1661
1314
12310
8482
12197
4244
15942
969
15128
4737
9730
12210
215
6836
2340
13056
7460
1716
5267
14362
7616
6851
13968
4778
1107
1884
8249
11588
13338
6681
3666
4028
2985
15215
8640
11938
4707
2489
3686
11903
2577
7676
12435
7129
13970
5481
13108
5739
2524
12726
3655
1215
14679
12280
4492
10360
7914
12653
14647
8100
16423
14098
6785
5805
3802
3748
10245
1926
13945
15253
13042
6433
11743
9282
11343
3830
14535
3121
1306
9691
14322
4359
14943
2717
315
5530
2593
12809
14165
15820
11042
12590
14418
14285
456
2942
14970
9376
13829
8155
7447
17001
12681
5982
14809
8096
15779
6497
8036
12011
286
689
3537
11891
10205
12776
14251
5846
5290
3509
14706
8309
7289
5893
2142
4278
4251
1193
13300
7951
3935
10913
16565
6295
8238
13875
11388
3177
15923
15712
874
13721
4455
7715
523
1962
12787
1011
4424
9049
8585
4674
5200
11163
10475
3373
4889
13376
11714
1454
16008
16216
14419
9565
9576
14720
704
9797
2468
6015
356
4671
1208
15152
7100
13206
14709
16865
14692
2636
4975
14862
15623
515
8606
445
4057
482
15878
2549
8952
15469
2576
14400
3283
15862
6269
9649
9549
11951
4483
2259
1935
16247
13569
15170
15504
3436
5175
10474
16413
5650
12084
12225
1825
2490
14922
2810
1827
12045
14134
62
3495
14605
2502
15590
8849
9648
9470
13767
14495
8346
5406
2404
14660
13501
7888
9627
8688
2538
15463
15340
13518
16572
2348
3326
3947
15124
3163
5152
13780
679
10984
6220
9676
7150
10235
3677
1639
13419
7919
8558
112
2723
3045
9183
199
11162
10456
9728
5332
12300
9698
4580
16306
8885
15919
9944
3460
13650
12003
14816
15177
6818
8551
2778
15375
11240
14837
3985
6048
13390
8395
1069
3611
15446
8110
1315
1356
1344
5688
621
4223
17007
12996
5757
12335
15827
16180
636
2699
10388
10333
12523
9032
3447
10491
957
12208
4272
15489
10542
13455
11656
16736
9303
16536
13335
3836
15953
8356
12204
9925
8206
6707
15649
14348
14157
2093
5883
2890
12682
767
7556
5209
10323
6555
3182
9167
5769
10707
9578
16486
12392
6996
5811
14760
11641
2459
10159
4039
873
8086
246
10930
868
7508
8245
12471
3623
10120
15578
11513
2861
4684
5247
14302
2651
13830
11223
4327
5181
4607
1401
9464
227
7210
9609
5894
6516
4713
10850
6573
3097
15256
14926
11757
10466
14342
257
7354
12164
9327
4326
13490
6642
12373
12869
10014
4941
10129
7160
3864
7099
6434
779
498
15972
5001
16769
11739
12460
15695
3293
9881
7787
12244
3508
10222
11263
3953
13225
12224
12483
1066
6682
2148
10638
7000
10865
3049
13133
934
6344
16254
11033
15825
7957
10669
12808
12866
8593
16812
2212
13187
15434
10611
7964
13776
8544
16045
13006
7557
1833
6275
14589
14039
9850
8714
660
9164
7120
2036
16193
4031
9682
4981
6527
2720
5019
13461
3633
7387
798
15563
12872
13842
7278
4070
11806
2541
6861
13545
9848
1630
11785
6715
16806
12057
1377
9874
16841
7628
4187
13904
13665
5465
4434
10273
5709
1068
15723
14806
1917
12670
3157
6377
2992
3408
15666
16894
12495
12282
15816
12713
6372
548
9921
8020
1270
1326
11365
7664
10331
11639
13051
10581
6334
15773
7116
9459
14726
5975
10497
9018
8902
3385
10174
14240
2358
15403
13989
5720
6989
6393
4263
6618
14501
14012
16402
3536
4787
7394
6403
6859
14439
13464
3499
1945
10486
10987
11384
9058
13283
9704
4979
4351
14847
1607
3605
14702
1850
183
13982
15832
8791
4195
14451
3653
9130
11393
11276
3342
14531
8701
3351
