6014
16252
799
8152
13020
14611
4239
12116
10139
8635
10006
11403
3349
2496
15875
16844
3162
861
15239
15359
5347
14533
14729
7359
11270
16389
9048
15336
5142
13646
231
1691
15832
6115
9352
7610
2163
1482
13095
14322
10645
875
1292
2314
15412
14449
13024
13442
12043
5988
7320
4136
11752
13613
9069
6761
13329
8067
13016
16423
4368
10876
3346
8733
1931
8170
9628
5199
9026
7744
9715
4462
6781
5633
11438
7726
3436
6100
4745
7860
15296
11768
11913
15079
16337
16915
10058
9549
3035
4727
13132
6413
14319
11033
7998
1397
8151
9046
12592
1610
9682
13372
14429
10066
15257
1045
2866
1234
3962
4546
14700
16901
8073
12151
7730
14718
15252
3
5084
14656
10777
3803
4675
16879
12993
2208
4124
11487
1729
7233
16968
16840
9754
4192
6415
9912
16380
1169
9646
11362
43
3679
11309
1637
5140
13834
5580
12410
188
3433
10452
12636
10121
8951
5639
5001
16106
16111
15768
5786
14795
9794
12877
15920
5439
4599
4102
17019
556
912
13100
3568
9371
1099
5325
1158
14045
725
1595
6435
3734
9607
3329
1687
4305
9065
2376
14982
15047
6417
7317
11368
5741
13010
8721
12019
2995
13628
7185
6650
2609
5835
1671
8437
980
14528
2181
72
4424
5849
257
16634
454
8582
11069
4646
4884
5358
9892
9185
16409
3673
6848
918
3630
8791
9274
15312
10188
14924
14864
7143
10176
8617
16929
16242
8162
1436
17010
2714
15003
7421
10359
1582
11573
131
4266
5277
3936
15686
13265
11958
3710
2577
15216
2450
6751
14941
4175
13342
8770
5742
15286
4938
12830
3737
6464
16877
4318
2861
10519
2783
9222
13625
7734
11971
8075
4983
7361
4086
3015
15193
7073
4496
5551
11992
2596
14562
5650
2226
5108
10396
8826
2568
15862
14916
2191
4925
8618
2012
3921
15375
5828
8853
15455
5473
14888
2789
15994
10500
16707
7138
11709
15904
15077
12833
3032
4982
7442
2002
4272
7525
14986
3932
5592
8720
5099
16667
4748
8505
1256
909
13410
12206
10951
16314
15652
7714
5481
4356
1880
4577
842
15321
7883
7140
14398
15974
10434
6475
13289
2247
9731
11074
1162
8188
10109
13238
6347
10637
13918
6735
3229
15175
11343
5185
14662
2243
10281
357
12408
12655
380
7975
10861
12490
1804
9755
5219
7995
4799
6238
2103
7045
7937
1427
9477
13696
1934
12207
9856
16760
15885
13358
7981
7672
15720
9126
11635
14438
1029
3102
1052
7130
2630
7870
15426
3059
13757
13967
8473
2764
15106
11579
12790
15878
1203
9727
15500
16276
12803
7760
15344
963
7587
4298
6629
9940
13195
14469
3966
10835
12764
5066
1597
5010
14910
7309
11357
9271
2632
3011
2957
2313
8542
5615
804
8482
4291
1851
9699
6423
14526
4882
16419
2402
15304
4669
215
1891
12078
5640
2374
8881
3415
4693
381
6737
9387
4793
9784
16406
11858
16589
2246
13806
461
4876
16642
1728
13235
2160
2906
11789
3724
3914
10488
8761
2083
4088
9213
11976
12857
11870
12806
13561
152
6784
9958
3938
1468
4868
4907
9041
4031
13956
13899
7171
2423
9107
16149
5478
13420
3423
10812
5479
2120
14337
1294
16550
5430
1987
10397
9144
14335
9116
8985
6514
6294
11430
13389
2030
7544
1141
6928
7655
4327
9567
10723
16762
8132
10143
15253
7668
14032
14944
7606
5869
15470
4326
14091
6228
10810
16444
9823
14687
2219
3307
7203
6119
12681
3722
14498
9819
10470
187
7379
10298
9903
10226
3565
7766
14670
3532
3106
8040
12047
10289
11483
11903
2540
12729
16775
3051
8709
16057
9295
16127
13792
16794
2821
2533
14424
1354
8610
16180
2264
3476
9269
734
8504
9049
2231
10642
724
4080
16265
9181
12589
16502
13119
1695
3709
10088
3572
5400
3943
15228
9642
17001
13191
6023
4206
8725
14326
7220
13930
11929
4786
15408
10871
2097
14364
13019
12837
12809
16940
6000
8147
13227
11557
15550
5386
14467
11683
2107
5435
9342
7601
16204
8429
10356
16166
3827
9111
7869
7740
2212
676
1915
10606
15767
8620
11475
922
2004
25
5502
6139
15242
7445
3077
14522
5469
12359
10383
10941
1681
15306
6651
12245
14111
14676
3457
9053
6605
3846
1907
548
16107
15870
6713
12980
9589
14280
11389
7277
4936
14809
11959
1472
12108
7358
10680
8897
9517
1356
15769
1749
9491
14333
15150
10459
14776
16151
13452
10217
14010
3771
13981
4287
1100
7385
1639
13317
5614
4
5119
15279
10472
4734
6803
1849
4341
9700
15965
6472
11544
13465
12056
296
8239
16436
8643
6742
7267
4587
11315
7137
10099
14823
11142
5789
14860
13285
13877
565
8555
3556
15989
15825
13309
2916
9284
2493
13418
3658
5760
7148
16899
13695
1260
6983
15859
4609
15194
7325
7001
5321
15907
14551
9267
14392
11129
4205
11461
10644
14619
14976
15202
337
7100
13338
7108
11667
6380
2420
5562
16645
4551
16659
12640
1046
1952
10729
12498
11169
15476
4751
352
8700
3334
15156
11113
7696
2254
10238
35
5780
15605
9987
16364
3058
12870
1007
14254
15268
16074
1789
5972
16471
6955
15249
8031
14634
15903
3589
13791
1286
9506
15325
9830
1818
10202
10294
10023
1033
265
14342
12607
10339
4325
12326
8229
8753
13887
16969
11120
7889
3623
12928
13943
8573
9668
14540
6166
9616
14555
5017
9096
2531
9076
11143
6833
16177
9299
15837
220
10
12411
10034
6193
13365
10687
11513
4451
11955
3634
6530
8517
3004
4505
90
7686
10808
15411
8686
11869
4720
16032
2490
4101
5201
6614
604
1145
13669
10265
14228
2362
11476
4165
12761
12629
4403
10167
1177
16842
4328
16740
1861
9313
13712
2593
14805
5443
629
13843
2486
10204
1381
555
12737
3687
11981
8359
13429
5927
11111
6609
11435
14053
3607
15665
7614
8977
11655
98
9916
9657
3450
11736
16487
623
3907
10192
16561
2742
6622
3234
14822
11866
9831
8415
8200
133
3316
2318
1139
12291
10010
6246
4816
7323
5399
7214
8579
16639
12679
3434
13173
12190
8989
5412
10449
7400
1299
5353
7644
12801
13508
14259
7170
10565
4488
802
2795
9186
9779
15725
13121
14529
5211
1658
1617
2529
7122
3324
14050
13752
4932
10934
10450
12654
13302
9293
8163
16182
8682
7595
14697
2400
6522
1207
2429
1116
11238
1976
5098
2377
15672
2155
876
8544
4672
16675
15403
15208
15186
5416
10085
4040
15011
8936
4070
9967
12506
8502
9137
9992
15165
5225
5734
16197
10677
3145
13680
16759
14835
13270
2989
4572
5183
15340
14222
4029
1650
16221
16862
5177
13505
3587
9278
15275
13764
16669
10090
15784
4835
8076
15092
8249
1384
12400
16334
6940
1166
14419
15777
4212
9960
12363
15650
9951
13852
7161
12896
14325
3522
4265
6757
7511
12924
10548
5630
13471
3340
16949
12989
3778
3274
2472
5803
2381
5549
16045
1977
16359
1175
13579
1664
15033
7856
5991
1434
5241
14923
13305
14195
3483
2984
8786
12080
11376
12988
13898
2305
13541
15233
4089
10532
4280
5584
2216
15328
11935
6926
10078
12435
5331
4763
5693
776
16105
3661
15317
8479
8446
7493
7467
14330
15097
13994
3656
15703
16579
9712
12173
15107
7194
4862
9968
8940
7222
16959
5550
8780
12734
11008
12804
10725
6682
6750
13361
12934
9677
11970
14377
5872
3514
12547
11536
15093
7959
5858
12892
10115
11501
8432
7876
895
11908
9218
11947
4619
7455
14457
12673
15438
5101
10573
5874
4850
11087
225
7720
4871
6114
11845
9338
6780
13084
10256
12538
5509
3689
14406
7079
10372
846
5744
4851
975
12688
6876
5691
937
13179
2732
653
32
5313
12407
10708
1621
1677
8421
127
5173
5575
6798
16847
835
2980
12168
16710
8230
8867
4797
12616
3804
15383
4507
2724
601
9808
3214
13013
16543
14946
3564
14652
1114
5791
8596
6615
7330
16908
7476
6602
16935
10019
5767
6721
12164
13136
608
5712
10638
7497
6243
6072
9354
12579
8369
3226
16919
15273
6494
13493
11688
16075
10178
10477
3071
9318
3521
4605
3537
16143
11554
10412
3039
2803
5369
9729
12100
11401
13182
5029
7057
15065
7803
16454
15616
14158
12708
13975
11746
14320
10875
6726
4162
10310
1668
13060
13552
2272
712
14361
15738
13499
12522
10262
7708
15954
10128
12824
6160
11872
9140
4007
16353
16942
2516
13716
156
15232
8969
8888
7574
13210
1039
11176
2288
2094
16404
16345
13813
8737
8783
16467
11719
10044
2904
7985
6665
7425
15144
6087
14610
7098
16440
15219
16220
685
3189
6792
7939
9989
1888
10974
17020
3205
4858
10502
12154
4958
8604
15635
4033
1660
8840
8167
10562
5341
13097
869
5158
16227
450
15087
16848
13711
6501
13022
471
12998
10093
735
11255
10311
7188
13485
2044
8037
13073
12050
4429
14313
14309
5368
16381
1253
3050
6309
16278
13039
10210
5510
7509
6425
16124
1319
6442
6690
13336
14988
6854
6656
490
16856
4219
11522
8842
6205
5998
10626
9666
5162
3832
2624
6421
3339
12682
3650
11716
6136
15326
16421
9147
16631
13480
7005
12963
7513
7794
13468
7090
15827
3933
13263
360
10417
5342
15053
11996
15779
12347
7452
12777
9178
12513
5298
8113
1701
5387
2928
14244
9399
14444
16213
4426
6672
8247
14154
16297
10112
12762
11482
132
13533
7113
4917
2723
6902
4344
6978
5761
14814
31
10999
6657
4277
16843
5645
14286
1316
10745
5229
8246
3500
523
13450
13701
14184
12931
15523
9135
7810
16184
579
6663
14476
13882
15619
12399
5300
1857
7456
8556
8160
398
12467
16938
3739
14168
15842
16048
3210
5589
1443
11813
14560
16351
7806
8153
12294
2023
8399
4712
3770
9000
8410
2881
3070
8136
11781
4711
13368
13869
5565
6700
2510
14414
7952
5287
11239
4178
3072
1359
12077
9946
13148
10312
10718
6200
11002
2613
6018
15148
7494
5333
4235
7929
9793
10549
15620
5329
10113
16956
5338
6116
5563
12573
8441
2260
12255
3269
8731
4056
816
8334
193
15004
1920
14240
5993
11418
1106
6852
7202
11534
8641
3063
1812
16120
5346
14990
11260
149
13747
15678
1404
8623
4183
4996
14636
9308
16453
1239
5725
14642
11939
9617
14931
14213
5493
4966
7407
1251
3993
12826
7687
15214
14067
10516
154
10371
2434
16207
3003
4981
7866
15272
14164
5134
1444
14267
5031
7520
12523
9245
6452
17004
6264
15758
4140
6003
5460
15580
7667
16026
1674
15188
1465
180
11979
6048
6295
2729
16616
8262
1799
12075
3654
5366
16600
11492
1491
14514
3828
3796
13830
4482
13029
12065
6151
4493
11611
16803
3355
8282
1632
4307
14826
6759
14584
4472
7081
6176
2397
791
8056
4701
7976
8530
16758
11883
834
1998
7240
3759
5260
11727
5487
310
13713
7578
6192
11344
15914
16708
2152
12332
15595
13316
17017
590
1122
1698
11899
9920
13916
9629
1466
15707
4410
13181
6098
12413
14232
617
11942
7237
871
8835
8773
3268
13248
10796
12479
16905
15872
6355
13529
7589
14644
2514
13746
11528
16541
9574
3953
14020
1225
14539
12997
12659
2706
3076
8434
4020
5659
3497
4949
1968
11672
8390
7867
354
2574
295
3885
8064
11285
832
3942
9829
5811
4928
8627
6179
11489
4519
4730
906
6131
8343
8292
3779
10367
5375
1993
14834
13323
3535
1733
4508
8440
5236
9061
1971
6064
15969
14742
12619
16815
12746
16704
3749
4185
4993
4596
12618
15943
13384
12163
9543
13153
7366
8536
8970
14671
15847
2604
16536
10682
13846
6825
813
11131
618
9202
3101
10889
3190
16171
16522
1367
9221
2295
10314
9932
7462
8072
2782
2537
3033
664
2986
8935
9585
16350
2797
6596
3699
27
9520
6399
13422
280
15592
7886
15891
1872
16267
14945
3869
1152
5939
13310
8164
3389
1624
10125
6505
2173
1756
8194
7915
15366
1544
13328
1421
4171
1390
351
1694
314
1659
14799
12548
12238
7261
12770
10563
166
4765
12936
16836
16874
10244
198
7807
15958
10868
9375
8302
10972
3140
14204
9536
5931
7060
6588
9304
7552
10027
5447
11730
742
4877
10251
5508
8703
3922
6234
6090
3882
12058
16499
4022
1944
321
15140
15710
2324
3579
7556
13093
15385
14632
10353
9314
9397
13385
3930
15843
6801
8676
8661
2703
7588
5818
3291
11198
10800
6478
8346
6689
10778
12011
11927
1685
5950
6956
89
14989
2046
16363
2633
12582
14462
5654
9348
1831
12771
6961
15802
10464
527
3787
12176
8314
5756
11847
8123
4956
10225
14421
12059
2953
13602
9115
10193
2350
6350
14546
2959
11124
11471
884
2947
2925
12907
5125
16212
13469
16236
4586
8960
13061
9835
143
7430
13966
13664
11214
1661
11005
4764
7877
16624
8718
12747
3350
13515
10250
16738
16583
8707
4725
11140
12105
10242
8059
30
15075
5643
13630
8847
10798
2922
11588
11728
13283
1455
14151
491
1933
1401
848
14905
15627
10279
15624
8876
14904
4762
14983
13318
13107
11071
1075
9157
10215
7818
15982
8107
761
589
11371
6012
745
12218
14857
5711
4733
7927
11777
10439
14845
4365
16294
8626
6743
5305
9923
16390
5370
11088
12591
14206
4476
6649
2708
4373
11790
12615
14870
1528
1902
5949
12835
5794
6561
10541
16385
14260
10287
14226
5861
4789
3672
3752
5217
16457
969
7378
13666
8191
6980
13363
8957
13197
5130
16632
1441
12897
16548
4787
10773
15230
6775
3110
811
8034
9312
13968
15714
482
12208
6197
4300
15443
3488
4613
15241
1620
15546
211
11699
11532
11014
10742
6502
15254
4383
9886
8816
1150
2133
6222
15199
15803
6260
13957
8261
6390
2258
13857
5191
4747
3293
11206
6482
3204
1692
15280
5735
11510
14630
11805
12345
4930
14276
8400
5895
11391
5626
9986
4746
1645
7683
1047
13841
6749
10610
11761
3081
1156
1957
10942
5678
7910
14616
309
6664
9605
14787
16185
12748
4223
16428
1330
12066
8659
4217
11335
1363
3703
5483
13280
14715
16209
14247
15524
9172
468
7527
13996
12258
5827
10890
14208
15853
4151
4506
4201
15138
8802
11013
13005
13926
8605
13216
14808
9833
1077
529
2914
11846
2211
16827
11920
14648
9535
1973
5906
14356
14696
1130
3296
8945
4250
6843
13767
821
8856
11685
4784
14802
15244
13743
10654
13815
4443
14891
10556
7669
7996
6397
3123
10030
10080
15379
3237
16238
6056
1565
16742
9909
2302
4382
15035
4400
1941
5985
292
13053
4123
1979
10700
11095
3303
10227
9168
10418
4173
5155
827
16729
7338
4536
5452
14173
3352
3300
1798
16859
10688
1590
4541
10234
4574
4969
44
8831
7017
7145
5500
15772
2690
3396
5032
11258
11578
10823
2006
12966
15826
13388
8296
6889
11851
3182
10570
12025
15132
1611
7096
14504
15496
1277
1395
1424
7816
7742
6148
10086
14288
1476
15195
9261
7485
4854
12124
12785
2140
2229
12366
13840
9627
1439
10828
16047
14779
7934
11910
600
12489
16528
6537
6403
6108
11658
12098
11620
6496
9845
8742
10713
4995
7354
3683
7415
12010
15382
14001
3626
9323
5274
5234
10980
4929
5910
2202
15799
7347
6172
7434
9598
4914
6636
6141
9146
10816
12994
6301
13900
16042
13858
3730
12029
4757
7227
1103
10749
6538
14162
7851
16119
1711
9528
2445
15869
10807
15598
1155
10490
11291
5078
13021
5959
1068
7339
2480
81
13837
3014
2336
10574
10028
615
5728
13824
12502
7448
7919
2118
5159
10797
10460
6567
3078
12646
11170
10379
10239
1360
9469
1062
11477
15700
16578
3357
10884
607
1753
4001
9174
2082
14347
10660
10475
1243
3847
14997
15303
4644
14146
1273
12051
8259
7888
12115
16925
14740
13127
394
9167
5316
5197
4387
14517
7046
3135
4532
16463
2263
6457
7392
13470
13801
3203
10309
3083
12003
11026
4107
12968
6097
8396
11498
8681
2436
10039
11668
12117
14099
4836
727
15016
2958
13446
15901
5941
3856
11443
16647
9012
388
7799
6278
8158
10663
8337
7420
10991
12438
11388
8361
8978
16515
16786
12560
323
14781
7894
10514
7902
10546
11300
2926
11857
8357
8938
10377
11308
11690
11301
6647
76
11096
5383
8416
4576
8693
3541
14844
7848
5063
5889
3158
8609
4333
12266
10114
13779
116
3002
16450
15022
9966
33
6811
347
1149
7899
6066
2784
15265
16210
5079
9407
14181
14760
6088
12131
4334
6674
12638
8728
10325
14417
6859
10505
1108
6834
2299
964
10199
14227
5574
329
8335
8958
5833
6310
8750
7484
16654
4189
12769
8507
10510
16812
4077
5664
7463
3984
8378
6681
11488
3470
6368
1743
2924
9359
3111
13015
4388
96
16229
8592
6826
6608
10768
13954
16279
418
3320
8633
3421
6694
8910
3197
2484
7030
3801
4210
568
6401
4242
2841
13559
16186
15460
9134
5350
8345
13292
15354
4606
16808
4946
10381
15810
5415
9092
4105
12519
10552
3546
16790
4643
10618
11385
11419
15307
13645
1458
9795
12555
11904
12590
1268
15192
10521
2186
9891
2502
16030
16010
10507
15090
7322
7410
9383
9266
4557
4110
12147
7756
16357
251
7599
9609
8900
4463
12773
320
13217
8874
9725
5258
8244
4481
8127
8023
3188
6104
2872
1448
12468
12334
3147
12669
5327
12718
16068
15482
2344
13825
13434
12112
14194
3475
9515
12910
9873
7281
6182
1026
14167
1081
11452
2271
15984
4588
5758
7368
5768
8658
16619
1153
16941
6913
10203
14376
3675
2865
3315
12722
11138
5848
15987
15716
16333
11989
7659
7436
4116
14589
2418
5265
16397
9548
8572
2170
15981
10433
7802
13866
277
15122
248
10528
4897
4978
15675
10277
5202
7957
9265
10818
15946
16539
16857
2025
511
15625
11328
12166
6669
14786
6644
10280
4304
14683
3437
6298
3073
8503
4311
662
10646
205
15555
6806
7489
5684
15324
3982
3530
4637
10803
8450
781
3639
5900
11602
13985
12321
5394
2682
12495
1740
16810
6369
3351
11381
4985
6221
6879
13574
2166
8781
13041
4665
7613
10724
11585
10348
11632
14518
10662
3999
4739
14951
10050
2653
4960
1769
7537
1378
9277
836
14397
5048
11365
1222
16512
1736
5365
7640
5087
11559
5437
10706
7700
9264
3046
12811
13726
3786
5465
14686
8983
6304
532
7523
4500
3834
5963
10369
6039
4612
11677
2205
2358
3961
938
3863
12954
16407
12137
3601
1535
6225
15572
15025
7405
15160
12153
1626
5309
9210
9618
13346
12141
6079
3655
3838
12052
9664
14117
5152
4843
17022
289
12049
11700
14185
14865
541
8837
11199
9888
4568
11374
3592
4886
14270
485
16090
3445
1445
2159
3458
5832
8324
8238
10635
7412
10923
1829
13970
8606
9868
448
2194
8161
2290
9358
15299
7538
9976
8038
11748
6896
11662
4773
11651
5924
12388
4112
1762
11395
15507
393
234
10732
10785
11509
5560
4247
8
11196
7173
13083
1364
8424
8614
2913
1636
14110
14872
2811
11835
11167
3447
14069
15243
9885
13784
16712
13306
3259
13500
3156
8889
12250
4401
13332
6722
5121
15409
10922
16280
9717
9907
663
1487
15220
7125
2430
1306
15309
16764
10707
1876
1004
9382
8475
5785
11922
12602
12831
1543
10255
3241
2134
9800
16975
2631
3774
10108
9037
8629
15953
5429
6337
4037
8529
5355
11298
11101
16426
2223
13048
13324
8836
808
6579
15698
595
6887
4780
8961
13682
551
8995
2113
7111
1593
6006
16335
7531
6779
11297
13064
14915
10480
5424
16907
2850
12726
14960
13570
7752
12032
4047
8385
14858
15267
1288
11786
16266
1261
6942
8775
12959
11244
9807
11361
12339
9287
5288
1555
356
9089
6835
14925
10402
9667
3230
6929
16014
7033
14963
9251
11444
16921
13165
8512
5808
7577
8955
9315
9895
15245
6030
2590
15320
4753
913
13687
13494
2895
260
10134
3244
9341
2171
14912
2117
15633
16249
13335
9553
15590
8389
14701
13371
16154
50
11057
12745
15736
14722
5282
4457
12453
11017
9591
3940
12617
11811
10657
7355
15485
6424
6628
11039
3114
2289
7408
4692
16955
13178
11867
10602
10952
3791
14246
5688
4435
10170
536
2248
2185
3559
3236
2343
7592
10733
9276
559
6306
14772
11798
1607
4853
250
7224
10909
2938
11721
5673
16187
12855
11470
7809
9196
2441
10413
8219
327
15884
8862
12749
11360
8908
13737
16531
16883
10522
16401
8449
3172
8765
16914
3164
6324
6714
7783
11580
13232
15071
4998
12766
4860
136
3636
9467
16161
4844
13720
7132
2840
9044
6253
2065
14373
8242
15876
7065
6646
582
5981
6203
9180
12732
7654
6082
13094
4464
13656
4361
7871
9806
7904
5973
2342
1012
13117
9632
10813
8491
4329
4597
8144
2197
7423
5384
9834
3958
13895
8589
4131
10697
9325
8451
434
10770
16644
3957
10435
8329
1922
9376
4257
3830
10241
660
4785
14431
9173
5097
1484
9466
7774
12567
16809
6632
15422
5312
8857
2492
13910
10313
5519
9404
9163
13690
2100
11440
7693
13606
10196
3157
8576
9540
20
4130
5297
4714
16613
5302
598
11549
3472
9581
5625
699
14833
164
11729
8959
3754
13258
1787
8922
3608
9991
14612
12403
1633
10543
8057
5622
1526
3765
2520
10531
10726
16985
10937
11128
13103
16282
16020
1566
12140
3279
668
8030
12635
4440
9671
14875
3159
9508
5446
2802
9197
4224
15001
8994
11717
7367
13092
7764
2762
15376
4535
12671
178
14022
3950
9663
1252
3473
2691
12821
10721
855
16097
3343
1945
3876
5663
6086
10266
14868
1131
12596
1456
10318
4838
14352
9171
11703
11451
9635
13086
4767
313
1970
10084
12201
15706
9615
6817
11421
2222
9481
6648
4866
6186
12822
13319
1503
7333
15568
4715
9510
13311
11152
12267
7422
5027
13088
15795
15398
8234
14855
100
15131
12935
7235
10168
3395
3585
3148
2294
6922
16592
3358
4578
7643
7396
6328
10799
4180
5012
8018
14810
9550
1887
15894
658
16331
16858
3525
3903
9599
8066
1780
3387
13106
6436
9921
9305
7083
1903
8227
14753
3792
6592
9243
12656
13722
1479
1027
2576
195
998
1094
10363
14191
10120
543
4628
16869
14253
13691
3198
10382
2195
12337
13247
4256
1703
7691
8557
13081
12024
10286
6777
15028
6756
5537
8713
15549
2304
12976
12235
12070
4873
2167
9687
8613
14092
12985
8020
1748
13933
6836
5732
1323
16782
14908
4023
16568
11015
6517
16036
11726
4246
5968
10230
74
7023
6527
9555
6535
9444
4634
5517
10243
2810
6733
2242
14897
15804
10832
6122
7733
9893
16594
8778
10597
4874
14302
900
7514
13902
16224
4213
117
8667
9901
6755
5417
8845
129
4432
9844
13077
14695
6865
16176
11863
1240
5554
13171
8516
13838
8838
7413
11032
9374
4015
16422
1034
8990
8904
13885
16055
843
6275
14296
6267
12633
10982
13847
9674
12227
1836
13783
1346
10233
12898
16927
2772
9852
15487
2902
16626
16263
2131
5269
13543
4875
741
5227
3708
1259
9575
13125
6593
2125
3666
12293
11342
11531
7118
4940
6054
5060
4974
6860
14078
9415
6719
9102
6273
9390
4418
5307
4155
12404
15258
14877
852
11504
6776
1488
13878
15724
14666
572
5055
14698
11453
4244
9791
2382
9721
9355
10829
10222
11901
2744
41
9060
10619
5524
339
12699
4316
3956
11507
3496
13782
5136
13909
10149
14578
3854
7135
16338
9360
12119
123
15125
4517
5352
5059
2130
15623
13879
12725
3247
14441
10849
16909
5262
12087
9438
949
7559
2500
9321
11417
11373
16657
11792
8222
6562
4822
8480
3448
7346
8792
14525
14993
2661
2712
6787
16875
10741
5167
6598
15437
9423
3100
1309
7307
4943
6180
8086
3860
8736
15713
14867
16595
7176
2386
13658
10025
14207
9956
7518
5680
14643
9861
14453
9931
3095
10789
7179
16605
15061
5045
7590
13812
16835
9373
6333
5798
6977
15355
2638
5128
925
10057
15691
14961
11107
2027
12497
2340
8013
11065
9175
9416
15414
3298
12126
16544
9988
3027
13953
13348
15773
7747
9437
11031
8477
7232
14261
12648
235
3013
977
3594
16441
12903
14579
7372
7035
14681
10107
10523
3842
9588
13854
14755
3937
11724
2910
14440
14282
4673
1699
7157
13401
13693
820
5825
4284
2867
4869
15030
478
8032
2321
11889
2854
2614
6729
5015
2855
14503
14311
6841
13490
5764
15215
3975
12469
13754
790
13554
1183
7080
13733
10533
8241
6845
1188
14585
4931
1408
13069
2104
13202
13512
12709
5036
4243
11220
6099
6996
7000
16438
7300
3252
8468
6945
2375
13163
5434
3968
16384
16964
3663
15756
14150
3596
13928
189
7515
1339
12575
1972
1654
2270
10162
10410
1962
15600
4623
304
3862
4638
13823
1372
7441
12576
15947
13684
12545
16918
15517
13904
261
9766
13433
8051
3099
9010
12705
1290
9104
850
5484
4039
489
4475
299
10801
11842
15796
6195
13787
5252
8022
12330
10454
11945
12572
15043
4495
6438
3758
7649
9286
16447
2601
16911
3454
9424
3419
9653
12086
4791
7394
1794
5933
5911
3621
11046
9145
818
9420
3092
13114
8952
13398
269
197
5166
3227
13718
4971
9965
11506
7602
5653
4132
1497
1739
9603
4306
13674
6891
15015
6010
16321
194
13340
11117
5160
6536
12385
2649
13230
16292
11772
12390
1176
3121
1420
7018
13116
11923
9874
2600
15128
4694
10205
2156
14973
16839
1396
1336
2665
15630
1049
6422
13502
15542
7488
8258
16873
3284
6838
54
10612
14183
15552
5937
16884
5170
2388
8176
14445
16893
9472
11671
13364
10865
5205
12038
14249
14485
3551
9256
979
13734
6049
5385
10304
8265
6089
12862
13159
15841
4755
14937
3590
9747
11393
2320
995
13347
9170
2437
8795
15805
10211
2551
3238
3325
2062
460
4425
14620
3177
6968
14275
15433
8103
8553
1808
16680
10444
13863
9095
10905
1821
1006
6296
8706
12750
15222
6662
4270
8723
14766
7855
12757
12474
3179
2084
7835
9258
12341
1932
7673
11799
16789
6793
8588
9798
8820
14046
3593
12233
13412
4683
11056
5983
907
2164
2536
3845
14909
1417
688
11012
2650
2849
3365
1608
3720
7533
6227
10296
16028
12789
16713
3180
11963
5736
1764
10990
8546
4999
12878
16826
6163
4528
6895
1173
8406
451
16330
6432
5522
7928
678
2880
6486
2315
15203
13922
5261
3149
13609
13040
56
7555
40
10997
2153
3312
8280
13871
2887
2893
14756
8338
2548
403
7749
1147
3479
10175
16391
6109
11151
12202
1631
12810
15913
2522
4006
14374
9985
4170
13949
10551
3645
7991
10826
777
8257
10163
13256
15026
13068
9978
6564
9701
1916
7731
14516
16538
2652
8873
9750
15828
10881
12031
9499
16366
3258
3824
2897
7094
748
6287
11943
12460
7895
11583
6920
6233
7319
15551
13299
9525
5980
9230
757
10387
2409
13947
5122
11282
11629
5837
2086
6053
12658
7331
14856
3755
6251
9738
6934
15435
7843
8256
8288
10895
5123
13124
6815
389
14866
4419
2207
4749
11891
8003
16312
7086
12715
1098
11975
10508
9818
8267
1556
15298
7299
7658
15410
6576
15483
12717
16408
7645
9514
6703
10734
2668
10955
15006
12437
11047
16215
12914
3706
15494
2146
11508
3768
570
5907
11547
7582
7715
12613
5064
13170
2032
5068
1943
7156
8027
10754
12371
13180
9250
1724
12758
1760
12130
3625
3692
11049
973
7547
512
1192
11311
10344
16253
2089
8420
2629
2333
16954
338
10284
1056
569
6345
14199
10389
13435
16923
16818
715
15323
6736
13766
15081
3577
13134
10535
13063
10466
13845
3211
7790
16160
14537
10184
15388
13275
2063
16001
14030
5323
6924
3981
4962
6291
5956
377
13535
15654
6286
2464
16926
16509
7553
1871
1958
8135
16976
3553
15579
14461
5718
10538
7827
11347
2509
11408
9262
6901
7382
769
1991
14436
9673
1788
3519
3910
571
14062
2225
5952
16945
3431
8680
16413
4593
12536
5992
16802
16902
10376
1860
5826
3874
13322
13934
3362
5271
15316
2456
11514
5402
8011
15562
8774
637
12300
7390
4078
1376
217
5113
4372
13333
8719
12642
6036
5846
5034
1091
14334
5651
805
362
336
9683
1308
10395
16917
2977
2518
15538
11950
5067
15923
5459
4391
37
11293
4501
7983
602
13479
14741
1846
6804
528
10494
7077
12894
8251
2177
1289
6330
10130
1246
7953
6254
5594
12076
707
1409
5390
7546
16234
7499
9500
14152
11654
5807
7681
16743
1884
5137
12295
11441
8732
1452
14918
8405
6519
13090
15760
6667
16519
4012
15068
417
6045
5480
2217
1778
9413
203
6857
4191
16745
12219
16472
6880
11621
2088
14778
9388
159
5782
2499
6035
10040
3430
4010
16747
14590
12808
158
6025
11467
6299
15490
9547
16532
8901
6046
2070
5418
12713
5462
12692
14089
3509
59
10756
11619
5969
3126
6338
2099
7913
16997
14086
16144
16714
14380
13827
12311
14426
2834
6670
5112
5065
8648
4164
4954
15819
16388
9770
6198
7209
10572
12430
1953
13675
4355
826
16170
11025
10891
15607
5372
560
4456
14606
13786
15467
6370
16258
13183
12118
5546
14821
16041
4621
12134
3802
8231
2074
5642
1137
545
14633
11565
8154
15364
13042
14175
11679
14423
16375
8175
13931
15337
15824
3449
7384
2241
15661
16652
3170
13545
4150
5320
9479
16709
8923
7318
14699
2858
6121
12298
9734
12908
14886
10842
3088
11911
4705
9564
1504
11918
14570
9883
6219
7971
2174
107
16039
1965
13126
11714
16903
16114
10247
3031
12217
7532
4570
8538
93
890
1784
14294
911
15486
14581
13530
16692
11793
3499
1568
10838
5591
12829
6849
2416
7012
3604
12428
10206
15492
4177
8734
3983
16900
9702
4486
674
2886
16387
1899
15178
9998
2871
1416
11252
15318
2056
700
1924
5371
1547
5000
1305
9033
2675
5705
8134
11259
9804
15886
9928
13006
5879
744
12319
12373
7670
8116
12702
12895
12214
14405
493
2380
6754
5979
15814
14274
12249
7711
14116
8218
4798
9395
14402
6868
4261
5457
112
7470
16254
8224
15395
11162
6563
14639
10070
6589
12150
11808
4238
16162
3923
8496
16
16175
13224
15737
244
16930
10474
7780
14591
11040
7916
5771
8756
3681
16259
8465
11296
4340
1410
16850
14458
9040
6284
15261
4048
4695
14059
9339
11865
4521
13649
2934
11234
14970
11794
8419
12568
15690
11034
7598
4133
3616
5311
3563
4529
2889
16870
12005
5190
15763
8966
15349
15915
6419
1355
7292
10804
10232
7637
1918
8824
6312
5499
11200
16377
5662
13681
7273
12335
7504
3783
13544
8312
1820
7822
14061
13707
11072
10873
10765
6762
3405
15339
6416
581
5838
1138
2735
16834
5805
16414
3460
3463
15778
11411
16646
4349
5536
1625
15770
3286
13439
7213
14948
12795
1847
2882
6711
4583
2888
12839
15183
9143
3988
4058
9119
14902
12414
2368
16947
5943
8712
3366
14407
4061
2296
1927
12942
9634
15912
14463
15356
3371
11157
6462
16784
10738
1459
13641
9785
16896
12818
13321
4014
3281
8677
7168
10425
2626
1714
6007
11392
12807
5868
15174
9229
396
1996
7097
1797
7002
13320
11641
3916
10394
6708
12042
15578
10116
13109
14384
8206
6315
13694
9869
3360
11598
5250
1202
6850
14182
7680
2479
8122
5899
10438
3282
9470
8332
13608
783
9456
12226
10554
7627
15966
908
13651
594
12900
12756
10152
11024
16072
12268
11998
6995
14588
687
7107
960
7061
240
1839
13542
6873
11977
14039
2301
3836
11402
16086
6725
6791
4347
8744
8414
15754
4972
9814
10656
12288
1795
15786
1554
11697
5096
4072
4889
1841
226
413
13492
10666
252
8549
4186
16494
8350
10297
1343
1505
16194
15078
8796
7969
16748
16832
10005
11480
14144
5458
15177
13276
8275
8142
4057
305
16399
6229
12539
4423
16139
10740
8172
7666
15532
11821
14657
3220
1549
1123
11986
4338
13829
7260
9503
11412
4346
13244
8861
5647
13300
11505
16995
5073
13144
15883
15639
3627
15429
9516
4278
4084
16732
13748
13989
3354
5917
440
9215
797
11810
14165
2329
1591
5049
1989
14119
4302
11960
11067
3920
13808
599
4314
12033
13279
13925
5577
1806
12637
15060
7152
14014
1511
16121
10846
10767
14998
11216
13698
16464
3080
13147
14549
11809
419
14041
13919
7279
10185
11652
11051
21
4801
15372
7811
577
9494
882
8905
8584
15628
9562
2139
12844
6266
2796
8459
16235
1469
4776
3150
13915
456
9445
16878
1550
16849
7416
7151
7327
9337
3084
12315
15985
13901
6226
14336
13648
8474
7200
1415
12486
10380
8528
10074
5769
10625
3760
5267
5836
12492
2287
3946
15431
16255
7549
5701
16416
9703
3612
12542
12499
12852
7348
9840
10063
8287
12869
1009
13769
2433
4994
13034
5153
15563
15351
4641
15615
7820
15851
384
14830
15525
9817
7551
7365
2106
1087
7491
4640
9963
15248
14631
988
12823
4682
8653
8852
5779
9579
9578
11468
14559
9697
12436
16148
14544
11518
1510
6816
302
2777
13000
3332
11650
3583
1036
15291
7271
7272
15515
1078
13213
5561
10956
373
16527
3979
8869
2327
11739
8121
10220
12724
5409
13028
16412
6972
1827
8694
13207
14653
14761
6734
2367
11636
3718
1454
12585
12054
5671
13312
5348
12820
1126
12621
1171
4538
12079
12529
5440
1438
11985
479
4433
8980
13102
4573
6132
515
2731
2515
14838
11256
6362
12978
13671
2458
14132
16806
7529
3328
12369
11278
5207
8965
11130
5062
6487
14060
1196
7861
8487
15368
3871
6881
10932
15168
15448
1567
2232
519
2351
3087
7863
363
9815
16773
3580
5852
343
8547
16584
5612
13504
1366
14859
11841
16960
6456
1599
9128
3996
16517
10495
4775
3037
15358
11705
10739
9529
9057
14038
15302
6402
6666
12041
82
1919
1365
11638
2634
4811
5438
9782
16193
10667
5842
1110
6883
8832
14684
7087
14800
13113
15651
2599
14601
4717
9417
5790
14553
15999
11564
8662
9077
3850
16655
424
11144
14876
8100
5721
7674
6809
8944
1168
2999
10053
14163
13026
764
13635
7652
9465
10157
10613
954
11892
1790
14403
11614
12342
16821
15940
7964
7984
7751
13571
15473
15791
13141
12552
7249
16881
6555
9439
13472
13765
4450
13460
206
11642
12421
9011
950
1233
9822
15685
2677
15571
1897
3082
2345
12712
12216
7181
5724
3571
9201
15975
12156
10467
15014
12431
13755
12094
79
13521
1848
2000
9242
13438
15310
9554
1235
6258
2545
10026
3915
6041
8646
11807
14040
16554
6685
8207
12685
1283
2831
2637
10166
1195
9560
15098
15860
9059
13906
13008
13177
7568
2885
9838
8331
5085
2228
13354
859
5041
3411
10772
10014
3835
1551
15939
15945
9862
11682
15656
12791
5413
5203
16361
3939
12955
14271
14707
2616
6096
8804
10076
4380
7393
11631
6393
3554
3052
488
4041
4320
12128
16117
7052
8866
13014
16699
1105
5294
3800
8745
7154
11313
13138
2049
7800
15993
12841
15998
16820
14298
5181
14241
5621
14563
6404
14214
899
6824
14138
3677
10996
3557
15719
9863
12741
14713
6488
9608
4523
9521
9735
5567
981
1801
11745
16676
1697
10361
14842
7857
2965
641
5233
8917
3124
5706
5109
14454
3222
9062
15645
4689
9452
344
2671
8670
6391
13362
3042
10983
15556
14420
14340
9602
2435
11320
779
16322
16962
9730
13709
544
10249
12378
13601
368
2715
5628
11429
15462
16092
3061
266
4249
2987
14511
8639
14827
16033
14422
4160
91
6117
6668
9198
4984
6028
5044
2075
12146
2238
11021
9363
7502
5862
11759
4681
4182
13525
8101
14205
14935
14962
13654
3116
10879
13445
15821
5976
11884
4491
9083
6910
9036
1948
11548
12379
9478
7990
11066
6265
5597
7992
15180
10746
12677
3295
6884
12356
8699
11327
7758
5336
12157
7183
7970
7020
12889
4315
62
12252
13963
3512
4927
12565
2346
11758
1983
2475
4218
4461
547
4254
4849
12449
3811
12622
16240
13376
38
12073
13105
6827
15976
9949
12696
7661
16163
9557
1231
5971
14854
16245
4768
15425
3129
16115
10051
4104
11718
4626
12465
4558
3292
10370
12884
14390
6429
16058
4470
4819
6523
1564
5925
11054
13463
3688
3107
8388
1022
7648
1407
4174
4965
6948
1683
1742
8769
1201
16062
15274
3944
1255
15858
5189
16910
1707
584
13428
8920
7858
1437
13080
13780
6543
1023
12925
10346
8971
6637
5697
815
3895
2826
10736
8543
2625
10936
9621
16604
5401
16022
7153
7705
16500
14432
1501
13789
7078
4761
14987
5403
550
7859
16492
4353
16078
3344
8946
12941
5749
879
9211
13237
609
4908
6918
9569
3992
6577
12881
3733
10179
4728
2414
3603
11355
16256
16425
6512
10052
6316
14811
13496
5466
13619
730
6516
13327
985
16552
3573
4979
12624
256
7907
15501
3651
1758
4584
13972
3392
8548
12111
12774
8046
3723
10260
15547
894
3382
4997
12241
11003
15618
12195
15657
2940
13728
2705
7458
13855
11248
8650
16564
15746
6491
5707
14409
8148
2692
15289
5343
8304
5656
708
11860
9148
14345
794
36
5436
11702
3859
10257
9492
4770
14468
125
13567
10231
3757
12733
1248
9458
15849
75
12871
10401
8309
11782
4704
14304
16757
14331
2466
9571
267
10498
881
14365
2
958
9449
13050
1737
5432
1214
7402
14587
14538
11063
1127
3816
3287
11090
6279
5506
3323
249
8078
15217
8763
4259
5975
8560
13814
7962
364
9572
13890
4292
7210
3929
16703
3399
3831
6057
4260
14051
16260
163
369
11755
9118
4166
5293
4554
1500
16219
14323
7732
13062
8401
14200
8362
3901
7781
9947
5747
3250
5488
12508
1008
1121
13979
6906
13965
6173
9658
1392
1132
13992
10334
6344
10787
5856
9732
4409
15104
10484
6188
11486
14703
11179
3610
12088
1350
12711
4005
294
13753
535
810
7868
5989
11852
9447
6684
7290
6244
11830
10971
2698
4600
16329
2057
15073
2820
1892
2932
3006
1338
9647
12060
1539
2619
10007
10069
3305
3029
14689
8478
16602
9741
3321
8210
179
15246
4953
12723
15240
16939
1326
12610
7762
11956
8673
13912
9935
2198
13562
208
3746
10219
11400
15608
14079
8708
8166
2948
16383
16852
16283
15498
13849
7391
12424
13999
15671
1613
1244
14803
16611
5081
1516
4229
9740
15744
15867
15489
12943
4902
2239
12012
13667
13196
1270
14058
8587
7656
7583
8559
5720
3383
9206
10957
16191
3691
2612
14379
11204
2169
864
2461
9689
5953
16286
421
8061
14362
8911
9780
4674
5823
16665
14071
6479
7605
5299
298
5144
11110
4604
3861
9080
7256
14391
7036
70
12500
14614
7069
7570
12454
4276
13941
3588
3742
14273
2489
6288
8243
11926
983
4042
6635
10432
15288
175
16083
15809
278
9983
108
12753
13832
11499
1191
9328
12598
9282
7722
12647
10489
5243
7051
7785
2372
10939
2622
6112
12493
5003
12189
11292
10127
4158
6769
13679
10141
4144
1490
11080
8293
15284
16650
4187
9762
8365
6002
4663
3719
3385
5559
12494
12779
6831
11999
6207
11108
8912
9644
2096
6321
7201
4846
605
10407
6925
5052
15829
13118
5847
8687
8805
3704
16296
15308
7082
10581
4467
9788
2736
3152
16666
5541
14512
9473
4209
11754
6058
16044
5196
4377
5776
5611
6716
1652
16017
13853
11978
8689
9584
9595
15456
11853
10850
5882
16082
15397
14788
862
8974
13770
6786
3404
14749
1064
2256
13259
8183
13046
5345
11086
12815
16141
13537
5344
3243
3671
141
12854
16629
14873
8000
8054
7334
4234
2135
3108
9353
11898
959
8811
6428
14599
11201
11349
8276
3386
692
2068
10071
8899
11643
7564
282
13990
4732
4478
16300
5886
12391
2678
11084
665
3743
5564
3600
3889
8129
9698
4878
8943
5148
12574
11121
285
12797
5163
15742
11962
4569
7926
1844
16251
14187
3043
9871
5581
15392
3686
2788
12583
11336
13157
9527
12512
6603
13689
9072
177
15569
7216
10342
15844
10698
2395
10229
7875
9900
7481
4691
9936
6255
10825
2996
5035
11314
9926
11177
16060
8887
5359
14797
3884
8976
6539
7978
2274
16490
5361
14807
2449
6021
1167
13960
9288
13281
11796
14679
2583
11193
15693
11604
11553
1426
4650
9270
1667
9345
9777
15753
9625
345
8260
5804
3394
6038
11455
4176
15658
14368
9254
1524
8140
279
13390
219
15898
11546
5515
15271
6343
4736
2755
4414
15145
3008
14896
1885
8827
14004
209
16687
13367
15800
9881
10301
6645
6133
2534
16125
2147
10419
16093
12009
15133
3794
15346
10596
16130
16977
8209
5135
11828
8895
13357
9432
15952
5892
8395
15045
16080
2547
1063
6981
11171
7492
7498
1332
7006
1715
14839
12587
4992
5237
5223
11569
9600
13091
8607
11844
15048
14513
10067
14705
13591
8425
14609
2530
2806
9827
5905
7507
15681
15902
3558
15474
8055
13939
11888
4117
13448
5270
14629
9214
4142
2769
6208
15845
9302
15406
3160
16894
13672
2487
14472
6165
10526
16720
114
12034
7918
134
12416
7175
513
5940
14289
6170
5054
467
13293
5461
6914
926
13031
15031
1619
2644
7702
13685
5947
16928
6175
2280
1878
4831
8316
12950
12969
5093
3642
4800
11878
4817
15854
386
11994
12210
10689
4680
12415
2383
16837
8298
4872
12349
9887
996
2972
14027
5168
10929
370
12452
1752
16715
167
13736
15820
4092
2971
15072
12074
16211
16102
11415
2809
1313
3317
965
16753
16771
7738
3649
12196
15255
16846
915
2521
5040
2058
2726
9753
5110
7999
4534
9884
12092
12608
8117
5490
14107
6135
10487
6967
12847
12484
4881
11462
2597
14234
14000
9836
13977
13476
438
16711
9380
12784
3727
2875
12603
15434
11036
2325
12586
9789
14717
3685
9066
16309
8844
6935
1696
5244
508
8411
14893
11491
9810
5772
7621
15127
5273
213
4530
6290
857
10137
825
15488
2078
9504
6701
3505
921
4352
3582
6120
2252
1095
10320
5362
2800
3427
8253
5080
7449
7987
16754
3260
6004
3619
5204
10844
2192
4959
6814
16301
7376
4351
4371
1853
7662
1670
10655
5503
16206
14721
5788
8999
2610
6223
4379
12259
8675
3581
14349
13908
7767
15606
2978
16129
2109
11741
6698
11624
1514
16393
15478
877
16430
8489
9812
7239
15024
9205
9582
952
4035
6446
14236
5033
10343
14487
6218
10903
7264
7565
7678
15664
9054
5757
16529
15567
6235
7128
631
9386
6990
10887
8409
11352
14523
5114
8014
12487
6812
2010
3271
4363
13763
9283
4909
6095
16770
1097
11273
184
10906
7088
10384
948
12109
14890
15117
13777
7351
5896
10976
7512
13301
14125
2829
5428
6426
8443
10183
1786
7433
5700
13393
7282
1684
13516
3201
13052
11068
14418
7510
16415
8091
5231
1716
5058
3494
6890
1811
16951
6616
9272
15916
7516
16396
11890
5912
157
10378
4126
6005
10959
9934
46
553
14122
6081
11241
13510
9708
5759
8726
1073
2513
10422
15442
8927
9624
2507
6372
415
14145
10236
5188
2417
13205
15480
7121
14882
14310
5613
6011
11394
3202
2807
12515
693
14113
7011
5934
5304
15596
15911
4690
6678
11103
14124
7545
11115
10699
2864
5916
8882
9307
10079
15399
4421
10643
4813
9875
13556
6471
2457
7435
891
11675
15611
5129
11572
9101
6047
7123
3562
16100
5946
15502
11222
9419
10731
5504
6052
4778
1520
5498
10302
12812
7136
11670
6061
16108
8010
14219
12634
1113
13717
16142
1995
13799
10931
11119
5251
13961
7712
7896
67
7169
151
4392
2506
1712
118
1232
14450
2022
6476
11485
502
1334
2960
6161
15146
5367
16664
15461
4027
11561
1211
16920
11192
6916
5198
290
8973
13503
6073
14762
2919
1666
4367
199
10811
14196
16553
13104
5813
5224
10259
317
13705
7572
1463
4806
15818
1792
9720
5374
591
6385
7190
2471
371
2399
12670
15334
11751
7660
15510
15407
9507
15348
325
6353
3001
3934
466
13007
1622
8743
16556
3144
12691
8215
4514
13188
14434
6715
14324
1002
4038
8934
3161
12551
12102
5681
4729
1773
1768
11974
16807
9406
13424
9953
12380
12650
16606
10859
15761
49
8594
16427
10349
3716
12796
15893
9889
12099
11194
12814
2298
7821
9285
4590
16173
15727
3881
7099
3693
5124
2550
192
740
9850
16214
14109
13307
9003
5011
2432
1199
14752
16575
8664
7250
5830
14709
3912
11078
16218
1814
12765
5088
13378
16727
13455
8902
14425
1774
4406
7893
5405
103
1399
13054
15367
7409
7880
12945
2286
10473
14604
5675
11840
2713
7254
6965
6153
14592
11159
13484
15158
3466
1635
13793
3668
16037
8469
13058
12204
14343
2282
8112
6513
15170
12270
1840
1193
2721
8597
6982
14520
6150
5285
9349
13044
14953
8137
342
9630
5222
5708
3536
9580
14966
11406
11613
8355
6318
5704
8692
340
4898
7337
9774
8330
16137
10968
9511
11436
2848
1250
11218
6412
2847
15806
12556
10214
9442
8690
15391
14899
6621
7084
10479
2974
2964
10437
987
9905
7191
14832
2269
12172
11236
2899
9783
806
10558
452
3935
15235
7373
8394
255
2930
6070
9488
6770
5021
10609
3534
9002
14346
583
5116
4550
1279
9169
12458
10843
16088
11972
13936
4062
6617
5157
3248
10961
3451
8225
11749
12375
14408
15161
3602
14229
6510
9073
9460
7155
1577
893
13903
306
1057
5853
6194
10648
13219
10131
12444
4317
12284
7815
11174
9692
3276
14389
717
7906
11732
7324
10095
3773
14189
15518
2348
1605
10735
4636
8436
11597
3678
13739
4091
16493
5043
16838
7647
3818
15413
1819
6303
2054
14094
8481
5801
2801
4512
12451
4841
13152
5739
10965
10068
3209
14954
366
14900
14466
15918
4987
7177
16272
12463
7388
10515
6236
2034
12316
6905
10002
186
6520
8701
701
691
10977
6463
11802
5582
176
12441
8187
13523
5023
12383
4913
12389
7341
7832
10326
2276
6146
7268
12106
14758
6407
16588
4977
15436
5046
14880
16320
1387
14770
12333
10794
5296
5213
2161
1700
11191
13929
15091
6927
2994
7471
798
11434
8173
6829
7074
5337
8456
9071
13225
7230
9736
9858
14006
420
15718
3670
2175
128
1223
287
5276
16587
11609
15221
10365
624
6242
8439
11855
5881
4350
6587
1440
4989
7761
5317
7550
15313
2283
11224
12505
8608
7223
4108
8962
13483
6029
4771
9023
4321
7314
14123
5330
9743
16318
14936
6949
14412
8157
5501
16145
9426
15236
11707
6410
7630
3005
1024
13959
7008
11058
8485
13798
1603
12384
15626
9587
2268
14680
657
3609
557
15722
1531
16545
8854
4633
1371
13220
3309
5552
847
11125
13633
11289
2200
12263
8702
9411
15116
6322
8941
3056
2504
9790
5648
4498
6102
13984
15642
6232
4677
13122
5902
8408
6909
16015
10041
14519
2998
13189
8628
10323
16101
11876
11427
10153
8264
10851
7695
15561
2201
15029
8196
5039
14218
4430
14812
5056
15717
13699
6654
12445
1120
14475
14595
10702
4369
6467
14545
16070
9237
15238
1529
14263
8863
3154
2912
172
16223
7750
12457
7838
13454
15327
3400
3435
11555
6040
16640
11227
13524
9132
15209
12152
15251
9183
1856
6676
12021
11617
9691
5593
5057
10117
14906
8294
8622
13271
10814
506
773
10583
7345
15197
3270
13359
15463
15764
15049
4405
10911
8472
3640
3402
4290
812
2598
5610
953
11973
858
3840
6183
4624
15479
774
4296
2465
5518
15540
9898
8373
12594
1937
4134
10201
7955
7215
12480
11936
13511
15115
4002
9941
12475
303
8625
183
16246
7180
16696
9626
5839
14230
6688
5351
15446
6760
14685
3098
7920
6504
2060
14605
11116
15343
14582
5936
14668
353
7972
13683
11172
10285
14667
16226
2778
462
3439
10481
6687
1623
2856
10426
4781
9463
7663
6395
13098
16769
8571
10164
15405
12193
4288
1688
5920
6720
4888
2696
4804
1054
4200
2942
10986
15995
9761
10840
8452
14459
7901
6638
2132
4397
10386
5513
3356
16694
14312
12180
12253
15812
9190
16365
1352
5283
10345
8789
3696
16946
10072
3297
7114
1563
3870
11319
14691
15509
7917
11593
11310
16868
1190
6067
1598
6661
10029
12256
669
11785
11018
549
1493
10354
12185
5127
16110
1895
6392
15370
4721
7873
9022
15110
12120
1545
4416
4420
14622
1058
12526
10045
7609
1296
9769
8285
11954
7956
9531
8179
2567
5573
7560
8284
6311
4668
16648
9751
8531
15856
8669
13884
8975
3817
14969
9894
475
2935
10665
7561
7608
5018
14596
15189
14028
3756
9672
1051
11687
3513
12686
2954
603
1596
3109
15585
8447
13660
8069
9410
12061
14926
4025
8779
3178
233
10599
9038
2658
8735
2178
14160
610
13169
16706
15830
13261
13395
4458
16816
14847
15423
5
13051
13451
8193
12395
10970
13547
3199
1402
2770
10073
7186
3146
2654
5404
12800
6844
258
5286
14692
7076
3524
2157
2098
5877
10440
4723
11740
5496
15363
16319
13155
11464
14153
13655
14082
13844
4360
7923
14820
16620
9369
2860
1879
16737
3310
14369
83
9530
16247
14093
750
13927
11316
5454
3345
10424
15218
15281
15668
3132
15389
7150
12278
9676
4169
12946
13874
2275
10213
8762
7475
7440
2760
16690
11803
9919
3044
12528
2411
13252
6453
12242
12868
5726
8427
6459
1656
10077
7699
14044
8352
14217
3788
10869
4611
286
11646
12381
6611
8347
2730
2421
3967
8654
1425
7593
5380
13151
3776
14871
1453
6261
5607
3613
13894
4924
5070
15634
10446
721
9501
8575
1310
3398
695
12159
6604
14172
4870
15404
14763
13168
14623
9870
13211
5921
10036
732
10994
16372
4376
4964
12289
12623
756
7482
6138
7275
13047
3566
11398
1928
3018
13725
16679
7784
4115
10668
8580
12405
6930
10822
9809
8006
9303
14149
10103
13867
4294
5752
12693
11850
4686
14617
7736
3283
14315
5094
15846
2365
878
3432
6993
9161
10616
7301
9327
13085
993
6810
5014
5360
4196
3256
10011
15788
4622
14351
2213
1154
13278
11114
11149
10575
9068
7189
8467
9427
15599
8444
2707
16525
12510
16019
2961
15537
3348
6092
10831
12367
16332
3812
868
6215
15997
9220
12663
14991
14530
11367
6568
17002
6199
10209
935
7066
6975
16232
13715
7472
13661
15185
13905
4220
11928
12417
5617
2737
8602
11584
12283
9502
14690
12698
7238
12939
1340
13264
400
14057
10743
957
18
16271
7881
16291
9162
8794
2901
626
16804
2656
8344
2182
12873
4658
10462
14658
6130
9090
8672
15648
4516
3406
15017
13240
6483
9849
12537
16560
14647
13582
6177
3036
3186
3469
8998
4525
7698
8044
16612
10138
9742
14561
5885
8913
8082
16866
2126
14474
15179
9350
10967
6230
13577
15848
4492
39
11776
9365
15729
9098
4707
11912
10913
4788
15961
12662
11921
12302
15484
7429
14401
6375
1351
6796
8715
16317
2915
3772
9043
2370
7293
7833
710
9846
1245
3062
11211
12850
13045
15002
6528
14300
13497
8679
3253
12223
16944
16728
13768
12653
6957
2787
10604
142
14664
12781
11099
6606
13776
13778
13204
6247
16702
11011
11089
2334
7954
12364
16688
14733
9680
15499
11873
10992
11219
12285
12899
15776
14075
13222
7539
10096
7948
5477
7089
14385
978
3667
3998
3515
962
15636
16563
5425
10744
7938
4513
14773
5171
7356
3799
9247
6474
11502
9389
5690
10954
566
11933
5745
11433
9240
11004
1414
1509
12113
1570
15697
1782
15679
1525
300
15101
8375
13495
16038
10161
7522
4957
2580
14052
10588
15928
1221
16559
12096
9401
15917
15601
1304
7721
8492
4511
139
9106
429
1741
7166
2602
16823
8458
11286
6828
13143
2719
11599
16315
12023
6997
1508
15782
6103
4348
2776
12918
4941
11053
2579
4524
10486
12325
5263
10705
2488
182
9239
12840
14597
15541
13254
7417
9781
2279
16781
2339
12660
7942
6320
3574
3359
14874
6231
1423
2148
10763
15765
10969
16822
3597
15361
4910
11045
3549
11302
15787
5944
5468
9260
1019
9093
1866
12093
10158
10584
15892
11571
5474
11387
16165
9292
16716
9392
13245
11215
10730
13644
6872
16134
16208
4900
11895
10728
10106
13243
3347
283
16511
15709
5682
14415
13565
8319
11077
15564
10468
13375
4585
4967
6382
14131
7642
4919
5472
16958
10087
939
16118
7335
7826
4390
8698
10015
8216
13108
7864
15896
12932
13059
936
8149
3963
15521
6752
6773
1641
4553
9962
13491
6633
11843
15534
6560
11139
9226
6753
14967
14054
14720
382
627
1272
1432
16012
4520
9253
10415
16169
15206
1369
1136
3919
1672
13184
8228
5214
9484
2920
5451
3138
15155
16599
9428
12496
15424
5441
15823
5585
4594
7298
2833
2617
14999
1066
11932
7313
5486
11060
6164
4106
11028
916
14148
3278
6731
10926
4446
904
8903
15956
2079
15121
11708
16480
9544
16445
12967
13473
2474
8533
8391
8377
15680
12257
11952
1673
16672
9131
15629
9367
1997
12940
4159
3990
11091
1950
762
6745
11881
2369
13647
16190
3420
9228
5051
15594
4947
9052
4226
9724
2422
9979
9
4128
12083
12067
13569
634
4122
12514
9904
16897
6846
14344
9496
10055
13831
14645
1477
2557
501
10914
14955
216
6875
8354
16470
3855
646
5810
14137
1375
6185
10611
13131
10953
3726
9512
8325
15988
11612
6022
14047
4614
8784
1349
2168
9391
11854
10759
5022
16087
7623
2189
11384
3543
16649
11770
14104
1262
4719
14225
8237
5363
16164
8110
4120
4345
15123
12336
9498
8133
7095
14031
4779
12944
16034
4030
12143
15948
2939
9340
11906
8004
16468
1266
14497
11610
15059
16719
11020
8859
10675
3664
10442
5812
7251
16596
1278
14646
3246
5870
3769
10561
14264
7034
5184
1159
11496
1942
16663
11524
4671
10821
13
11594
12304
4093
11875
1015
4236
8313
10863
13139
12863
2330
15838
9842
14651
10336
5928
6630
9471
3997
8511
110
8993
5529
1852
12317
10271
9121
15444
2883
2029
5926
4253
984
8318
14638
6582
9103
8240
15614
7418
16992
3495
271
10270
9110
9414
16360
449
1519
8793
1706
13539
12200
2697
510
8776
2725
9166
12101
4990
5601
6440
15439
14919
2694
16551
15922
2591
12133
8156
10269
1112
13945
3741
10235
2983
6594
7199
5421
9455
55
789
12875
12787
11160
11106
14135
7562
4385
10408
5897
3887
2911
10571
3989
308
8062
10793
4154
8199
9150
5377
14043
10809
6065
1686
940
15967
12813
7063
436
16520
11353
16341
5893
840
6652
14277
3527
3819
5278
8498
2581
7759
1030
4255
3361
6367
4894
11733
5139
11983
14430
3200
16285
15377
2975
5820
1513
16961
6334
16805
2482
9329
16831
11175
6679
7311
13101
16370
2558
11738
13055
3024
5609
5290
14303
13406
11182
1805
8598
15187
3218
1082
10975
4783
4847
1275
12296
6595
15041
6546
6313
3906
16993
6545
1328
13550
9778
12125
8042
10872
3277
14939
12891
16156
14744
910
12290
13964
7641
7521
2933
12678
7526
6706
5999
15419
4127
8754
8189
7193
1638
16507
12064
4268
12972
11885
3215
12672
6892
6155
7370
9929
11210
6818
3487
3066
8393
9977
11634
15054
1031
11674
3775
7174
13457
2404
5719
10150
6034
1746
3510
4335
4699
8053
2745
2050
10385
11276
5180
4139
7252
14251
11386
7444
9710
9050
2553
4358
13405
4389
13341
1342
5256
15350
1912
9039
8577
9429
11439
14745
5962
11299
11109
15604
6259
6508
7295
13518
10557
8877
15169
5322
14394
15205
5695
4752
10938
6352
13482
3477
5357
14637
16730
6201
3533
9441
6534
652
8315
16678
15481
14641
4324
13750
4769
4202
7406
3273
822
15360
1558
8896
10817
11187
8656
9942
1000
5638
2645
1913
4724
1297
2931
12864
3294
8810
9099
7657
4337
9787
16641
2946
14724
2578
14443
13692
11377
13036
10527
10940
350
661
4598
16084
588
16516
2842
8506
9902
15646
9526
9767
120
9088
6411
9007
4264
16442
6518
15955
3897
14100
13563
10017
11637
14170
4676
12772
14157
7397
945
16523
10303
14018
12353
849
8097
13668
4829
1669
15380
1575
3924
9113
8817
12287
7009
1492
6599
9263
13404
11073
441
1085
15200
6991
4103
459
671
5821
13072
12174
986
771
11542
7058
10274
14509
9225
15401
15256
10224
7466
3249
391
5187
14216
10981
15374
5709
3397
1896
16986
6444
7329
1478
9864
16734
8232
5324
8048
4016
16651
16506
12710
4539
341
8404
4479
1280
6126
6962
8554
3909
16167
13615
2917
14108
9431
1086
4013
6525
5090
7064
16798
4537
7212
12518
13583
15322
15930
13772
3622
3041
917
12716
2976
1923
5176
1833
161
16633
11626
12788
9744
1793
6212
7015
1215
2112
4487
1569
16967
16555
13397
9592
9139
13663
11165
4618
13629
8460
3520
10647
9847
13951
1242
4085
15191
4199
12827
10308
1981
9208
3074
9636
14142
3231
7828
14083
16483
5007
15951
6556
13374
8104
14627
8250
7205
10332
8752
4034
1265
7217
8297
11535
13417
8790
9533
11326
12279
10591
7967
11251
6932
2751
9583
9944
16133
12103
15301
7117
445
2589
15775
3763
6270
13233
3753
221
13987
15511
2909
16618
13441
3012
11661
3091
6624
29
13443
743
4011
866
16429
2936
1537
1646
12461
12543
2981
201
11988
7297
11919
7932
6300
15723
3545
4221
5851
10962
14178
13377
15986
2036
480
12442
1978
15056
4627
2476
7675
6950
751
15695
12953
16302
14103
13700
2364
4100
4499
5107
970
8370
5526
5356
15852
334
4845
2908
6398
8017
7763
3707
650
12351
5770
15508
12303
1771
5544
15050
13212
10375
11533
170
11431
714
2679
12524
1651
4411
1291
1940
5960
16922
1870
7772
284
6157
11366
6137
15670
9651
12450
14950
12048
5602
14524
16795
12695
4879
13520
2038
14901
8849
2527
13142
2528
10321
16722
4883
7040
8807
11112
15237
518
8146
7
5292
10317
4615
6915
15960
42
16373
3338
15357
2517
5525
1936
7611
9876
15586
8430
2473
15536
13595
1561
11676
2105
16013
15451
1361
6521
2410
3007
10885
9418
12866
8871
13172
7026
11230
3698
3364
14678
5850
5215
14917
8982
10273
10651
6204
11490
109
9402
8198
16201
4330
13848
6870
16354
10374
737
10617
1198
14920
12501
10223
16018
7460
15181
12612
16876
920
8413
16306
11266
3409
2398
14942
11178
11737
1216
12625
5523
11281
14134
14501
14979
5024
11783
423
16431
2024
1040
1418
16005
11102
5491
14090
12986
6680
4918
4273
13167
9826
13350
12600
12979
13214
8139
11862
16627
11924
7994
4428
3822
14339
8268
7770
14965
9959
13585
14571
7524
13190
10577
1813
6455
4135
6418
10293
7104
9385
14233
689
11801
4017
13576
15005
11180
3467
16534
2907
2453
4081
6015
15037
10089
8303
14321
4076
10690
6511
9176
14265
16996
7517
6359
6820
5111
15171
10009
943
2642
6921
14143
16756
1315
1178
15682
1713
3414
1988
9760
12912
11627
447
1050
10248
13610
14357
6717
301
13009
14508
10621
9236
14824
5600
7139
16050
4447
2415
15529
7844
10896
10299
6017
12836
12683
15283
15789
10947
7092
8368
5831
10268
3040
3695
4820
14068
5528
10105
3302
6620
15421
408
12694
11340
10427
8919
12922
2554
16865
6069
7257
12947
13356
9610
5221
11284
16670
15445
1754
8647
8178
1573
14493
2623
14947
13665
8964
3652
7465
15653
4610
2039
5873
16889
12265
8568
1956
470
15305
3595
9670
3945
15927
11275
7461
4071
10400
3815
14370
1532
13431
10207
9776
7332
9532
1859
728
3418
9291
12509
15861
5958
5442
6994
14819
9538
13621
8383
2308
2993
5929
9177
11472
6958
8052
1345
5255
9879
12138
12181
15684
8574
13596
4439
9184
13130
1614
2151
11628
2073
12192
9877
4544
2945
6847
4856
6675
12845
16461
863
16817
6470
16557
13487
800
5774
12544
4533
12346
10696
4090
3820
7710
6050
7288
4204
2193
4980
14694
15612
13266
10083
8493
2740
6559
2233
7211
14943
8678
497
4415
9565
7146
10037
3393
16637
16006
15365
12182
8595
13584
3717
16724
16342
8755
994
14711
16126
2187
1592
9640
4547
11877
892
10463
2884
14765
5570
9748
8724
15774
5314
14677
1772
9652
13201
726
3060
2620
8068
13540
14693
11254
9289
6381
14608
3155
5306
9454
12299
16622
3506
1725
12320
15111
8159
5908
10566
8111
2808
12234
15644
8814
6346
6129
10295
13215
974
5530
3319
10429
15224
903
5750
15609
13714
2221
11044
8269
1059
15223
10119
15667
3843
3904
6331
12828
13751
11030
12885
11243
829
13594
15991
11902
3548
13781
4323
11625
13803
4758
10118
6544
15000
15212
4473
11213
14188
1999
6976
10282
4895
1877
5667
397
10598
11295
7464
961
13509
3428
1584
11817
322
16395
7639
6851
12488
8926
1394
12376
1398
621
16313
1882
2508
1665
13614
16741
5670
1747
10784
8141
8757
14272
6441
8858
12540
7204
13096
465
348
3213
10833
12736
11153
11538
6882
3151
9982
10555
7753
12000
14613
13531
16435
11940
5497
5206
311
3375
425
13653
222
7596
6794
14354
15921
13330
11145
11909
8197
16780
6206
7973
15432
16150
5426
11964
1072
15783
11154
4225
16273
15052
1014
7739
5974
6019
8283
13218
873
9913
6008
8864
7628
8510
10774
16439
11001
12597
6874
5955
12323
5676
11123
2825
16264
15094
8403
9319
16326
14725
13187
8630
11351
4903
4032
6269
10854
330
1718
4833
13907
9639
7263
3181
525
16656
14914
2442
8049
5694
5077
6764
16000
13394
3165
16792
8045
14726
5731
11382
11769
3486
15163
2879
3089
1955
13430
6807
8704
719
2963
16378
4509
11590
10189
444
12053
924
1557
8461
15745
2556
4156
4703
11815
10988
6623
982
2571
4540
15386
5629
10766
6128
5495
3516
5456
12849
8593
10594
15491
723
5555
11795
12121
9633
7945
3954
1522
10757
11070
4814
10897
14237
9182
15734
542
10082
1865
6937
12230
9372
8083
704
4986
15020
11804
12780
10358
3886
13440
7362
838
4354
8115
9552
8077
10669
3330
3169
5275
9505
10448
7791
3529
12418
16021
2761
9649
3030
8818
11399
2059
12929
11409
3378
106
14097
1974
2052
698
6959
12951
2786
12209
8928
4759
1662
9332
12485
11820
15250
1817
9860
5489
8341
11829
4581
2427
10684
4357
1785
2053
13437
12221
4149
12961
4263
3127
7950
10620
2814
14393
14506
4484
16497
9294
16643
10061
4722
10894
5919
8177
1530
13298
1759
946
15807
1430
1016
11257
10020
10848
16352
5646
4267
5289
9400
7634
3143
5335
5669
3174
3978
8340
13889
15581
14375
15970
8619
7850
5395
9216
15855
3821
14278
4336
11938
3380
7777
5053
6044
10534
16152
10634
1761
15114
13835
15086
4045
11608
11966
9645
15009
12420
8124
11185
15522
6016
766
13267
9693
5448
6241
14719
5295
13616
85
4203
8710
7831
1428
8286
3438
9297
15835
558
5918
12666
12338
7534
6691
5145
8848
14929
238
711
10122
15315
2307
6466
6001
4839
4359
2090
16662
3464
13842
10493
3928
7500
12577
16518
6335
15865
16749
9973
4571
4198
11520
3852
5037
7966
11345
1184
9719
15762
15640
4073
4393
9028
16668
14940
4452
10496
11329
15278
14428
16750
1119
2494
4197
14411
7477
2979
3425
1869
14577
16535
12561
1541
126
11543
10399
6060
1025
1302
4067
9914
8063
16934
8514
13913
15973
1101
8714
9539
13810
8321
12091
4098
2013
614
6695
14221
680
14279
9108
8484
9152
3485
6308
3422
643
8599
12184
13489
245
6984
5586
3918
16723
11334
3715
15135
16700
7993
7369
14907
16451
16295
53
874
6612
2326
17
11987
16983
2300
16988
2812
15085
14541
4114
14329
11369
13466
7287
52
8581
9133
5738
1914
733
7398
12344
15929
15747
3285
3441
6551
14005
16682
12036
8930
1170
8342
10958
3659
14066
9234
5226
6970
6748
13703
4935
4427
12531
11725
2162
8651
11915
5149
12651
1333
1770
9619
3550
5538
16355
3970
2498
15545
3973
16392
12261
4916
3104
817
3851
3682
4716
16825
2028
4068
16777
13604
16476
10536
3424
10307
5382
1257
8751
4332
9336
11127
14224
19
14480
3020
14140
1980
3713
13914
13998
9606
3632
4167
14806
522
4453
15096
9482
10539
6584
16460
15816
8921
3416
15008
9999
736
15728
9803
1925
4271
1074
2244
14728
160
1220
2969
16448
13303
5587
12680
7597
14126
5228
7837
8586
14738
1657
5876
2560
15660
929
11848
1089
2245
7963
6447
6898
10659
6209
9997
16830
2538
11061
9801
8833
14115
16513
6548
14892
2716
5844
2255
533
14256
16898
13886
13528
4920
16501
12631
4592
12082
746
16009
8080
3987
12175
2341
16069
11271
8674
7459
14121
13199
12755
7573
1406
4741
8981
1921
4944
8967
5339
11644
1523
14673
15582
16178
5841
14293
9811
12853
12754
16615
15996
14535
1589
8906
16025
11695
335
15749
11081
8366
9611
13111
13352
15559
7782
8758
11696
8870
10752
1143
5822
5845
7765
8089
9490
4471
8907
12553
16290
7072
3618
4951
14732
15019
15184
1629
10506
15934
16601
2273
10672
10703
3926
11437
9832
11104
8079
1640
11147
14615
6643
10722
15012
12273
833
12923
14502
2615
2900
11775
3021
2303
9333
2503
5315
1682
12721
5938
11420
12477
4911
8997
10761
4036
3401
8569
4700
8065
11734
16323
8138
315
930
13353
15864
4230
16094
4309
5620
837
11341
10964
6808
11133
15027
6106
16498
13526
2309
14565
11551
3849
16146
14085
10901
12614
11190
10795
5072
11941
14702
1382
12930
5568
12643
11521
2766
162
223
10517
972
8184
7003
14416
9763
10989
3370
1690
9851
15553
6571
15715
3232
14437
10423
16580
12161
14600
2316
12905
12819
7885
15153
2699
14055
11582
10340
12641
1209
7208
8860
3844
3736
15076
1518
576
7842
8271
12426
5796
12630
7308
5174
9659
2176
3744
13334
12406
2199
5913
16123
3949
4331
14672
7424
2483
7439
7755
2215
10513
5514
16533
2586
12521
1321
14927
5423
4118
1791
11917
2985
7197
5984
6727
13532
5783
7651
6169
5883
4079
5603
57
2929
10925
15332
5182
7849
14853
1552
12851
10758
14949
2818
7947
16547
596
11306
5340
13192
12063
13578
13186
2349
10830
10601
7737
3955
2582
12254
597
8476
13221
7131
5723
16328
1065
3459
8583
2709
2843
1911
16906
4805
5571
8248
15801
13432
6214
12554
3045
16011
3426
12874
2853
14663
15007
3892
3372
3782
15010
14292
12476
4684
6317
3900
3251
8015
10512
1835
13971
7091
10338
2562
16140
16882
5660
12276
11466
9377
1238
7381
942
16796
6430
16046
15699
928
8381
8539
15108
2331
10003
4138
9568
6071
6951
13851
16398
10525
8932
13200
7013
2565
2966
11484
760
15741
6785
8392
6805
8463
4384
97
2673
6439
2419
4631
15450
6383
16172
15051
13745
9151
5887
9130
16542
15833
16310
15530
5238
14527
16495
12149
5464
13721
14489
9802
8382
16386
8182
14843
12306
4279
9034
16469
12558
9796
3131
16593
8363
307
4601
898
10930
6515
4566
9990
2440
13688
8380
2741
9910
5038
7473
3767
3192
11773
851
6789
2868
17023
2016
5485
8937
3266
6224
13423
16052
11097
7925
11838
12664
7447
16774
111
10670
1990
8417
9566
11859
7144
10405
9306
7757
8203
8520
1182
12280
1210
6123
16293
6357
9950
12981
3240
2366
15074
10492
13988
6405
13379
13294
16053
16155
12882
12983
5635
7626
15932
10174
625
7303
9384
14789
1521
5494
2684
4313
12704
9604
2639
1721
15164
7024
9707
10900
5543
5146
15154
7294
274
9486
14465
5799
14739
2218
9129
5280
4666
2651
1460
7829
8236
8095
5655
9497
14318
16077
4963
5232
3523
578
8096
12674
2379
6293
1842
10921
10420
15533
8532
14815
10267
12142
1208
8562
411
10329
3662
5120
6080
3637
3049
12649
3245
13421
7262
11673
3265
15964
8585
16024
10245
12432
3766
2116
10366
2384
5751
16880
12097
453
2952
11085
933
10126
10218
6570
13920
319
2990
3729
5200
6134
10190
10360
8009
6768
10169
8497
430
13156
4808
3408
15141
9117
9030
14542
2150
2532
13623
2009
13403
9797
14266
15880
6799
4522
9737
16344
4565
619
5765
12926
1627
15751
7231
4483
9008
8433
2686
9925
15655
9518
147
7243
8016
12281
15963
2549
1757
14521
4697
16241
14070
7989
15475
10328
16484
15863
13194
9993
2190
14076
6758
378
11605
1111
11575
6202
17024
2356
1020
16233
955
2824
433
15330
15813
14235
9522
10544
7457
1845
16684
8290
12030
12456
13558
14427
15353
13603
15565
10182
2001
455
2951
12984
8616
14841
2003
11331
15589
3275
8886
2129
13082
11762
752
1368
15905
10841
3255
6540
1079
7862
8214
7581
10060
6468
3054
13128
16076
7853
3605
8155
3542
2779
9032
11515
61
4795
15201
14568
3097
6033
5115
5133
4143
6336
13079
5406
7949
2347
9020
5268
919
2066
15103
12247
11763
7891
8729
3740
16521
1926
16136
1227
620
1585
1910
4194
7304
9655
14903
14161
1730
3507
11009
13575
16585
6627
1693
6427
3810
13206
2387
14956
5083
9749
7961
675
10674
9613
14894
6292
11742
7718
13478
1883
14433
11819
1628
12328
11897
7607
12129
7958
3122
13785
10893
9545
8933
6190
9733
202
8490
16763
404
8279
1431
896
14192
13811
4698
6263
11949
4060
9650
6966
15811
4028
12018
5301
1451
13419
7468
12236
7236
10720
14439
7480
14575
10694
14105
12893
15544
7025
2093
3069
9001
16892
6866
1873
16577
1457
10305
1960
6529
10998
13652
4580
7882
1249
12517
11426
2306
1678
12167
16549
16726
2051
6327
8972
9209
12398
1506
1930
575
247
10133
3925
14818
4830
13065
12995
7769
10595
11982
6196
1043
6907
15613
3891
6379
3964
7554
9085
10692
15447
5004
1720
666
7032
7771
14548
6184
9551
9275
12744
6871
13381
2805
4976
7172
13581
15210
14366
10933
13986
11448
8367
12148
11322
15427
4146
2266
15152
3085
13624
1226
10362
4137
999
4436
11995
476
2734
3899
4404
9685
13670
130
11184
5894
3750
2605
14767
12667
7371
12859
12135
14023
9576
13534
2943
14515
5840
13788
12001
1230
1838
1881
12846
13676
8521
2608
6946
7269
13304
17003
16705
10985
6888
1282
4148
1951
10629
16765
11307
10748
2982
10451
11458
11148
2758
5977
3777
10341
9714
6076
9623
12357
4375
12470
7178
15472
7163
7340
16530
7343
7814
11442
16989
9519
11465
15173
8169
7921
4740
232
14239
8979
6364
10129
15683
9408
8105
1710
13339
9224
11098
7530
4026
15287
8954
4504
385
6658
15531
6377
13828
13038
9495
11527
16854
3569
6024
12915
2666
3381
5932
526
6618
13617
6323
5866
15497
15558
5147
1300
14399
7187
14025
1264
10064
6712
13295
442
14435
4709
1263
12970
4510
15495
9911
14477
2265
13370
14455
13636
121
13193
12455
2281
14759
16860
16287
3119
16937
6697
137
3808
13892
2485
12139
5888
14215
15126
7004
8457
10098
13833
12040
7305
14869
7056
6569
11887
6168
9696
844
5942
7903
12237
6408
8578
9105
1013
3598
15874
8739
13872
8126
4024
140
10283
5006
10537
16718
6509
8591
11325
3168
9200
5178
2143
379
13467
5904
785
7703
5737
2371
683
3163
16324
4431
6154
11428
2041
2214
6354
561
4702
784
6376
469
4228
12933
2040
6325
4449
4075
7944
13706
3883
14793
2011
931
4921
13074
1038
11990
9948
9890
487
5389
8947
14250
9872
14464
15897
2071
14499
15207
7892
8815
3864
10586
9203
1464
11447
5710
5445
927
5143
13924
3785
3526
9462
6819
15659
7059
14825
2838
7342
11969
1967
1003
14065
8422
15701
14640
9541
5106
1312
1486
8771
3905
16972
6581
1583
1649
16582
3721
16358
9238
14169
12429
2257
16434
15992
6862
12938
7380
6992
4756
10695
10820
4667
2055
9029
788
14174
6451
3105
11874
12987
3611
4043
10685
3660
16733
11780
1726
3960
15583
14730
3789
9816
16004
10547
4603
8339
14928
10582
16603
2076
12684
13597
16158
4542
13296
8541
2227
7622
6389
13822
4044
3139
12759
10022
1527
7133
13627
12482
11312
1228
1643
13677
1324
5512
8788
15393
12668
14661
586
12727
5572
12443
3879
410
12123
5131
3857
5253
12973
13773
11997
10485
13453
7244
4687
7207
15949
6490
14284
6710
5102
8950
8924
7812
16845
6677
2813
5175
9805
2606
16677
10421
11027
2687
16610
12419
12752
5624
16410
1735
6162
8785
8428
941
1118
6730
7638
8311
12122
212
12639
14505
12887
5471
2754
12798
11183
13758
8270
7719
7364
1985
1546
655
14531
11052
10319
10949
9461
3890
8205
1067
14743
2695
78
7839
5997
8131
9232
11765
9241
1318
7569
11105
3453
8317
2033
12028
11649
15459
9430
8295
10471
10110
10764
3985
14507
1010
6250
10465
3047
6552
10180
3680
976
11537
7591
8402
10862
2469
4293
934
6374
11764
14238
1461
3055
4696
9695
13888
2491
7255
6936
1037
13056
11473
3290
14470
12035
8254
611
7014
2896
10065
9489
3128
13149
16368
9025
16244
399
1271
6
14913
8534
16811
6248
13140
6744
99
5082
1618
3644
8697
13477
10144
13246
5105
14922
11261
12350
1048
11262
16203
10560
9421
7044
10576
12742
11339
9786
7900
8353
2752
1586
5915
45
2555
12220
4069
13229
14889
1485
7134
10878
3130
4339
1807
15794
16424
12374
2566
10771
11019
10159
6655
7584
2122
10880
2477
3480
1092
4635
10355
5679
2391
15926
13640
6414
1676
12599
1109
14127
8438
7315
13486
9063
902
13444
7048
11481
3578
12627
10653
8307
7284
3094
16049
4099
5604
1834
15731
9189
10852
867
11576
12549
16343
11930
2204
435
11692
15674
14262
15134
15781
14981
12365
3373
14757
1708
14177
11265
967
13087
11880
2662
1837
1303
11616
1389
12832
7479
3913
6125
5652
13268
10693
13836
13657
9939
2354
3584
13399
14295
13756
11720
10750
16400
10837
2277
6591
3617
12960
1206
10352
1446
7451
15477
13025
14572
288
11150
155
7541
12793
2478
12409
7798
5793
8058
690
16336
13958
2408
11363
8005
1705
14980
3465
9908
9675
8021
13345
11731
2145
4743
9153
12948
7704
6348
15560
16861
9906
6607
135
5636
2988
7793
13729
12002
15669
13642
1867
4961
15890
4651
7162
10628
5450
8798
15083
16621
13387
7940
3888
4480
10253
16755
5797
10013
13724
11155
12511
14682
181
7375
15910
4019
11540
4531
6055
3053
3440
16673
10430
2519
6565
14769
11766
12867
6709
990
9361
16991
2759
9483
328
9187
4904
10228
12262
4726
2830
7266
6987
23
3322
7195
2448
6043
9055
8174
16623
11694
16196
8515
7112
13146
5665
16505
7184
6939
2635
7283
11693
9537
9443
92
3806
8691
4654
12307
4708
11397
14456
16586
1385
16697
3841
7280
12402
13536
9669
4548
2278
9855
14171
1828
4245
4046
9878
7650
15962
13590
11370
3456
15151
9706
1777
8894
5596
4735
6858
2249
4215
16081
16746
8830
3865
6506
5930
5800
13938
5126
6454
11824
1185
13234
5558
13408
7887
947
9620
16270
15643
11195
11168
12952
1115
13474
7625
3407
1886
10147
3544
6507
7854
5028
16066
4664
1512
1298
9656
16537
7631
13935
15980
2845
11350
11856
10719
8717
5777
4678
12570
13557
11478
5733
12584
387
2394
7951
5095
6020
8102
14478
8208
3462
7102
7817
10511
5186
1858
17013
2628
10704
15469
3872
15270
5455
4207
16731
10102
1341
1602
13993
12483
12310
13002
6145
13272
1507
11639
6481
11456
7635
4863
73
5042
6465
16573
12802
2210
3413
7110
14353
11023
4782
443
3492
9882
654
3965
8552
12992
9930
7167
9493
6989
324
648
4297
5210
2563
16202
16418
15293
4750
870
405
6783
630
10483
2561
12731
1236
11422
2405
13817
13896
11136
14166
14442
11029
13313
3504
7021
1723
12433
4303
13425
9227
1766
845
12248
5637
6211
1751
5743
709
16091
8525
13611
8291
11390
9300
6448
4515
11591
5026
1388
14301
12055
8012
15100
15102
4867
4145
11712
15119
1241
6933
4899
6626
6979
14829
14011
2179
11623
2101
2676
12920
14840
8570
8120
11000
2087
10819
5092
1287
2727
5674
7226
2262
11715
15942
8777
11209
7253
8624
3508
9326
7580
14992
8266
8435
6767
14727
10461
6220
6822
1901
16446
5132
16510
9593
4398
10478
13250
16885
9513
16420
9331
16277
14626
5247
759
3575
944
5422
1864
3219
10291
15666
12843
10661
4616
16683
5118
14328
8024
15539
17005
332
13282
10177
9509
2891
5634
13868
8526
11378
763
13600
15834
1285
16379
2439
5272
4494
7469
3376
7557
3016
14381
14995
3547
5703
1044
16257
2791
14879
10568
15042
7432
11161
13027
11247
5698
16325
5957
8996
1663
14851
15055
12767
0
12425
4948
2353
12464
7414
2459
16855
731
3391
5923
1429
1498
16478
13731
16284
12084
9393
2816
8305
12706
5165
796
6237
640
5393
10278
5784
10416
2335
1939
5104
9058
11787
15149
716
15866
14566
3331
1005
7126
9476
9409
10275
1148
7029
3745
14586
15692
4113
14481
12165
11359
606
7841
16043
12481
2526
15721
17009
5047
8841
4754
12312
12422
14850
8092
16924
9370
9357
14958
13011
10853
9746
11722
3175
15441
4607
10048
2542
1560
14048
16788
8171
16063
7016
10686
9014
11788
16432
4399
5332
9255
3986
3263
15617
14593
4161
13241
4926
11871
10631
1377
2918
4275
8567
2385
4794
11166
4065
2997
11562
13826
12355
8007
10155
8255
15466
12735
15836
5578
6724
2846
11603
14223
2406
2267
8931
15
8513
11894
5666
758
13314
13741
16693
11203
13974
3141
5802
5326
8128
12520
6388
11217
7689
2753
10140
3624
8454
14754
14883
4744
6189
9556
16598
10590
2618
12205
11839
1648
3482
4648
7010
16288
9713
14396
16867
4892
11831
15371
4444
11944
7377
16691
15400
13650
15887
5641
12977
2311
3994
4214
14688
4408
15704
6143
463
15282
13932
10712
8918
2701
16752
11221
8535
9933
4827
13506
10664
13870
13154
11833
16717
2361
14210
1449
2775
5388
5754
14212
9648
8233
9843
11834
8760
8696
11205
16982
10350
10993
5863
5954
5978
613
2037
2015
2285
13738
3363
16316
739
11879
12786
7490
9273
5470
8601
3712
16614
14567
16262
9004
4465
402
6557
14049
1295
2973
6673
11413
3264
1986
5539
12037
12657
9109
14197
10272
88
472
5050
6342
7724
14624
9681
8119
4653
7543
5230
14490
7847
9961
5019
13639
1124
2659
3676
6988
8893
9679
6332
16007
10324
1830
5192
3560
5086
9280
9945
4181
10240
6434
9334
9248
8220
16188
3272
5898
9064
16590
3941
2310
1744
8551
2184
3732
15167
6032
4448
10290
7536
1181
9971
11249
16721
9686
1400
3620
3795
2774
9351
7567
9018
10146
7716
15516
15850
4559
2017
16027
11076
9425
12314
8801
8939
16239
8878
6075
2564
8991
7542
2927
13396
8767
4502
10918
16772
16912
122
12644
10104
10781
10866
9660
1187
6009
5616
5692
9820
146
7540
10855
5890
7728
12937
12958
1180
12921
4322
5548
3959
1373
16455
1329
9969
15136
12324
4602
4563
1386
15771
3301
4147
883
1612
6213
13174
4231
9577
1935
14898
10443
8759
5266
11577
13819
5150
7986
8181
16056
9422
1502
16591
12533
9219
16791
16824
2021
3829
888
8558
4955
8537
2426
14483
11753
16943
14019
13659
13018
5672
1096
16189
16274
5995
16800
355
5279
14291
702
165
5668
9938
2535
16787
12186
12006
1534
830
9756
4283
6105
1854
12026
754
11223
12370
14446
16112
12652
8637
8195
15790
13983
2739
2857
4466
517
7496
4737
8803
214
4828
16311
10928
15362
15333
14037
14026
9082
14106
9453
9597
6283
8885
10755
16496
3167
12689
26
124
3212
14737
9045
8328
5138
11684
8223
11240
8843
1151
3308
10857
12700
16394
11596
1494
11710
1433
253
2890
564
8883
229
11512
11497
6558
1383
16689
12301
210
10208
13176
11283
13071
3561
11197
16660
10031
991
15881
7274
9281
14573
6245
6782
7911
4063
13573
13242
14088
428
2360
1393
887
16814
9474
8772
11294
10709
4445
16829
7508
16067
9056
9590
6550
12358
3455
16503
6963
4837
814
16089
15454
3374
5419
6037
15792
8372
16168
10630
1855
2552
16199
1442
2669
7159
291
3017
10322
9813
14660
204
7797
11188
10924
2121
10592
5740
7735
15314
3444
69
782
3481
540
6869
2646
2114
15143
2768
3023
7980
16813
3518
8519
7127
15632
6216
8085
9857
5408
14708
15873
8486
16269
12155
1060
14985
4211
1717
15512
9320
12817
13369
10649
2261
105
13850
7454
3972
5310
5396
8987
15453
263
6252
7924
12611
10658
4803
15260
6371
10919
492
6574
11556
15748
8202
3728
9362
5867
11656
16819
5492
3471
16853
11744
16298
6240
17007
10899
15733
10780
9067
10198
856
14558
11134
11126
14305
5859
16116
6821
5986
16465
358
12957
16275
3384
7905
11517
12834
16443
520
12782
12215
13407
9084
12372
10973
5414
2525
16681
11156
6469
6257
7285
9366
10156
6394
15018
6861
1580
10553
11
6686
6152
16572
12004
14479
4685
705
11042
562
15504
168
9309
573
563
15577
11965
14978
15394
2720
7296
1129
5817
68
7665
524
16489
15347
5990
8235
6823
6547
1353
6774
218
997
5089
539
6495
16367
10753
1344
16913
6262
10288
5834
8084
10252
4561
15229
17015
4901
12198
11723
2165
9542
10717
7289
14306
2584
10059
14080
8099
14190
2357
9728
15755
6271
1893
12362
696
3134
587
3868
13308
12132
6059
11272
9773
16761
9316
12816
7804
13921
534
16574
10946
9974
7685
13875
3239
12860
11037
17012
16198
16999
7808
11304
374
13952
16567
13049
12848
8705
2183
6349
10529
15247
14484
14269
15889
3113
15936
6692
13078
9154
9643
3657
8495
174
3280
9764
7977
5763
10033
5649
13549
1863
7141
10908
15631
1655
5246
15750
5373
3224
14669
2524
14009
14862
13325
677
11931
12057
5318
11041
10874
14984
15808
439
7941
15726
2955
12394
10447
13373
1984
11164
9027
7575
1963
494
10151
6802
15198
5520
2822
4518
12701
10276
7792
14618
11450
13883
7352
2322
10038
2180
659
16096
5579
3648
4455
15069
1850
15739
12588
5566
11229
8524
15554
5397
8522
95
2425
1947
16978
5164
13568
11539
12392
15159
1909
4937
6830
5349
15342
9343
11618
13917
9212
15290
13572
8001
12286
10912
11379
12605
10806
3540
12601
15503
16327
15294
8322
7997
94
509
1274
15269
2138
11663
10404
12974
11640
16607
8356
7825
7729
2196
5482
12751
13620
331
14372
11321
2220
6297
3379
765
7936
9142
7225
9943
14327
1601
1258
12401
8165
9310
15089
7819
5407
1825
13415
8963
6575
2505
11189
9994
5103
6460
65
272
16916
14186
4441
6601
15519
4438
14198
2592
10330
254
6554
13032
13760
13723
1405
3591
15925
15895
15822
15513
11079
15345
11333
15622
5787
4050
12883
2823
10520
7725
15231
8822
16514
7743
4922
5661
16751
5420
10186
12626
10333
11606
11048
10373
7914
412
7403
16491
9158
9021
12228
12719
16466
1471
1738
3429
6969
7679
12160
1822
4274
3878
6386
13286
6578
4595
4262
10292
11925
13075
4906
4285
8273
9346
5328
12354
13955
9335
2594
13618
971
1403
5996
9347
546
12162
4591
6329
4649
16778
13873
11706
13456
2511
2014
16617
4777
15557
6705
1093
10092
7636
10614
14448
7824
2424
7618
10406
477
3120
12231
144
11445
15735
3208
2230
14816
10004
8634
16695
16904
7165
6641
9459
7019
12386
11288
14
7754
16195
1496
3697
11800
13761
14790
1982
11010
854
11231
1994
7276
1874
1069
1128
3117
6210
13284
275
4412
5753
2544
672
11479
7603
7566
7474
6396
8387
4790
10016
8722
12447
13260
10632
11225
6340
8797
5935
7306
12062
8043
7898
11132
2337
11043
6553
3335
3731
13950
16661
10585
3038
8655
16779
5632
276
9311
4815
2237
6366
12503
5212
9268
4237
2765
3010
15396
7845
9249
2240
10847
5970
12144
914
14650
12906
12203
10165
5901
4796
1041
8668
16608
4642
16895
3000
12739
15871
10593
13366
2149
8834
13643
7054
7775
1200
15139
1327
8638
7316
12890
3191
4923
9637
11797
1803
15924
11664
3976
10639
7344
6159
4066
66
14257
8272
16625
1374
8829
10393
10627
2749
2967
16841
12962
15416
5378
3947
