12036
13361
6774
14423
9062
14267
6797
14786
5016
3969
12803
4427
9569
15349
2851
15464
7570
8575
2747
504
3810
4824
7047
14855
1423
15757
8247
10996
11532
3171
9946
13388
10509
12634
16527
9117
13338
13803
11529
3301
10658
12114
1804
15750
3439
6615
11906
217
7490
5206
4210
4068
14066
4864
5313
13667
11115
16977
7954
12340
9596
14875
14646
15821
15810
9301
12009
3679
1601
14735
11738
16958
10713
6154
4888
14717
4751
4520
14598
13010
12575
922
14552
3155
14935
578
14259
5467
6576
7771
15155
10547
2191
10879
4586
5573
5640
10599
3627
5632
2183
12764
6183
9371
3988
2644
882
13030
3065
10461
15884
2110
6298
7270
4031
7422
10918
7515
6827
4087
12311
12711
22
2926
12133
13163
12047
629
14473
13706
7292
2709
9137
2281
3509
15560
1572
14698
8760
12971
2499
2456
933
1805
15594
6021
11579
16271
10877
11900
14809
955
3137
1708
10650
15858
12431
3033
4719
10175
1274
16242
8891
7095
3894
2690
116
9246
10383
4107
16575
15871
1203
5666
11425
16462
15205
6393
6566
9029
1761
9242
3916
5595
1289
5558
8195
12137
16686
14162
5392
12499
12132
7672
14700
8982
6661
4684
589
3157
9082
8504
634
16705
7353
16107
5201
11496
10998
2829
12416
4978
14550
1097
2486
5620
4573
16791
8317
13336
5901
15853
14677
8442
7283
3258
7619
6245
2418
13597
754
6863
3587
8816
3396
7626
5688
7385
16798
9571
13568
10022
5285
11181
3548
9939
8488
12692
4100
4683
11107
3242
8692
15072
4449
15583
15958
3608
2636
8695
3556
7224
8278
16299
7766
9874
3836
4473
7687
11127
10486
13690
13947
2063
8919
1870
450
6790
11598
11075
11652
1881
9826
327
12805
954
8769
9905
15656
11758
5432
4836
5274
3388
12040
11442
16630
5184
1448
11953
1553
13596
7245
13518
4403
11849
10489
4797
16200
5920
4478
4848
10036
1380
7776
8414
12323
14962
9807
1975
6638
16865
4988
11457
4131
3005
276
518
1272
10153
11544
2965
13998
16466
15131
14603
3757
12327
4967
1843
13632
6800
12635
3655
8382
2519
11446
346
5314
8277
11350
1951
6660
13390
15894
12193
13720
14510
6603
13813
9314
9927
7416
7524
10344
2860
1331
12271
8123
4378
13277
13700
13695
15518
9450
7302
7383
12727
1328
639
11254
5830
499
3968
9248
8862
9288
16762
4237
7792
15315
11603
6595
8226
5898
10016
13487
10329
8404
15868
6022
3768
5340
10304
13186
14819
15449
7167
15336
195
15967
4267
12752
12854
6215
4058
3877
7131
5228
13508
6242
10077
7232
6587
4365
13042
6829
5067
16315
10689
1660
7915
11663
15924
16451
2882
8939
13330
5063
10428
1657
995
9984
8241
4565
1915
7280
220
14683
12516
16407
6269
7330
9216
6657
13031
9548
4310
15408
1917
16534
7114
11774
1705
14926
978
13170
1921
8219
13689
16647
8615
2934
2536
9486
16641
15281
15099
8476
6989
8536
4018
285
11965
1441
11301
5931
1639
13097
14976
7152
13005
13488
10800
7206
10759
6009
16450
5321
16145
4656
9068
14577
7056
1958
13595
12621
2820
3337
12028
7137
13166
13869
10429
2206
2335
9223
12488
6171
189
10633
13402
9912
16605
2113
13798
2259
15701
10030
10205
7502
3742
5273
12319
14900
15772
10722
10249
13968
5410
188
1946
8388
12825
6712
10173
4567
6659
2042
11593
9382
15086
10251
11197
2941
13395
7107
7848
1676
16947
8057
11629
12748
9566
12308
16280
8659
10931
15996
1010
6711
9654
15522
10131
6822
13351
14989
1596
15554
3107
5319
9551
2927
6175
9504
1475
11545
245
13816
7008
6869
1316
16262
11692
10822
8537
11210
4135
8420
14422
14353
10048
3835
16826
9756
10406
9648
10847
14089
16070
14579
14527
11316
867
13823
2953
7263
10995
16150
7845
9354
2786
12375
2721
12877
5932
4679
11580
11417
16671
8157
5804
7248
14065
7264
7878
340
1050
1324
648
12428
11597
2464
3690
5748
4547
13538
8154
2035
16484
3077
3143
5799
17017
16966
14475
10301
8180
7916
11647
4948
12666
1234
13393
2119
15020
662
3250
16854
6729
9328
7121
16982
2797
11485
2554
15574
7760
4794
16582
4745
6925
723
1124
15249
3364
12000
1732
1078
6106
14196
1724
8468
9940
14571
6999
14195
4799
13591
7414
1150
6141
632
13081
16144
7328
13727
5519
13034
5301
5417
5877
2192
2420
3131
8650
14939
2850
4830
9251
747
10815
11465
133
4837
7143
6033
9433
9541
9816
12985
16490
4355
11587
11993
7979
15286
138
3305
9145
16476
7879
12490
10651
7377
344
8974
14105
4516
3554
8040
14670
13102
12695
10966
8896
6121
1313
6109
6
4789
291
14856
10832
10101
8204
13827
7556
10507
10646
16622
1710
7204
8675
11082
5143
16684
8134
424
11731
13969
16338
14023
9348
4816
9523
4159
10925
6511
16398
8431
9789
12192
15277
8289
11000
4258
4911
192
4840
9160
13416
1336
5592
4336
12696
1600
16252
9262
6810
2949
13280
12045
9892
11936
1158
7154
2768
4030
8230
7634
5223
13154
7715
11130
6621
2598
8029
12434
16095
5780
5903
10147
3261
4215
16308
3406
1081
7286
15687
11493
6706
8594
13399
10858
781
12284
15923
6719
7470
14244
4228
6204
5536
14116
8748
15188
6601
11164
11430
16862
4693
14270
5050
10623
1694
11851
14768
6000
4819
7635
13675
11727
10128
602
16800
15984
1739
8591
14154
12508
16852
11611
6078
11730
10964
14169
15033
3919
6288
13083
15439
4871
11735
11125
7702
1364
14914
146
264
11365
2951
9610
2004
2085
14
12519
10979
10860
11150
3419
14978
15641
7284
7005
13818
3663
5267
719
1248
7732
7402
6492
7082
12313
11720
11489
8091
7373
13630
964
797
14663
8156
3735
9373
13220
14845
10499
975
9821
15486
16752
12376
10472
9776
19
7612
6002
11660
14373
4092
9397
15035
9466
10282
7658
10960
4436
9425
1018
8782
9614
13352
12234
1444
2255
1948
15341
5641
12793
2970
16235
1686
12588
5312
11233
3520
9094
3909
10116
393
14001
3202
3070
1208
13622
16494
13759
1032
13864
6886
4456
1790
14274
125
14595
14272
12015
1156
5144
3813
11315
2423
1036
13331
15463
9186
2226
10831
11571
14234
7632
13975
1145
7994
5785
8733
8842
4211
7523
12312
3949
3408
11053
1006
15178
792
12143
7587
14966
551
5578
11844
8538
9346
9384
9815
10660
15200
9019
14444
15245
15063
803
1185
1263
5428
12201
9150
4730
9255
972
3902
6328
740
10630
8681
9686
13474
43
8906
2685
2609
5628
997
1887
13904
7446
11739
12373
14626
10299
5396
1919
4413
8059
16232
4856
9299
14757
11566
4896
16292
12438
8290
12361
8384
8140
15028
8044
4003
8640
5207
15450
5383
10280
1482
12690
5708
16356
10283
13119
4023
5800
5968
7545
4196
539
13950
1148
2754
15006
7477
5638
2205
12786
10649
16413
16449
2936
16618
5418
707
11443
7457
11373
10681
9988
14654
14426
281
14956
7400
6820
10949
7802
4472
1070
13418
7466
10559
2979
15441
5327
4537
219
2451
15376
16369
1994
5509
9556
14035
4617
8581
13610
2491
3724
12564
3987
5657
2453
459
11363
3660
4917
15639
8010
1149
5369
10950
16103
89
8183
13503
5023
1508
14498
1579
10837
8824
8895
4908
7351
1899
14236
9673
9883
5242
13832
13549
16836
9730
9644
3027
9741
7141
7873
15061
10957
9002
3237
14508
3063
6359
5551
6046
113
7610
7989
4721
10761
13990
11292
514
13360
7593
3889
9835
13942
3165
13325
14644
9626
6724
1405
11677
12600
16595
12841
6722
1116
3996
8418
9169
1198
3166
10922
13011
6289
14215
13884
14923
9092
15001
13993
4156
1151
9518
3036
9907
13506
3110
7145
12457
16472
12816
9195
9209
16581
7829
2181
5264
11698
13017
13074
12733
15890
4067
11871
5866
4015
15024
10021
16305
296
9001
7585
14780
10125
13213
1776
13694
7685
4038
6020
3834
1269
7928
6239
1333
11842
11330
9337
802
1200
2285
3358
850
2433
5387
2027
9496
5057
11259
1411
13019
4477
4476
14437
8623
6103
7963
1239
13562
14860
10887
6833
2947
6001
4226
9746
3634
16670
11396
497
4395
1999
5987
13124
6073
1394
9318
6116
15678
9714
14505
2780
4708
9124
2163
16814
7415
7806
5430
787
13412
1634
7859
10952
3113
7109
7723
1826
11205
14276
5310
1480
2553
5618
12689
3636
9630
14070
14431
10445
2945
16059
5934
1217
295
6848
16531
8121
8887
4323
4801
7887
14176
17008
73
5133
9084
13
5222
10221
2577
420
9470
15102
3560
16878
10053
3114
10731
6465
11670
15075
15274
11750
448
4442
13176
14388
6453
13850
1616
10287
5807
4969
1892
10211
15716
7032
4867
5024
2130
5897
15470
4648
4319
10723
6557
10835
872
14200
9065
15224
1593
2011
13405
1469
4397
16996
437
13963
5763
16403
5326
1821
4446
6349
3347
9627
10585
12486
6503
4912
15005
7243
6161
6611
9446
1102
14847
10151
1909
1041
11995
6710
97
13841
1971
14803
6924
3897
11428
16053
4090
10351
16108
1690
15563
12310
11561
2157
2875
6474
16480
6177
6561
9828
4470
4369
15857
1463
1481
2542
1570
11715
3956
9112
3885
1296
16065
9891
4482
7202
1907
14749
7972
1637
12118
1575
948
2533
317
16167
14275
1437
8812
1598
12580
8902
5425
15233
8081
13313
4006
4576
8522
3194
5963
1725
1349
9304
8818
16
15351
5119
15232
3130
2656
7368
10907
4106
5106
12994
5564
3162
2777
4657
7720
12843
4625
2563
8882
5086
2566
9395
11298
16665
895
6654
16519
13476
2891
2426
1088
6483
190
798
10323
13865
3429
11996
8177
11498
2873
912
953
10656
5263
16743
10112
8834
12232
15451
5806
9458
3129
7927
6210
582
16456
7004
10233
12452
7016
9212
8937
16672
6620
16169
13316
6850
6998
4781
2596
13513
7186
4506
15302
7071
9003
1830
3292
9877
10600
1865
15542
1120
5156
10632
12331
5948
5266
11602
7891
6308
3778
12456
7874
9942
4990
15342
2732
2135
8074
2623
11135
4129
9858
14147
2213
8415
7655
3121
16779
13481
5221
11648
4122
432
2858
16173
3847
16771
12344
13347
15954
5819
11178
7690
6455
15388
1673
12948
688
6409
8580
10060
15949
10861
806
15939
16887
1191
11390
4535
11195
2651
1434
7492
12840
4899
11977
7836
728
659
11537
3668
6726
2479
16454
3122
12850
5087
7600
15174
16270
12102
14309
6199
16227
5047
11054
109
2781
4843
6041
16140
11266
8147
254
1247
911
5697
9275
2391
15318
12101
474
6058
5596
14888
3411
8669
13867
7115
11553
9127
8248
9802
14345
1273
6107
2148
13640
5817
4964
14447
11479
13301
7730
10044
2667
6825
11221
9147
10074
1635
4914
9415
842
10678
16327
11988
4652
1383
10426
5745
1352
10059
4254
8440
5973
971
6051
3084
10845
13846
9054
8702
3760
5415
1888
293
508
4590
3330
1717
9535
14665
2978
16536
14130
11235
11704
14112
1833
10971
8107
9081
10785
1484
16569
10081
1262
4928
9604
7241
5060
16039
2129
13702
13472
3563
15239
9656
3572
3773
1092
2235
13914
13379
13599
673
6274
5717
14684
13273
1696
9165
12055
800
72
491
8984
13778
8407
13808
5275
4332
15374
8708
6362
8350
9028
8000
1321
10721
6352
13232
2991
11429
11347
416
6530
7807
6677
1271
16584
10360
14543
13290
6627
812
15744
7543
1945
1855
3779
14329
645
7977
10366
5370
4096
10937
135
2767
5465
31
2068
883
11784
4142
755
7357
4904
13567
16899
14812
4835
16420
1812
14863
1872
16439
2946
2922
10535
273
10755
14805
11780
9898
13616
7336
2467
1798
2810
3296
16099
9445
10204
15559
13890
11734
15802
9187
12078
12383
14522
13490
4051
11826
7382
4315
12425
4139
1020
9076
16882
15166
14026
16552
15113
11710
10987
4915
15238
12149
13611
3785
9860
2576
12296
6655
14702
5033
9876
14605
3622
11400
14632
3
9560
1117
5805
13241
14502
7304
11695
11701
10812
4631
6940
16824
13272
5856
10859
8073
14198
407
2093
9645
946
8817
12722
2123
14122
12093
6494
15831
13226
277
12011
1045
7537
12209
12347
11418
3496
772
6476
15132
10345
13514
10938
1928
3971
4166
13897
3163
6509
10373
16682
5182
4445
909
5336
10523
12061
7379
2107
4882
2703
191
8955
11467
8490
8797
16148
7085
6463
14006
527
2140
13419
7177
16463
16810
1898
11270
2870
9536
11987
7026
7734
12968
4240
15523
10178
15786
11983
12945
4415
951
16981
716
16149
13537
6808
23
6870
3562
251
13447
15421
2202
8897
3209
8617
1514
3243
8898
8310
14638
11142
9199
11163
1361
829
12318
3521
16542
8550
5407
16953
6704
11165
185
12730
5177
11712
6150
14913
11798
11171
11212
15788
7929
15643
9012
7991
1982
680
5886
7338
14412
4526
8786
1727
2147
13855
8682
7057
12754
13094
8025
4121
15505
12863
16063
4304
8322
6053
3101
14258
2940
6477
6383
12086
6261
4662
16231
12579
2196
13802
13001
10395
92
10387
8434
15007
10672
9587
10278
2188
11621
8067
4244
5849
12326
10627
435
1569
7945
5094
7287
9982
14697
15934
15674
16239
4014
134
3001
14493
10799
11510
3236
13161
1499
11154
12471
3699
6929
14128
2879
853
8839
2250
13967
16637
8660
13143
9432
99
8998
1456
15394
15783
3087
7550
15411
1922
13614
16130
14946
5520
11388
6805
6498
3418
14436
4265
910
16756
12548
4120
16751
8603
12763
813
3738
83
2898
9975
8513
5215
14924
5471
7175
13577
15146
10744
4221
13217
10644
3281
5895
4738
2198
4053
12467
7897
1489
10690
96
16720
8190
2012
14478
14876
14359
16409
14652
274
2173
12665
16558
14762
526
28
11777
8853
1890
10645
7110
1073
8034
13024
9478
8877
3307
300
16786
5070
6904
331
10046
9711
12806
4968
5792
8459
7370
7521
15292
15335
13409
6038
604
15592
12653
408
15056
3343
10513
10533
3186
16504
11569
16700
354
11387
9323
7221
16121
7794
5951
4717
12907
15081
4158
4874
13885
9579
1988
8922
3179
10872
5403
10232
12406
9203
12933
9122
13872
7949
13037
14157
3645
14837
6346
6685
9545
8498
6932
10434
10738
13269
15543
1249
7070
2801
16007
4602
3766
8713
13295
12322
7120
10331
6947
7725
15306
8256
10850
2267
4680
8639
4651
3890
13401
6309
15025
9549
2502
14796
6816
3923
5382
3420
1640
10810
15950
16355
2722
11554
11641
15387
5089
10654
12544
7017
5041
5013
15720
2652
12338
10401
15601
11770
6211
2102
14061
2346
10892
12477
11916
4727
15881
4111
1093
6090
12801
7505
12828
14346
6338
15066
1490
7062
9952
5004
14135
9342
9925
12599
13770
4130
10901
2691
14391
9962
14739
1972
3966
16890
7855
7758
12478
12082
6194
8294
14535
13991
3232
8250
6959
7757
231
15983
14470
3995
9102
12377
371
998
10247
13293
14686
8961
13582
13699
10541
12590
11511
5377
3323
10224
15527
6122
7271
12586
13210
8642
7511
11306
13752
3534
4393
13320
3283
10732
1184
9414
8087
6928
16493
10377
11069
11040
9609
15044
9452
4049
1995
9594
9580
4055
2701
6569
9351
16473
13038
8335
1229
12129
9129
16819
13553
6189
8731
2449
12655
956
14086
14802
9060
3629
5307
14113
14712
9889
11714
7706
5624
16963
15145
4704
10396
9856
9256
16011
6381
16220
2885
1285
3428
12627
10934
12792
6329
9449
3656
2999
7934
1702
8480
12674
4080
2730
2421
12839
7396
6745
16293
1281
10730
9847
12889
10905
16732
3925
15477
4703
2053
8931
621
8171
17020
11096
16745
1084
6423
13701
4529
2266
14120
8227
5344
12542
13008
12814
7670
3615
5891
454
12778
3249
5933
2904
15699
433
13496
1900
11861
762
11372
14280
2064
10725
4972
14000
56
10014
3302
16302
7547
16263
15321
10702
4534
9266
3390
16246
13883
480
8426
11850
1123
12238
12479
9100
14906
9615
1238
666
1750
15684
3494
9111
4627
16170
14265
2655
14242
1293
9540
10551
4556
8111
1413
401
10878
12959
11573
13173
10431
12390
15499
194
15447
5416
2716
12960
5693
2141
4462
8213
8267
8928
15948
4611
11209
4814
14343
8325
6327
5711
1782
13358
3203
7514
5009
2708
8356
7726
13981
12289
1421
2112
9704
6738
9762
5299
7191
11062
2316
12798
11023
13058
16330
7236
1611
16496
12731
15435
729
11423
16943
12071
12812
15106
11845
5587
753
13936
12113
13758
10095
14827
16904
10483
4855
6641
9105
6285
11592
10032
16427
11627
14082
16347
6219
13805
9880
14959
15803
1706
9973
7035
3230
5894
10746
14429
13880
5912
16710
5685
9492
16400
5629
10932
14825
597
9418
223
13751
2726
6231
8833
2813
6317
16111
6072
16948
606
158
5784
4533
9800
11111
8632
5719
6357
11781
11007
11482
4661
11617
1253
1077
8394
4883
7299
12427
12442
5002
13381
15275
4245
1334
8466
13027
3153
14868
11020
9657
6388
7067
11392
9056
731
10781
3172
2005
16731
16286
14681
2500
2571
5056
16157
14079
6751
5012
4494
2575
6766
7583
10956
15307
7707
14075
3148
10707
15928
5591
5545
4164
2187
2095
2932
2617
6326
4383
8409
9990
4764
129
8726
16929
11568
2079
4756
3671
15976
5348
13530
7296
11009
6514
3264
5489
14763
12977
5162
4897
6460
3989
12609
7675
8512
2237
3780
11097
6783
9107
213
7575
9787
13239
2010
14766
8181
3211
12482
2482
4492
15493
2179
10031
11285
3372
5164
12012
13931
14639
4419
1497
7769
16106
8099
2748
257
16545
10113
12236
4185
12761
11364
14641
13461
793
13093
8616
560
8606
1369
10880
4726
9140
7921
3516
9956
7623
12283
13790
4992
13554
15410
7841
8263
4598
7404
9621
6411
2967
1837
11835
14178
16128
11271
15297
1186
71
6028
12058
6568
4522
5413
2286
13236
15915
2925
8996
10495
15862
13133
14083
2560
4429
1808
67
13178
228
2078
10218
12873
8689
14541
15980
4607
363
13426
11838
6693
5905
8058
13866
4314
292
13824
9977
15472
2620
12443
1056
5858
12596
3484
9394
13003
9437
1110
2632
336
10680
14114
7316
15147
7999
10811
4099
10119
996
2646
11779
14103
6993
11687
7591
5165
15187
2724
11666
11108
2359
936
14365
7268
14657
9271
1779
5922
1114
5561
15892
2878
16155
15652
5873
16396
16064
9902
9247
3697
16793
2295
7179
6887
14925
5613
11413
2760
15807
1414
3653
837
10448
3733
1852
2406
7144
9362
7099
11241
13259
11893
13665
2058
8412
12074
6491
13634
6217
7745
15270
7987
12569
1755
5190
3691
11812
9634
7337
4809
10270
1697
4895
6305
5770
9422
10152
5825
11599
4343
15758
14355
4072
11380
13345
9603
15697
11659
14542
8506
6548
8145
14043
6861
16373
12235
12123
7075
14840
5982
11816
5148
6434
11273
13957
7718
5185
607
656
7459
11549
6769
13219
4061
12670
13413
5352
11475
4770
7215
7748
14019
12189
6953
8274
12551
7183
14040
10537
624
15167
14716
16807
14714
9207
16726
8600
6146
5729
7842
13997
4720
14867
16957
2364
12305
196
12951
1171
5991
2615
12802
15366
1528
6732
13112
7173
11308
3018
11686
5230
13116
6590
11793
6118
16978
1051
5492
3841
372
2895
8092
12901
2441
14462
16717
14213
5062
15961
5923
8013
12020
14206
3050
8006
11971
237
8573
16913
7918
10916
16769
12654
10829
1850
6238
888
12076
12380
7308
6795
8003
14765
836
1504
15585
9613
6775
16241
14710
6026
15811
10254
8039
16000
15476
11697
3652
3798
8489
1877
8378
1557
900
8953
3441
10108
3621
17011
877
9125
7708
9713
10186
919
4933
105
524
7180
1165
12667
3555
14440
1174
6670
11783
12341
11231
5977
9764
3064
2593
3284
10393
4082
16290
12458
6927
270
10882
16244
4242
11635
2670
7394
4132
15403
3664
8162
16009
8149
9302
14033
12128
5978
2282
12370
8819
7063
9530
9618
15289
15847
4920
12791
9513
2807
8524
15966
15300
5594
15256
5754
14211
11992
16543
10809
12725
9321
5919
11680
737
9108
6115
16651
15937
6266
4032
7036
5958
8619
6960
6553
6027
5984
6321
5782
5855
267
6831
12050
15534
2977
1876
6842
9152
8119
869
11944
4321
5122
13305
1303
5269
5373
5568
7953
11234
14241
6958
827
7433
16161
4351
4643
9597
651
10117
10490
2125
4841
12412
12274
4357
1435
7605
13164
4195
16871
10025
8503
15553
12750
2345
13115
12444
17003
8298
16919
7924
5580
4308
2026
16715
93
12501
2498
4711
3767
15870
4566
16371
3004
2229
15845
2896
9355
566
14513
9214
12016
4538
15168
5733
4424
14628
6086
11072
6126
6522
10457
225
7293
7303
11456
13095
11892
15211
16113
6538
10378
13511
9552
1728
16118
4363
60
15566
15711
9063
13242
15756
3091
5466
15438
12303
13874
13976
16925
13768
3927
8561
197
8194
14150
12103
5926
13986
12439
1162
3383
15618
3531
16520
7475
15339
4739
13929
918
15910
1584
11495
959
6525
4043
5248
14661
9037
11029
7787
12897
3120
8867
10449
14741
5744
3393
13726
6593
5636
9208
4821
16312
3899
15443
13016
5852
4791
12970
9794
15991
4805
3856
4175
7462
6614
1980
14397
15097
2839
663
11459
14911
4380
5611
11232
15952
11560
15215
3672
16831
2122
9159
182
8179
26
10531
12804
6623
4834
1551
5997
10139
11335
5145
5767
2417
10284
13900
14512
9126
15492
4193
79
4748
5581
8703
15633
2613
10520
13151
2069
691
12151
3466
5044
8184
16603
6508
10962
7305
9563
4496
5408
13248
5439
1722
12765
715
5828
1496
4414
12119
9577
14310
13588
8793
1422
14882
11656
12708
11203
11109
8899
756
11799
5795
13071
1609
2866
11120
16424
13035
11133
443
2097
16524
11742
1348
11287
2245
9809
5022
3974
1914
11483
14530
232
16728
11015
8410
7256
9681
2635
4700
8656
7393
8319
12648
2562
342
10312
12362
2585
314
5869
10309
15573
5577
5647
10470
12125
15834
9790
8747
6310
174
13915
9030
7289
11825
16014
7420
15841
8878
16444
6372
7948
4149
3837
13341
7883
15248
16721
12489
12587
6838
9326
5205
12175
12155
15402
12769
15780
5486
9779
11707
12415
11201
10615
10260
11415
11814
7582
6674
10857
7282
14589
7278
12762
7390
4060
8366
12208
12378
3948
9434
2573
611
1090
7558
3387
11302
2972
15798
11889
4439
16746
11556
14187
5434
6197
3317
3433
8718
458
14682
8260
6224
5236
13703
9341
896
5662
4225
4879
8879
11002
13137
4177
2788
7398
12574
1426
11702
16176
2321
10176
7216
6083
16137
16777
3254
10659
1476
2869
13211
14357
9829
12260
8743
3278
12911
5694
15392
16645
1691
2280
11073
4554
7444
10669
5390
2678
3427
7679
549
14091
2403
12920
6599
10170
14059
568
15551
12250
15042
2494
15225
949
9922
4447
914
6739
6852
3098
5774
1265
8980
6014
6567
10741
6945
7551
14205
4103
5293
7840
6473
9753
14311
14049
8273
1318
3008
15782
15555
13179
7210
14728
8186
122
13415
925
4430
10408
1848
5605
15206
8477
6547
8105
12978
8979
3606
15691
400
13504
15052
1322
13653
9128
5064
835
6088
14733
15812
4808
8136
16040
12430
8108
3147
9336
3491
5809
15977
1086
3965
4638
9633
7768
12605
11146
3006
1001
13903
14125
4146
14772
696
14096
4326
5051
13106
13571
9931
1573
6872
5049
10919
14633
3984
13257
5659
15770
4624
2824
4563
10954
11514
14588
5360
12167
15531
8592
4569
8994
11218
13045
9380
12397
10208
11124
13810
2769
6672
13251
14495
8821
5811
12867
15173
16196
15669
15074
558
7860
1591
3094
5280
3589
6912
15461
11625
3510
5075
11794
6360
11778
6612
14171
9448
10603
2072
11286
4278
537
7824
16471
15496
17013
6727
4532
12949
7525
14747
6752
11588
5651
9901
2138
11339
5366
15646
11149
3191
7078
11421
11530
9236
11956
6813
8992
4663
5198
62
6490
14051
16867
8096
2994
8460
10107
14676
10733
8015
2465
2320
14405
16750
9391
5649
1264
6682
12156
10111
886
15703
3498
3826
12870
5121
12037
15575
14378
1015
5028
13924
11524
2733
12298
7788
7454
13605
12286
1236
12554
9620
13429
431
10899
10485
4487
16640
12694
13838
345
16812
7397
11026
15850
8707
9469
13673
6972
2325
598
1079
13620
7228
7739
5147
14609
6355
464
15743
1685
4752
1613
6836
1681
11173
2071
5245
78
9087
15867
4109
3467
12080
16345
16126
8331
3287
12746
14337
1777
9232
10639
10772
486
10958
305
704
4619
2610
6252
7867
7244
16386
13153
8680
7981
2272
14190
12089
1644
7884
7471
8272
10787
15755
5803
8292
16851
12827
1388
13739
7800
9240
10769
1897
10573
6401
5502
7673
489
2909
3435
824
970
9259
7238
8072
6152
16526
2128
2746
2394
12735
6505
5937
4305
47
16761
6759
10375
6339
3044
6093
15997
2006
15612
9420
15067
15912
10209
14263
4223
7129
8989
15975
5844
2032
9086
1824
4485
16498
8167
9154
3972
5786
429
3487
198
84
13312
9329
1382
5838
10223
7208
930
2887
12794
5604
9750
2930
3352
10350
9143
8562
15598
2783
13923
2812
108
14592
16143
14487
3938
3138
8353
5078
7847
1714
14534
9194
16987
4285
14575
2131
7694
15117
11022
11444
12539
9854
13485
3380
11508
8238
6156
279
14177
11810
14368
12935
2074
14351
1538
13952
11385
9340
3677
6792
11204
15774
15978
2505
13327
13683
15909
14797
14563
1384
1547
4007
6248
9184
6938
4277
12461
5876
169
6736
13142
16999
6591
11885
4690
5928
10469
4394
11516
8188
6782
3146
10010
15058
16579
6570
15179
3244
16668
10072
9996
1048
3404
10181
1566
13775
15926
12337
2478
12411
16343
1357
6299
763
15528
1142
11027
509
2422
9072
7456
16186
16318
15495
8271
1125
14443
15422
10555
8852
7430
9156
9276
3568
13995
16949
5445
3339
14810
16894
16237
9763
11668
3218
4428
1963
9325
413
15627
13276
16316
10352
16289
15338
1376
14069
14857
15040
2763
16868
15331
5178
10035
6883
6262
12391
5362
7943
3222
2424
14071
750
5670
10322
14895
7104
14441
2405
3357
16703
7639
7214
15235
5108
784
15112
8649
4010
7640
13608
3421
9188
12288
13141
2775
3867
10262
2234
9463
9705
5098
6517
2765
7428
6826
14591
7188
13743
10613
11651
643
2503
2377
1351
6187
15765
13355
86
3864
312
5714
7528
15730
5231
2450
16525
16478
3706
5798
11140
6656
11037
11607
7031
13018
1766
542
3771
1087
10828
7034
1929
8309
8598
4123
13430
10797
8464
12742
7595
11064
14009
9349
12614
13089
16051
9406
14194
15083
16737
256
3953
5454
16870
9881
4709
8054
12743
1259
5101
8904
2314
4675
13635
11898
11604
4815
12896
15791
1276
11300
8894
3717
14691
14312
15413
14454
11179
14188
6602
11803
8641
11986
14314
2539
2626
11960
7474
14119
3853
10748
7260
652
7801
193
1935
10796
1096
2398
16733
4626
830
14189
16908
817
14731
7705
14729
13547
3739
4026
4316
14807
2935
3601
4669
13406
4603
2825
9426
10056
5696
3040
4251
5367
12818
15311
14317
2070
14898
10318
10297
13660
2221
330
2442
1176
1802
5113
5235
8808
761
10324
1942
3225
7598
8737
1648
3443
9950
5216
10230
9954
2343
14202
9257
6164
14738
8337
1674
14500
9510
1550
4172
16110
11989
12379
12585
11696
10409
6287
9524
10380
9438
3228
16168
9383
2743
4493
9204
139
5014
8630
16212
3378
6504
339
15288
5896
5249
4370
9235
5960
11596
14404
14929
7735
7843
17018
16691
11354
7197
14948
8722
8400
9780
7437
12407
3149
241
9471
11199
884
8131
10450
3454
434
16274
4167
6622
3492
15921
10236
1115
8751
513
6246
1306
5400
3180
1749
236
5772
6937
986
1133
6059
2367
12270
8806
10089
2938
8988
13926
984
11724
8481
1707
13197
6900
13377
14168
10552
3164
8768
16080
15231
5698
5357
3932
11650
7677
8530
15073
2014
14790
13891
3150
5779
12127
2664
12942
3311
9959
5111
5356
15426
9533
11030
5508
9099
13253
14852
16546
7740
6588
8455
61
2908
6472
181
9719
11019
3597
15298
7468
11211
8944
10411
5351
16468
12060
1885
11222
5575
14557
4112
15031
2007
14018
7069
16648
7614
14668
4956
2551
15999
4299
1539
5179
12042
8599
8497
3702
15796
14789
8401
608
14727
3019
16256
15659
13006
3299
8056
4667
9398
672
9564
16018
881
6077
1894
13307
11922
12215
14239
8061
6642
2378
13787
1389
12966
10011
1451
8987
10947
15919
8701
2220
9879
13661
12546
12512
10292
1287
2075
10807
15002
10668
1813
1442
11409
112
4174
7039
2902
2204
13626
13592
1709
11371
14622
13266
9969
7091
4294
1981
2924
6955
4729
12862
2136
4943
5791
2530
2736
11805
11841
10370
13639
14892
16336
7002
799
15038
14813
3039
7566
9451
9878
15964
16895
15181
6987
4654
13799
13817
4086
13528
10
12154
9916
3286
1829
7816
2386
10392
4806
6681
14094
16649
8636
3197
2753
2018
16296
10975
4334
13921
15184
289
10000
11941
1891
4054
6516
847
8361
2784
4435
11251
15039
2389
8435
9976
15262
13471
10006
14916
822
5346
12642
15710
6447
8857
1716
16495
15792
152
11304
1682
4297
11158
12632
12191
13692
9987
6024
9843
12811
2124
11824
878
7713
5072
2023
10670
779
12913
12168
9525
11463
132
8376
9602
7652
832
7678
14713
2960
10446
6520
12515
10348
9512
1280
4842
9064
14185
15651
7742
11718
13989
5608
876
11386
10503
13935
6458
7606
11674
11640
13207
1747
2176
16497
14873
2328
3712
4145
3410
301
7604
962
10683
11866
4340
13080
5812
15237
395
748
8791
7102
16414
9315
10825
12661
11060
12514
515
808
16905
13451
7239
12622
16757
12532
3863
15278
10562
4505
5865
5027
2293
11099
15672
8577
8036
12679
5674
14027
15095
14934
10712
15565
9582
14784
2630
10909
2160
3265
1758
14504
364
16992
9529
11884
4653
10188
505
15272
9532
5864
14907
4983
16832
7146
5769
1796
11819
8972
7138
6478
507
11517
7628
15727
9310
5560
7599
14104
16969
4678
705
9570
15763
11008
1990
6343
11238
9338
13613
9440
16425
2098
14204
10539
3649
4795
9289
4479
1869
12837
14381
5882
9819
1449
9590
783
9489
9735
14108
6631
16636
6290
12756
14316
13863
12682
12923
12830
9840
15628
5306
16713
9528
2305
5689
2564
10075
2429
65
4392
15000
4511
7480
5619
283
626
4919
10052
11343
1503
8354
6512
11034
8424
12279
4406
5552
12368
7651
10063
11630
4803
11834
7342
3030
7767
6859
10677
8875
6097
8749
2907
14559
1493
10914
14640
7629
16597
16535
10638
5052
427
3602
8456
15713
10220
9557
778
6496
15989
10898
5633
2996
10290
851
13678
2090
102
2013
16470
2103
16042
4330
6108
10508
13047
6254
4064
8773
4849
4811
14472
2832
1250
3695
2659
3133
14225
10242
4622
11333
4079
12788
13136
7996
9180
9684
12964
3936
3320
14421
999
12064
7219
4151
16550
13056
15204
12882
5706
8969
3072
12029
1047
2133
16985
8303
10891
2145
4377
16876
16697
16664
7182
16680
15290
3946
10750
14969
1817
5302
15194
6733
2402
1284
4615
1387
13502
2642
6454
16616
4371
3550
15722
3309
15838
2521
12495
16614
5702
244
8646
16994
1023
444
3720
4268
6606
1814
2854
2322
15263
14533
2306
1136
14375
9295
7815
1307
10140
11920
2913
654
14448
10438
13041
5316
10565
10591
9567
1806
4946
10009
5727
11773
16515
5479
8823
4431
3273
8740
10532
13652
7193
14838
8934
14402
4239
7090
9484
11954
12170
15839
2806
11129
11172
1908
4570
3060
7838
12027
2297
9498
6008
13346
14290
6637
16513
9739
16701
7003
3247
13144
13333
1916
5132
12180
10308
12295
101
12157
14553
7467
12879
11138
7372
3277
7043
7753
14599
10494
4941
15197
13697
6079
11169
16778
6390
16833
2676
2943
4508
525
9688
10248
358
11787
8160
11032
1510
10371
16260
1195
4942
7895
15654
8684
5196
9467
11245
1004
7178
16840
1704
12350
9944
16561
2254
15825
5667
11275
8362
6353
10106
11729
10710
14600
11401
3618
4320
5150
3327
4488
15098
6743
1446
2799
16517
5941
11357
12842
8509
6138
2437
11800
532
3900
9605
13680
9502
7641
5570
536
1590
11909
12437
3673
5284
16131
16428
3569
6916
17000
3637
14072
5555
5660
7955
9650
14218
6735
15888
1895
5026
8114
13366
13063
9928
16329
5152
1513
13317
8715
14238
10157
6911
8529
816
8637
2867
10667
9588
12636
2195
15676
10867
4773
4134
13457
12230
714
7262
16376
5134
13309
10149
3256
268
544
6457
8392
10114
14080
12401
16181
3887
16979
1857
7731
9660
9966
4386
7020
8584
4152
13565
16360
3731
4094
4293
1617
6168
9943
12741
11281
7367
2445
1119
10849
15059
11219
8903
10502
10511
14511
13650
8169
12345
8781
2290
9926
13681
11624
8907
7431
8602
16102
4236
13111
6184
11600
6944
10512
8541
11789
5243
4301
14055
9069
617
3947
3635
379
12543
2785
14413
2619
16658
9871
10189
14063
14583
4275
4077
9710
4689
13392
3440
14980
9836
8385
4839
7750
7166
3907
5349
7491
12747
3523
6068
15747
9218
11220
4241
4724
7290
14037
8520
5058
1141
2695
8494
14516
16866
8985
7631
10433
176
770
1072
9138
814
14811
3032
11160
4583
1130
1522
9164
11193
12343
9279
2744
11502
6385
16984
13777
9189
15694
3598
11309
4950
11559
885
16279
11672
6233
7717
14039
12021
10342
6056
15229
16891
6257
9938
8094
16679
8784
14467
16031
6581
15584
6564
3276
10167
9225
5835
12212
13858
365
5354
8870
16565
5615
5585
8365
6443
5324
475
15084
15183
10936
863
13842
11095
15016
545
14469
8557
10661
16482
7746
3811
1211
15895
7822
3694
10085
2798
10994
3395
259
13468
7552
11148
5315
7657
12826
10027
12480
3238
16918
5270
13499
13693
6461
14800
12856
11985
10504
8914
7970
8338
6120
4202
5420
13736
15467
13122
12919
8854
13843
7573
8856
6757
14619
16109
16848
14602
15055
10728
142
13246
9643
12316
7482
14964
8977
14095
16694
149
15218
10862
8772
70
4169
16537
15902
168
10888
4464
12755
1439
10356
42
13135
16194
2348
8883
1182
3544
9685
2471
15171
5607
16560
6665
4325
3721
6965
16177
5090
11395
3485
1912
4591
1062
288
6148
5286
9775
13521
5278
7489
8125
4777
2019
15165
2428
3590
10745
13060
13149
14403
12242
11875
15428
15541
11542
15931
12838
3076
5980
2201
3961
7932
2401
575
522
4233
5219
12336
12555
1953
6780
465
7140
6132
9120
5601
2955
12864
3527
16438
7608
98
11016
16041
15276
8589
2845
6997
8500
258
16956
6970
2886
3820
5151
6787
12255
1298
14118
11728
14496
3816
13973
1800
2302
9832
11930
7391
7066
7476
13206
15506
14158
9277
10005
2495
16052
6967
16068
10440
1222
4318
10437
1226
5887
16392
17010
2719
299
7135
8341
8583
13898
11476
13054
3997
8855
2040
6977
10563
7493
12268
8888
16937
14136
920
12385
2557
875
15851
3088
2693
5
14744
16998
6087
5761
11711
3732
11839
4024
8264
2900
4620
7322
686
11584
16124
15784
6084
16405
10330
4140
10614
9287
15891
14696
1459
11295
14268
12107
6762
16540
2578
15688
3367
3710
5868
9198
12952
4354
16553
7341
4459
7774
4366
16773
8572
3577
1693
6668
759
9077
15590
13532
6049
12975
11028
9345
4595
9678
10138
12566
11610
9573
2602
7834
10561
8795
15887
7709
9039
1128
3912
1202
14610
14546
10798
605
4906
4876
12176
16485
35
16796
235
8192
9918
10784
14521
14093
3272
8483
14252
14073
14771
16142
13686
8113
11982
1017
3402
11147
15405
2443
993
15384
94
2363
4515
12511
14282
15962
7541
12572
2906
3125
7410
1071
13625
4746
12857
1533
8185
12104
9761
10215
16097
7701
3962
4549
14163
15220
727
15886
13129
9849
2855
14054
2795
4665
12432
12668
6592
4997
5947
12041
16570
52
3696
15981
1164
13896
9115
13918
9539
9439
13014
3759
10601
13820
7647
12737
16483
2264
10814
10778
3818
1735
14226
4162
15227
15927
16353
7926
4390
8704
8104
9798
11725
16512
6773
15729
8007
2589
7160
2461
14829
6398
353
10682
5988
9441
5447
4800
9589
12446
11772
16301
14301
13275
11477
10908
9142
2057
3793
15907
8559
13769
6123
12831
356
6256
1901
600
11436
10619
14490
6625
6597
15355
11958
4768
6419
7666
6334
11121
2274
1011
2672
15398
6877
14141
11807
10341
14223
2017
2067
11924
12285
13590
11059
10900
14172
5247
7738
9358
5478
16797
8330
14081
14398
10992
8326
12106
8664
10023
2365
13612
15022
15177
11078
3368
4374
3346
10581
3541
1286
8109
1992
6708
14718
13082
12334
5533
2809
957
10978
6062
6450
1930
12776
591
16187
2410
436
5039
5586
4846
5665
12112
13028
2193
5295
9993
15631
6946
915
14642
550
4036
8444
12834
5623
9109
16394
10522
5583
16874
901
1118
4440
1763
1113
11719
894
11166
5790
7074
15369
5020
14092
10618
12253
14996
4126
5675
3300
2395
10692
3111
8865
7986
7435
15625
11379
14304
11546
7975
6085
126
12932
3303
1658
224
5668
12986
10593
15906
11491
10166
8929
21
12046
7671
8868
15733
10008
11381
13830
12399
12937
14100
5753
11004
674
2425
8568
5081
2740
10326
7038
5191
14650
5746
16033
6819
9867
14287
4863
1309
9724
681
16276
15199
14229
16723
732
6650
11085
2080
10515
5949
8142
14703
5884
530
8153
15363
3259
11228
12504
8585
110
2436
10353
8496
13247
76
4650
3777
9544
15160
12422
3829
9642
3398
3647
12256
4260
9919
16888
8958
12204
9593
11114
15195
4465
9949
6978
13348
1193
7941
613
13606
8956
3908
13072
9146
5107
11551
15049
14499
9689
13796
2355
11918
7784
7162
6956
2222
3394
2044
16278
6319
14109
12749
49
13263
5376
10261
9760
13427
4686
9676
4352
12026
15140
3964
8881
861
13977
13925
6915
10295
12597
8028
6212
12314
5193
13284
9733
15377
14300
10789
4707
2687
5032
6180
1266
5116
1399
3937
4601
6982
15988
16503
9572
11461
10884
15946
16818
6518
15012
332
1586
1619
12617
5993
12601
16815
3083
16210
15316
742
923
2279
1561
11051
7
3786
16592
9785
2099
3061
348
4434
9018
14145
9786
2152
13607
11790
3929
13507
15861
4585
6948
10529
1956
16074
10926
10819
11398
4238
16850
11361
13570
13477
9023
12179
7648
15116
9725
1167
2682
1461
15589
14651
4426
4309
3384
1962
16255
857
8710
2243
4246
5512
15400
1889
4217
4659
16010
15530
5879
12105
9751
10040
12463
14919
1359
3603
10404
249
15080
720
16628
3576
3506
10611
3891
5092
15069
177
9365
10760
3903
2330
8069
8101
7126
143
14844
8997
4361
2550
12485
14180
15816
2265
9500
6198
8523
3423
6258
4350
6016
272
16281
14410
4362
16675
14871
10806
10765
4276
9706
4418
10013
15294
7786
5237
8804
15933
5181
3118
4147
3483
9765
11348
13860
913
8100
679
16941
14988
4827
10805
4936
16625
1013
3056
7571
13101
994
12910
13249
11864
5010
2538
13438
2030
11410
9182
11558
8788
7285
721
5703
7048
14129
8163
12687
11673
9453
10051
12646
12562
15330
6468
6619
12353
6847
9507
11745
13108
15090
6921
7447
16724
2177
2050
8405
11196
9559
6485
1926
9000
2369
11535
16722
16930
8915
13452
9190
9745
963
14452
8083
7279
864
7665
2358
2800
8478
16418
5936
13267
947
2372
1224
14325
16341
5046
14170
10834
9822
3580
15855
15478
5384
12502
4666
5699
11462
5943
1957
10150
5576
10250
8279
8324
15164
16125
16499
14246
4973
9280
179
15869
7380
3054
16267
8027
2660
677
10154
11229
15487
13128
16615
7227
15571
1941
15745
14002
7029
6301
6755
4333
11539
13892
535
13679
8229
10226
11513
10621
8012
11681
1534
15992
3103
8375
10496
11984
1653
9598
9213
14816
15157
10961
2199
7272
14842
11955
3465
12570
3857
9307
7906
3825
12223
12507
7741
6174
14769
12062
12145
13916
5255
12447
5261
9914
2645
16313
10410
7486
2379
12420
5872
6061
5268
11620
3235
10804
13158
10240
3905
11394
402
12680
10177
2216
13870
7195
12227
6552
11899
500
916
4466
124
9038
11458
16844
14509
7931
16397
11690
12715
10933
4119
3650
13819
893
3761
9691
8547
6413
5355
9992
8813
3385
7481
13574
16555
4253
11207
4541
13162
14963
12330
13961
14471
1880
9547
3599
2751
12200
8648
15048
16172
16123
9841
246
3983
10982
3881
7956
1545
4596
14052
14418
214
5718
6286
1683
14262
1330
10817
15663
6519
4291
10311
1109
3941
977
1014
13498
5846
1773
3021
7914
11815
9709
929
1618
8553
13558
10336
12671
15266
9827
14497
973
684
11192
12083
7147
8947
2240
4784
323
7762
12781
3334
11653
481
13090
11071
13965
16924
12273
6680
9205
16689
13364
4934
14506
6052
12142
6707
4252
3245
5709
10826
13541
1983
6378
1430
8814
7348
11155
5114
14032
8349
16067
11523
16333
15698
8257
3530
10161
10397
4358
3086
6584
5065
3985
14835
6824
10869
13493
10941
10939
9281
8570
2518
1608
14671
3578
8078
7319
6364
16770
9185
10034
3058
13875
2427
13200
2923
2323
14635
3543
8691
14390
8373
928
4153
8801
7356
4600
15360
5386
16935
6851
9319
12024
9561
5913
4423
4329
7778
10398
6137
9721
3189
50
7170
9888
1775
2244
13212
1827
8120
12063
4697
12182
16188
2284
13466
15918
2983
16447
1979
7805
1511
7079
11527
661
6891
487
9696
7405
10439
690
10122
6110
4417
15308
123
14366
9157
4902
5103
9720
7733
10210
2086
3839
13262
3158
7872
6279
7542
14649
16362
3181
9550
6436
15345
1645
3705
5559
9934
4644
3619
8679
2312
7852
3376
13087
12281
15371
7625
7998
11091
1495
10042
5128
4136
4947
13789
6510
16676
1076
571
841
12130
2384
8343
8618
9430
6536
9366
12269
9175
2976
6609
1049
3437
11186
15437
11716
12576
14737
15854
3017
4705
10970
7105
14556
8518
13971
6270
7044
7181
13495
14133
2698
2528
2510
11688
12633
17014
13114
16859
6015
15761
3488
8118
2871
14723
7572
5924
12527
2020
4071
10091
4725
1338
825
2995
5695
6860
2393
11751
7300
16942
13744
7696
3066
4335
2382
10083
4504
6158
1450
15667
2385
4020
16174
13951
3042
7636
5522
3514
2607
3204
8138
15809
11104
8739
8463
1748
3409
14354
9455
845
11255
10424
7909
9474
16518
12880
5654
1984
6446
9511
14774
6895
3625
9716
355
7966
7857
4594
6892
127
5802
7412
3546
14821
1742
8809
10543
6345
9584
1672
6272
399
12163
11830
12090
11528
12351
4939
7939
10160
148
9261
10368
318
328
10716
6889
9788
13822
15498
8889
156
6129
13542
5338
2473
14424
6821
826
7504
15609
1605
11776
15586
8470
3102
3918
15417
7347
2541
4696
12262
12724
9181
9272
16054
4105
4342
6532
7065
11431
12528
14986
5161
14623
14137
10818
4826
16864
9465
9200
940
5606
12659
3377
12004
3542
15624
14869
3943
1261
689
130
8990
8930
11662
9239
16738
16344
2159
2583
8090
3640
8048
660
7479
3557
7576
4628
5082
6678
4728
15725
2580
7334
5497
15536
7100
14706
8416
8280
15087
5372
8826
687
13852
13999
10684
13848
9910
1911
10576
9294
11448
12706
5859
13146
14752
7791
11959
15724
16410
15296
10493
8567
13815
14432
8393
13440
9167
1783
12056
4763
378
6379
6402
7156
3512
15397
13902
11327
13278
7798
8869
16163
16506
2008
4198
9967
5043
13633
5160
4041
739
2470
13258
5616
6003
11297
4249
14007
11848
6500
12824
6276
12010
4632
11683
16358
5704
4900
8146
1531
8946
11279
4263
3240
10097
5950
1621
7856
6348
8159
7124
4056
13868
10277
7473
11550
16245
2787
15535
9148
10078
14942
1977
6163
13032
3015
8501
9233
5515
4178
6292
3002
1058
16635
7453
11013
10357
13840
14380
7339
7429
6796
12332
6354
5472
9494
1597
3595
13906
9503
16695
1721
8943
14815
12381
2876
3078
8738
12598
15760
5818
13809
9522
6761
9368
1987
7596
5498
11785
8396
8492
12607
706
16304
1564
13619
5862
15176
7703
14088
2304
16509
10927
11224
7682
12300
8604
10855
7158
16022
9153
12069
3502
3875
12172
16719
1317
12122
5163
14778
2344
10896
15683
11329
6594
15386
16165
16501
4539
4349
932
310
9327
5874
11811
7265
1552
9808
11092
8885
5203
2366
13523
8360
13473
4218
9701
7151
1960
16610
2779
15423
13437
13708
3758
15800
13520
10381
15917
8607
12205
15603
11003
11134
17021
11139
4306
3476
16075
7616
4584
14893
15023
1559
111
13069
9263
1809
16016
1327
15071
3707
6898
145
7153
15469
12206
5443
15123
8305
5720
12537
8574
2096
13389
8822
7830
12685
13581
3280
114
6134
11250
13321
5459
4523
5358
768
5760
9754
6080
1386
1279
2916
795
11618
2434
13085
9929
396
13157
15133
9118
16938
844
13130
9360
960
8005
7327
8827
12924
7688
10417
2474
2046
11818
6640
10228
12710
4558
8313
1989
12092
4955
12943
14590
2404
15452
1943
5304
9839
12992
14755
3950
15323
7882
4918
5572
2815
8471
15613
6770
3459
4339
12372
5952
2837
6767
2475
8766
4432
1342
10727
1454
14342
8348
2889
16401
12530
4528
14464
9085
2455
7561
12894
8730
3294
13118
12470
14117
6030
16915
2275
6234
7902
14701
5788
14291
13062
6549
1468
11145
9662
14931
4194
3071
12165
4405
16368
13160
5848
15118
7518
11359
13728
11257
3340
7808
13642
834
3289
10335
7565
11658
8386
16192
1789
38
242
8472
5461
7097
8698
12003
1258
4861
13525
3982
10255
14445
5833
15799
8246
7255
2957
4204
13600
16936
2738
14364
2022
16249
9088
11433
9083
7125
16945
11494
1882
5742
16029
13391
10794
13529
14970
3991
12329
14420
8764
8164
15661
8369
14993
3593
10109
898
1144
1828
16372
1035
13339
1139
3136
3291
16774
8545
12657
7899
13688
10540
12075
16228
13261
3874
13932
4461
7205
9442
4542
3701
15726
13586
6060
13786
324
1764
3416
7881
5341
2087
16441
14883
2545
6746
6069
8168
12496
14861
11744
10735
3140
8297
7042
12099
5463
13350
3220
9075
5015
16846
6934
15696
6325
10550
6667
9493
4187
12987
3539
14551
128
8037
12583
8344
477
3290
6523
4886
7850
5775
10339
140
4281
16112
14111
5320
9399
1180
3642
8116
8912
2468
3472
810
4184
9690
12823
13463
9744
10340
16032
2567
10038
10412
14279
5907
16081
15629
8249
13138
5140
3620
10058
4954
14099
16377
15054
4743
14302
11437
13066
12625
5137
14751
16002
29
1245
8732
11832
16024
7127
4025
3658
5597
15903
5543
10443
13718
8948
9768
13297
16294
3808
2856
15230
10436
2790
6695
982
5424
16873
6701
8222
9485
4232
14891
5482
12996
8370
14824
8377
14491
5229
12757
4685
14334
14107
16638
5778
6992
14853
4359
9930
11307
924
16931
5451
15453
2336
6897
8196
2739
15914
10316
5462
2700
5664
15680
14041
15373
4616
13462
1089
15692
1067
5246
12965
438
3830
12394
552
5680
3097
5525
5821
7790
13704
16049
5527
6135
5488
692
121
7101
163
16669
8505
2771
5214
16429
16422
14634
4463
4660
12328
14488
8200
13319
4518
5554
1360
3678
13548
10202
14927
5794
16729
14655
13954
11519
4676
10602
6942
1379
13359
10719
11879
16593
16306
12222
8759
3791
12582
15060
3499
161
870
12829
11505
4884
3872
13000
5388
14369
5645
8437
6221
15817
8849
13434
16044
8486
7704
14358
14249
5318
16395
6119
6671
10895
1820
11378
13656
2091
1913
16687
13362
10698
16152
7531
3740
13282
4069
14705
15732
16624
8721
10065
87
5635
1419
6779
4898
14370
12526
15605
1515
809
8908
14862
1931
11100
11011
14299
7041
11525
1367
351
12628
14281
4116
3657
3861
3614
3386
15169
1244
5330
8886
16213
8778
10930
9481
5990
15329
871
3662
3703
1108
14785
12290
10706
4347
13458
14013
14284
14297
12859
7033
14947
13580
13645
13467
9884
12807
5100
6585
15591
10548
8321
12183
2741
2262
2375
11310
14042
15337
10641
3784
7586
11151
15823
8938
15595
766
10571
16086
11979
10267
5296
3430
15361
5241
14465
16151
14998
2225
12404
15414
16889
14990
10130
11717
1194
11991
7819
4296
2704
6918
5473
7644
8174
2232
6442
11294
7089
16342
3436
1792
13844
7174
15940
11823
11833
13385
7072
11041
2859
12498
3052
16350
10033
16781
2755
252
13053
10773
5644
15859
8429
9480
16674
3381
6144
9639
5337
11070
9192
2897
15808
5291
16917
1069
9376
10813
2758
15501
10714
4171
15552
16547
16586
10944
9386
13174
12523
11563
16567
12249
12160
10628
2717
14675
907
16004
8588
6914
13644
6336
4065
9797
405
15739
15968
7386
13535
11426
15686
2228
2100
4489
5059
1859
9527
2362
16577
8206
16816
699
12875
12110
13982
414
13188
13879
11406
3366
6669
13126
11792
10057
15093
4949
4002
4682
7982
11506
12510
15558
9757
10524
6679
1052
3746
9404
1064
5549
5342
4734
8320
14046
15455
7544
3105
7165
2657
1959
64
5517
1825
8539
6687
1507
8861
16962
1558
6624
6433
14517
11932
8022
2169
616
9330
14560
15899
6019
386
1968
15529
2327
15219
10871
13167
8587
4034
988
6111
7463
14323
6984
8700
15459
1730
13774
675
14846
8043
4289
13015
13531
6395
6613
8625
7602
11721
570
9558
14977
13497
11360
587
12844
10004
820
15945
1630
6147
14540
14439
11035
2509
7450
644
6785
6709
5715
12972
15723
3592
6055
5061
16023
2665
12938
5888
1532
13033
3782
8890
6213
14722
9978
16634
15814
6031
3451
16250
6025
7483
12892
10569
4935
10388
11925
3911
6760
3310
8665
4444
16549
14555
15706
16285
4731
10514
16562
3716
1786
12979
1841
4641
6448
12522
8239
4452
12660
647
6799
16643
15994
5048
14416
9079
1760
9608
7015
3892
15865
5347
9921
16556
11732
11377
12148
8031
11543
14848
5309
10070
10017
15963
7997
2985
9139
12914
11175
5335
14983
3355
1578
10213
6651
6099
2961
3688
14758
8711
4687
4088
4544
2048
383
585
4787
1964
8566
167
8212
16906
9672
9700
8549
9728
6884
8532
5037
8308
160
6980
10143
4976
5979
12218
6499
15511
16314
453
15019
11935
15332
12158
4868
5158
4852
595
11921
14788
2144
9799
2288
10115
262
2241
1695
14123
2115
12226
5115
11757
3689
10527
12626
343
1851
8071
7424
16443
10384
8151
14400
3156
6507
6894
10674
3753
1101
4825
7411
7649
5995
6558
15538
5964
9812
12321
15922
8307
5983
11079
7108
6604
1428
7765
2531
3858
13800
8139
9488
9211
1390
6560
11176
1122
155
1896
8514
12998
11547
3844
6629
12032
1065
16334
15280
12120
15960
9296
7168
11126
3405
2843
5757
1549
16707
14548
5734
2794
9339
12346
5097
7527
9899
3734
12974
6879
3547
3700
2065
14182
11492
13773
9870
12243
13912
5271
1603
392
9632
15279
12491
6952
8026
1187
2413
4398
6906
8216
7557
7609
16548
13647
7037
14256
15548
15004
7111
534
7222
1135
15091
573
9282
8300
3999
2658
15570
10244
7359
2076
4176
14305
6763
9206
8474
4287
14767
9965
13134
6986
9734
16367
11766
2971
5834
9309
14288
1823
1375
1075
12500
16673
574
6544
3561
601
676
517
2396
2154
5131
6190
16744
3449
1795
4262
15326
16805
15582
4790
15137
483
9999
14367
8662
3823
6636
8555
6540
10902
3335
4575
14582
2034
14833
7207
9683
13705
6905
7737
708
11678
5728
13096
8655
1315
6778
14233
15508
1233
3944
931
14536
6858
12096
2485
6899
14181
9436
6426
13641
9096
3895
5276
4272
10840
11332
4859
11486
3886
6854
13877
2759
14298
1713
4775
5176
11094
7744
2954
7716
10946
16685
7700
16967
7817
8845
15826
10235
2432
12853
5212
15196
8815
2729
6919
12640
15873
14776
4966
117
17023
2257
12239
15151
1025
5524
1255
13371
16115
11244
9035
8102
10015
7890
15440
16005
1626
10736
15490
6828
12868
15448
4530
9429
9284
6050
1385
7281
2460
8243
10320
13442
9034
12199
8775
13666
12048
2776
16760
9805
12876
12976
6318
6206
14941
7622
9814
9114
4360
9865
5999
7618
3979
9040
1526
15129
13256
9970
15034
4468
16366
11010
12413
2880
12676
7526
7226
12984
13828
1849
16961
1246
16224
16739
7448
5890
5204
15844
6018
3257
8936
6430
5630
4945
9777
1751
6664
2361
4926
11637
1554
12568
15088
7235
1199
7209
8211
8367
9838
7686
12462
4993
569
14783
16594
6893
9250
10553
2108
2823
1146
12081
11522
4562
8024
561
6267
13271
15186
16538
3993
8807
8658
1523
3134
12309
13279
7053
16230
6265
9149
15889
8165
15045
5001
10768
12448
9456
1544
10364
6396
12549
4157
4892
4441
6630
12768
10276
6235
10997
10298
5254
6449
7607
12678
4564
14973
16642
533
7211
16629
15320
16660
1940
9998
15600
1483
16088
13237
394
8068
3600
4691
1043
15764
4481
5726
13335
1275
10839
8077
8255
8777
16455
10475
11847
1927
2653
6226
11633
13208
13761
13776
9472
7564
9729
15484
11167
16458
2307
1753
791
15634
1923
14979
4706
16182
6133
519
10067
11632
10782
10924
9013
14740
15247
14371
9981
8811
16688
584
11949
12517
8950
5066
430
6444
11478
1143
4155
4832
13662
2968
5393
12556
14938
8389
14961
11806
12567
7512
12736
6697
5363
11881
9443
3458
4125
2155
917
4844
1780
8423
10697
10452
14823
16198
3370
11855
2043
11888
6559
12135
8266
3321
9163
4165
3924
1540
1606
13132
10090
9292
14427
13984
10929
7781
3781
5658
12912
5129
12301
6563
11036
16772
15932
7080
16460
15852
16027
13962
8085
2749
14425
13353
27
16416
14025
2853
13274
11709
5197
5661
4890
743
15860
16486
10897
852
6692
5381
4609
12459
2150
12613
10685
2546
15064
16020
10780
14949
4514
965
15832
9625
9941
1488
15252
9447
5814
5915
11631
559
13298
13383
12930
2170
11878
14481
16202
8065
3417
11471
6527
1966
9554
8714
1418
12675
16491
8079
12845
2680
11795
11919
8986
14732
8653
3085
16693
13893
2149
12317
3356
1372
11914
1404
14918
3960
8008
1677
4227
6333
12194
10841
9837
15658
9390
16180
5565
2269
2356
7863
11565
1012
9948
1397
14709
7681
482
14455
1759
4979
16706
9824
2757
13500
8150
4820
516
14327
3217
8115
8038
10724
546
3750
8626
13748
2534
14292
7520
7399
6758
13754
13544
7423
4019
3319
789
7297
5810
3362
3184
6703
9071
3315
12402
734
11454
15354
14944
7563
9803
6923
8016
12638
13397
13029
4337
3224
11049
540
9097
1378
7139
7522
15029
8465
11882
1152
16127
16933
15475
1649
5440
11589
425
7449
16087
11376
15768
11748
6867
8957
9737
1221
17006
15753
1866
1840
4490
1541
3392
6957
5847
7329
2544
11905
13617
1470
6696
3187
6421
10967
14076
12354
6249
15340
9459
4878
5836
16572
9781
14411
6105
694
8485
14228
2942
2349
13593
3493
439
3192
201
10418
4754
7253
2111
14994
3047
3177
9670
10963
15367
12594
16019
2634
269
10935
934
3481
7668
10516
12077
9748
908
7562
6247
7719
6502
11609
8364
6663
6812
6142
6768
13663
2762
9372
2745
6700
556
11685
12595
13092
9509
2511
11088
5127
16808
8332
16265
15119
10098
7782
3336
9357
7601
12474
16465
5959
10851
4710
904
14975
2892
8445
12465
13572
15640
6749
11821
10497
4922
12871
5485
5446
3795
7313
4420
10739
8112
13244
6208
15420
16261
9
6363
6521
16381
8063
2950
13715
1104
12905
9161
10596
8433
9460
9796
2552
12246
6649
7862
3170
15216
1098
10206
2045
13121
4559
804
6222
16776
5971
5547
3591
14438
16225
397
14485
2289
15754
2625
14415
11311
9283
495
9795
4286
1846
4671
462
12006
8391
8805
2296
785
7554
1518
3783
1692
5334
16021
1223
11684
10376
15863
4694
16980
7509
9810
7187
5631
14621
15767
7417
8709
2253
2694
15746
6342
4284
9641
1353
1300
3754
16847
16324
9960
11061
4180
11741
5752
10846
13077
11963
4991
12051
7871
12619
16655
16310
103
13231
7203
11749
2223
4923
1741
11466
12197
12152
9601
11994
637
321
8507
16532
3852
15152
5477
1240
16551
11005
10024
12
3073
1021
6367
3692
6397
10863
1425
5186
8794
9661
7010
6043
11612
10478
3723
10488
13648
12162
6543
8383
746
164
4216
9032
8233
9222
7894
9332
2319
2299
6506
11746
7868
1810
4818
1107
11846
14754
7496
16223
16596
16248
9521
7560
13519
16698
10915
6172
2376
16909
11843
12744
4664
2616
892
12962
10640
5170
11282
14160
12070
7229
13192
14062
12796
10458
2774
12146
8836
14102
4307
12202
15078
8608
6756
13403
12719
14991
1131
12299
227
10572
12022
7277
9106
14144
12214
11284
695
7389
2158
2865
5308
306
7568
13953
17004
5323
334
7611
12669
3012
8525
4097
1031
658
12898
14466
4345
4004
5787
4000
3684
10830
11895
8275
13086
2082
12039
1815
10086
7275
1358
15482
15822
9986
10881
12893
4986
14746
2060
13713
6771
1607
13199
7465
2992
8301
9825
2015
3992
10087
4577
428
8023
15714
10802
11555
325
2975
2273
39
5967
7885
1178
4499
15990
8792
5579
1427
16096
635
59
11822
7093
16820
10622
447
7040
3975
11978
12928
3973
4313
9606
2156
12673
3639
8347
275
16391
12707
6600
170
16060
1406
8020
1374
12108
8741
2438
10583
7432
8960
10590
11044
15547
5582
576
13448
11288
3879
8666
7783
15577
15148
3038
2638
12369
6437
172
8032
9461
14067
13100
2958
12770
4614
12395
6462
12001
11407
10390
6300
1961
11084
15951
7752
13829
9396
6273
9268
15462
7130
2910
10920
14087
5961
8182
10510
12751
2
9352
4531
1836
9424
1487
11340
5652
5801
8688
10471
15622
15849
13684
14430
7613
4788
12704
13750
6578
7809
5427
37
6045
3806
8964
2430
10868
5213
5389
6939
1094
13978
2481
14261
5096
14950
10767
9933
3079
12497
9191
13367
13670
5490
9600
4901
15682
15885
12025
2982
4760
15009
8893
16469
3893
8144
16446
1767
15170
10432
16404
10889
4580
5487
9043
15018
13623
2899
10517
8638
16481
12700
16120
10969
13814
1581
4572
3020
3268
8135
4810
5426
16048
16317
16659
1485
5168
14260
5930
5813
2383
10696
16633
7421
360
11290
2827
11762
11541
8909
4875
10142
11144
9887
1910
7548
9300
9101
8841
8035
10612
9945
4828
3262
9162
16704
7159
12561
1853
14689
16989
6312
7378
352
9244
16197
8060
1555
14474
14449
9095
12577
7014
4191
11439
9692
15036
2834
9906
12131
11802
1196
13837
6311
1788
1803
6236
5603
12304
12799
8926
5406
3341
15781
13603
14734
5541
10549
11961
5571
10212
11693
15130
4264
7519
7728
10951
15562
5970
11827
6153
13583
3403
2543
7198
5401
3998
6843
16459
2532
9844
12292
12529
603
16147
11520
16421
3833
4589
384
14537
5944
14313
11338
16012
14477
8253
6974
15433
2750
11110
15685
6341
13322
2172
11260
13420
7958
12872
10171
6645
12740
53
9617
4838
15396
7507
5011
16415
5945
2893
16208
1588
1757
6786
4173
2211
7992
9628
1835
9004
12348
4322
8062
5893
11765
620
6991
13435
6750
13939
5456
13578
15209
10313
13782
6873
2661
14056
15135
15191
2224
12772
11700
485
13308
13886
9253
16287
1034
631
6096
12723
6403
8542
12531
9771
7729
868
16435
8610
11293
3407
13987
13386
7298
614
774
13835
7779
9855
208
10637
7498
10824
7088
3116
9647
3231
11021
3169
12229
16387
8217
471
11883
1037
8959
1970
187
7332
13465
5251
926
14507
15370
16839
12144
14568
1567
7513
4887
16619
6347
8690
5224
2506
16696
13540
8432
2029
2792
6741
10827
15304
858
15460
1415
14678
4655
5562
10136
5311
3970
159
3954
13233
16122
700
15787
8560
2476
15027
581
1207
11337
10528
12705
619
13638
5253
8484
2686
7935
9961
12356
13733
2838
14748
6365
12247
1235
15779
4860
4723
6807
6351
15201
12616
4469
855
15497
157
7249
1543
14567
12732
10653
95
9712
16825
5120
1172
11820
8820
3025
3584
15532
13479
12909
4698
760
16588
9769
11319
9917
4961
10501
13546
6131
8148
7761
2877
2329
11312
592
2559
15549
5159
8425
13732
11896
4543
16275
8620
12955
11331
10294
1170
9016
15504
5946
1347
5998
4761
14667
13762
9343
6908
1699
6990
16234
14570
15124
16830
15222
1299
547
8785
3838
5180
8051
3363
15567
14945
10726
3011
7441
8705
13285
3666
1537
13729
8872
13215
7799
12541
7451
11345
13584
15051
8457
2852
12357
16604
16297
16514
1377
2973
11975
3859
13422
6765
3338
7103
4674
11877
12934
1458
6988
8770
14886
4182
3868
5892
8552
6371
4512
467
3196
6481
11937
9508
5395
4807
10940
15957
8141
846
13283
13980
14048
13812
1592
12487
12237
10873
7132
969
5188
15882
287
12410
10133
6302
1587
16406
10263
10754
3333
10575
8479
13155
7252
15458
7831
5584
13464
16708
4150
14808
15466
7898
12929
440
1610
10447
16787
10289
5707
7962
9793
15134
771
1629
16657
9852
3571
14110
7497
1082
6717
10135
8221
4765
12606
7893
10156
9367
8923
4124
8993
5142
2446
16370
15985
16335
2081
5298
14616
16510
12662
5797
4952
14779
14614
11613
9575
10062
838
9592
15942
11860
11801
6950
13369
11449
4766
1985
8916
3096
12424
4702
14999
12374
6296
14545
12147
12216
4677
7068
4581
13036
9817
2039
1362
16621
6871
2231
2146
10273
15138
8197
4776
2171
12936
9136
8736
2489
10910
7664
854
3711
757
15050
15644
4550
0
2811
2683
671
4375
1491
12481
16983
4582
14745
5756
4984
15468
12891
3888
16008
6218
3206
3389
13048
411
329
11432
3014
5969
16303
13294
11202
13797
5375
7320
13084
11225
4833
13380
13594
12728
5244
9405
12639
11703
7318
10442
16853
2435
9132
6384
1160
16522
521
14974
16995
11771
9869
13763
14295
5854
4755
13509
6320
6971
10838
16620
12136
11247
13159
1627
9089
8771
12396
5824
5079
7797
5441
5686
4982
7499
15789
8686
4205
10693
13764
5861
15866
16991
10589
17009
13407
34
3736
3659
15068
11853
6882
9053
16813
7789
9046
8033
13020
4001
7083
12908
3414
16709
3128
12630
3755
14341
1381
2415
6114
14451
11655
11852
9490
3455
13021
11367
6747
4261
16903
13566
16277
15905
14992
5448
6203
15874
15142
14173
2431
9495
14764
1875
16408
10286
12342
6277
5192
4317
9417
6113
4385
4621
13125
10413
15778
10222
15916
7495
13156
5018
3638
14884
15645
4070
2062
790
5073
5496
4460
3588
2249
2881
5723
724
14971
9783
9116
16886
8634
13363
10636
7403
10391
1473
13288
7242
2523
6291
13289
5764
8905
15356
6628
6754
1904
10854
16364
11911
15593
8963
14930
2212
1770
1733
3282
9042
15578
3819
9972
10686
12557
6394
12849
12140
9176
88
11269
3682
7030
8967
14283
6546
13131
11601
10020
8336
15525
11722
2622
13328
12435
3029
8952
10720
4407
1854
6412
15163
15261
11521
17001
7086
16017
9252
1594
1091
8208
12252
10801
13225
6806
3535
13387
9298
3051
119
4009
2092
6112
5499
3400
4235
6182
3832
4850
12166
15406
4613
15569
11836
1237
16763
10530
1292
7549
2025
16326
16328
16218
2230
5287
9269
16926
4454
1302
5429
3048
5297
4599
3198
15348
11585
1656
11754
7427
7237
6963
5539
15572
15969
6920
5777
1112
12117
8848
3524
1711
16322
11399
7452
7306
5464
7969
8517
14408
12423
11858
3787
4356
1944
12906
9864
9591
5173
16591
794
7905
13710
14016
16207
3145
16380
468
13862
11473
12085
11112
16079
16132
5238
1998
4998
2516
14248
7418
8286
10258
10466
6493
12224
4279
8268
9369
6356
627
1641
2047
2166
2993
15929
4629
15793
13107
14060
6830
8892
4822
13556
5141
8495
6166
17002
10751
5921
4733
14580
9553
5167
16975
6515
3574
8209
5840
6237
512
11970
1232
7698
13433
10777
6718
890
230
12672
11168
10595
15533
966
3399
6666
8973
13573
13255
8901
9773
5590
2522
10634
493
10050
11012
333
3045
9924
40
388
14021
6297
14972
1729
5939
3210
3462
8697
7865
1516
13711
5972
14409
11460
15653
4143
16104
5687
2861
12493
6284
622
12139
4778
1920
13682
4501
9702
12468
14597
11908
8787
12098
16856
15032
7772
13771
10310
9356
3849
6070
11501
10328
8921
5759
13964
15514
11058
6066
10711
7804
7976
12808
302
1965
6931
1462
14874
15180
14374
6228
1688
10491
3605
10274
1042
13375
7267
7957
15159
10775
12677
8627
1723
15465
9979
2392
7876
12134
1500
16578
1291
697
90
9444
11374
4046
12565
8283
16599
14630
4425
1368
10369
6306
15065
10041
9416
5040
10405
5077
15987
8654
8133
8790
615
12008
12701
4568
6380
15365
6165
2836
200
12940
13204
15213
12629
9359
14210
11048
14017
8540
488
1638
337
13589
6244
15751
16464
15474
10865
10676
2692
11187
2822
417
14450
8756
16632
1154
7615
8765
9612
1973
16268
7727
5710
13292
712
2003
16298
16663
5713
717
3582
11045
887
7310
13992
12716
1563
9226
10629
6909
13299
13601
16273
14389
14574
5294
15111
10225
5300
6303
12023
4741
13760
9036
2525
7374
12991
10695
2000
15407
4858
7904
2357
10358
8913
7965
16505
1251
472
9311
3100
5118
7659
7346
3069
1029
3518
13794
13051
15896
8491
15503
7324
1189
4958
8285
6917
8526
1000
9421
14699
1059
8379
7749
14627
8672
14756
4536
7851
5126
4975
11265
780
13326
4503
8645
2419
6092
13895
5042
14085
6954
14456
12355
10468
744
15313
5532
14385
12451
11353
13314
3412
14428
6104
3693
7896
13209
13707
11576
11876
4640
13894
11447
12753
10203
7721
106
11608
4758
7189
2791
14203
2339
15953
5739
11356
1147
15150
1455
5721
308
1026
15489
16214
6801
280
14672
6314
13171
14277
11857
579
1771
3789
650
10191
6874
3226
5469
11188
6263
11675
2713
10647
11628
11397
15094
14142
523
15153
13431
14090
5626
13055
4133
733
7092
10890
13264
16788
16351
3275
7073
8467
16179
14708
2648
7912
1785
5449
12433
14166
6811
8965
15424
1947
14894
11743
4480
9842
10349
10288
4546
14612
14645
583
6541
12441
782
247
16390
10592
6259
6969
16940
15675
5272
6439
12203
11923
14349
4552
13928
16666
4188
16217
12217
4458
14957
8515
10082
13113
9859
11190
15546
10172
3193
3168
10774
6533
4673
9104
3205
9170
15877
11116
7839
11191
4578
12916
1937
9020
9989
8884
12174
13022
10028
7588
16838
11469
7825
7530
8438
8712
9792
3939
77
13398
13040
16529
11962
2599
13394
9698
16057
6715
16089
16898
14885
11808
13059
5602
11402
3851
14908
6260
16869
13110
3456
7510
4199
9228
12043
4907
9778
2380
7049
5516
14303
13859
12233
11180
5639
10699
6985
6635
6644
2629
16662
2919
2868
5422
12703
15295
4579
4553
903
10717
13557
10002
8724
211
9913
6179
8830
3422
4608
8546
3024
8049
12631
11901
5599
12552
8978
1666
16702
2761
10123
2928
14014
7676
15568
10338
16736
14476
6140
8170
14750
8745
9655
3930
7106
12266
10620
16541
9009
15221
5556
13922
7349
4348
7849
14446
15283
15842
9622
10762
3815
14759
13484
10673
9119
8832
7844
921
11248
3643
6653
5773
8304
3322
7837
989
12620
14982
1548
16045
15389
16184
16282
16133
8863
2089
1311
3775
16990
3764
12084
5909
10853
8019
776
6488
13181
15637
7317
2260
4113
862
16340
9505
11194
13747
8399
6268
1565
1181
6192
5656
10886
8643
11753
14376
9197
6241
14617
13103
4328
950
3460
16138
4372
2313
3501
12483
13356
16171
13836
3081
16927
11119
6647
9974
9882
13561
13423
16502
10102
1625
12138
7087
16419
1642
16716
16955
16258
10039
10708
16417
5453
2084
3748
9229
11122
9717
3945
7952
10333
15258
5957
16950
15172
12550
10207
1599
5765
8001
5281
4183
1871
5755
14937
9091
4865
9531
12624
2139
13983
14910
11705
7409
7674
9379
14669
5622
12858
14278
14097
10505
9958
11118
15416
5069
13882
14143
8205
12773
8558
14636
6264
7223
10985
12860
12464
4243
13871
6737
10001
8390
14624
15154
2677
3581
15836
9653
6580
3267
6438
441
726
463
1955
16508
13117
16037
13851
13533
6634
3726
12983
3698
16775
8519
13741
12363
10088
3135
15773
150
16897
2143
4270
7947
13881
13445
9831
7638
7821
1371
2720
10740
10019
13755
4412
9007
5361
2294
11183
14715
13856
8831
7577
1412
4117
16748
4851
8548
6275
16811
1129
5910
8178
1661
14828
16001
5684
15358
4186
7494
6332
9375
16389
5328
2360
16566
7813
2520
5380
12417
11574
12578
9419
11646
16154
8346
538
563
8451
479
7401
5288
10912
14319
3049
7113
7484
10241
2591
10291
184
2233
13227
5885
12079
6497
10403
8129
15485
10864
7384
15243
2805
11065
11869
16893
6225
13252
4853
1486
11699
8752
14356
14955
14264
10217
14773
3575
15708
15305
12832
6658
11024
7133
12195
13421
14707
1290
3075
16767
6011
14585
11615
8380
3776
313
13629
1582
4903
13145
5986
13709
5088
7112
6064
1936
1354
4560
5646
11723
9428
2772
3774
3223
1297
10476
7620
13948
2986
10425
5411
2477
8971
14730
16795
304
6542
15301
3304
2537
12258
15544
10526
4804
11106
6255
3269
4379
4872
5956
7751
4141
2182
3963
8516
3942
11299
15282
12240
10137
13501
6878
11880
15657
1019
13941
8371
14101
16875
6205
3596
14010
5588
1219
10703
6032
6814
8411
6844
11261
9646
12302
9407
13757
10359
14704
7123
10747
9220
4497
16784
3068
15353
11665
2608
2448
8259
15445
16580
10808
7985
10821
16792
11162
11455
9694
1478
511
6366
14960
4302
11639
11623
11595
5908
14243
3397
4881
14625
12109
8439
11854
9991
9697
6431
5491
1373
4256
13443
16667
10770
15418
14156
10374
7009
10870
2640
10346
12584
16474
14985
25
13878
2287
5000
1794
1679
16412
10833
2535
13671
15391
11581
7937
9477
6340
4192
16623
11873
12783
944
13940
1218
14336
8202
11086
1304
9631
12815
14393
1277
683
13899
5526
9374
14015
6170
15715
7333
10421
9707
3564
13475
2094
7517
13384
9350
4592
7889
5737
14216
4154
45
14905
3865
13847
1542
7693
9423
5277
7811
2857
14653
13152
4376
4916
14251
1332
10874
3713
10487
6293
1668
2315
3752
4517
7793
14289
580
10607
12150
12007
4288
12398
10237
4453
1847
15947
2311
3297
10462
1801
13585
10675
3251
4732
5368
8323
16511
5650
7858
8622
3604
5233
4930
11769
14572
10616
48
4073
5171
7046
10525
10666
5918
10564
979
12450
15121
5758
4713
11619
1718
7877
15254
6470
15971
11499
15856
11427
7712
6930
8030
10990
4999
16257
9782
1654
16091
14479
4618
11067
12414
15635
12225
58
8949
16393
749
16432
12267
2105
10521
14940
8428
13230
10993
12188
4782
5136
14030
13460
16307
9666
13224
10068
15818
8601
12095
3790
1670
991
15014
14798
3870
16229
15125
15100
7148
115
3152
10803
9487
13454
11474
5663
1986
4510
13944
12874
13654
859
2705
13441
7603
4471
4467
7832
4035
8093
11636
11414
10999
8755
3010
6723
6243
5394
7516
11504
5110
6586
13994
5006
13332
4555
1432
12623
13439
11351
1227
14348
5740
3967
4353
4181
7407
12276
10026
4854
10162
16319
12958
6875
209
10185
4597
9791
2308
5130
10302
311
14126
1502
171
14921
3126
15409
3573
9668
2611
8127
11951
13685
12178
12918
13901
16357
14851
3632
9027
11346
873
6250
16058
10545
12780
11391
3468
1811
7946
3213
6155
1231
18
10216
5749
15273
2021
10337
1350
13615
15189
5123
5480
16944
7942
7578
16085
6890
14247
14711
13365
13193
4047
1392
9363
5435
15626
7925
1295
8796
3913
3533
6605
5883
13687
6075
15293
16254
13664
12681
7250
7436
8448
1720
13826
13245
14489
11276
4639
10655
13324
1856
1675
16375
8076
4989
14124
12800
15731
9324
2673
10923
9078
14340
3348
8729
9635
12177
6943
16072
6271
9171
1636
1009
14331
7408
8677
8345
286
369
6714
7803
6845
9347
5831
11752
2189
1524
11484
1407
5194
6876
14494
13470
10314
10430
665
8717
9121
16970
297
12358
3931
15115
5239
222
9476
1310
14344
10671
14237
16141
14326
9804
9674
5789
11080
3255
16191
385
12100
16885
10239
11283
5523
961
7660
4714
2727
5902
3174
5379
3594
596
4200
5953
13205
9134
8789
14818
7823
16877
5292
7425
5826
7190
12884
5593
5531
3401
3860
8728
14524
16361
16433
9454
5234
1498
11946
1140
16204
10906
9400
11755
8374
2643
16295
14806
14174
11362
5378
7627
9576
10617
9073
16530
4298
8225
298
4893
16849
15382
6065
341
14058
1436
4692
3525
5068
8235
5124
14594
2939
13911
6772
6976
1996
15430
6935
6389
3511
15766
16288
4269
11206
1400
496
1845
8296
16960
3799
2197
5935
15649
16959
11497
7680
8935
13766
68
14928
6550
11052
13831
6017
2351
6764
5610
15253
13676
11947
2764
11689
12649
10272
3878
6452
14419
941
15974
3178
12714
2590
16331
10536
1472
7136
8453
16653
11809
2117
11318
2793
455
9224
51
10155
4971
11291
14383
16576
12263
7692
10663
10347
16309
741
1175
1671
14271
10709
16611
9740
2581
15632
15828
4207
12429
9743
1257
14631
13806
11907
11349
13767
1762
2263
5135
3446
16025
3046
7340
6794
968
943
3934
2731
12721
4203
3866
3099
5333
3904
5827
16968
3804
8155
7553
4862
3154
303
14134
9402
12797
205
16755
1867
13749
13250
5457
16626
10467
11904
12581
13712
3252
14193
3106
14232
7312
8716
4647
2647
12184
16934
14820
7050
15053
10968
10334
8911
6789
14227
7326
4408
4128
11642
5889
11416
2846
9995
13740
2804
7691
10045
12389
5609
12315
7295
1157
12169
15488
13177
2194
14899
12392
9732
2411
3957
10180
15385
9196
8269
4574
11533
12265
5331
3994
13444
5232
8844
1467
5929
5339
204
4093
13505
3490
10103
1546
16617
4783
16325
3765
1074
9317
16050
3059
4742
3651
69
11342
16402
12057
11890
4045
5385
4747
12956
16725
16883
4649
3848
11775
3670
13315
12264
11424
33
7663
15876
2831
6728
9353
1138
2390
10631
14140
16015
16066
12718
9468
10256
175
14115
2077
3314
1346
7833
1192
2830
12367
6313
10894
16857
11382
9210
13073
13169
6554
9611
6855
16199
14917
5250
860
938
16006
5725
12851
8551
2247
14414
6788
14793
1633
8719
8661
14399
2714
4273
3022
7064
1772
13598
6207
3288
7231
1409
5875
15291
7445
14321
16036
2310
12999
2702
8757
3445
5793
1680
9172
15122
2980
16609
7869
16056
15244
13343
5815
5359
9431
9133
13410
7814
2251
6968
3827
9774
7307
16300
4381
8284
6589
15372
14153
9687
11252
3959
11578
786
6730
5966
7654
13985
12775
12018
3558
6633
6817
14688
3350
4005
6865
15141
1756
15936
13734
11077
1294
14629
15089
12044
5914
5200
5146
1326
10743
9752
36
347
2134
685
16734
13602
4017
8122
13175
2582
6432
503
11152
7117
3013
823
9270
1443
7325
13723
3869
1344
8876
2180
7419
6846
8128
2488
9663
14695
967
13067
5832
3359
10332
6323
8287
15431
6091
7096
9599
1884
4303
4085
10981
9861
16759
5955
2816
14012
4011
3344
10893
6482
4016
16612
2190
3470
6639
15707
14775
14826
11017
9258
2132
14098
6643
14995
10625
1842
4749
1646
8014
9344
260
4610
10054
15526
2200
3475
2036
11411
426
14692
255
11420
12745
664
2501
7440
10414
13344
6556
1667
11087
8954
2493
12571
5730
6369
16222
13587
9166
15507
3812
12702
15041
12888
10578
3160
8840
12186
12231
7345
15660
6902
12509
13478
12213
9909
15378
14254
7084
6181
5138
15015
5117
12421
7617
14881
14680
3123
11645
4037
14854
2725
1040
6095
14858
4829
15401
1054
14350
1228
5510
572
7366
7820
12608
6528
3452
6776
15207
11368
2697
6815
13291
14529
16884
2990
3532
80
13310
1401
9506
2457
5796
6574
8236
3000
12038
7846
15429
6966
10579
6537
1650
15312
12836
3505
6853
13039
2594
9370
4796
10454
1197
3415
4324
9759
12990
11242
14064
4118
5867
2334
7058
1784
7355
8991
10064
16434
4792
8596
13191
13970
13887
6391
11973
10866
12647
16602
14028
6962
16166
8586
8835
14720
4344
8673
10303
3958
15638
12518
8866
502
12405
15677
82
13795
12817
350
15427
5985
4421
10281
6901
4716
13370
1166
12325
8306
4965
1402
16821
10752
14569
4646
6063
12275
9011
5045
3325
12059
6691
5732
11102
5975
6373
4084
7413
5208
13306
4561
6089
8593
8499
7724
15925
5493
6294
562
11940
7371
3161
1602
12400
11575
8850
16436
1860
7662
15352
13099
7362
3566
11764
1243
15564
12988
4076
15513
13286
6720
10306
1993
3882
4450
8802
14578
13378
14997
7247
11831
13044
2770
16379
2049
5529
12890
15695
3371
8942
14687
13287
5511
980
16440
11403
8687
11767
1363
5265
13300
16590
3055
15794
1740
10423
5678
3016
15250
5452
16976
16837
2066
2912
11966
5402
3185
1520
11669
2416
165
13428
9177
12349
10268
1420
6513
14607
12494
1652
8406
6057
6913
5507
13195
7051
16564
11159
15588
5870
294
14207
12520
4630
7354
6007
6331
10132
15734
3824
7699
2921
5423
7642
5548
4658
14814
5038
8945
2469
2808
16269
16061
4604
9936
16164
9274
906
6856
16571
4282
3448
10848
14457
12094
4168
16749
3515
11536
13240
5716
13223
4869
7818
1365
10012
1457
8462
6713
13432
13721
11383
14022
11917
3667
451
16284
4699
3413
12492
7194
9408
1893
15255
14647
8191
13234
14152
12339
1659
1883
4224
10945
16129
13552
5217
10365
2507
2292
12553
16423
2388
12525
16321
5431
4981
11768
9014
767
14463
4672
4525
7157
7984
14742
4110
9110
3714
284
8621
9911
8837
4929
6495
8327
1241
12241
4612
4327
1997
3108
15520
14293
4259
16843
541
12993
1651
992
16803
6803
9619
8339
1664
3151
16363
649
9093
4701
709
14912
3471
1460
3447
12333
3431
16240
3976
2452
9624
1159
10300
14514
11990
14604
3741
16972
2603
10875
107
9997
2513
13691
13238
2699
271
15322
9234
7980
2558
9866
75
10679
10190
7667
7907
1278
3227
15236
2340
3373
6117
2884
1615
8245
5823
16195
2842
10362
5174
12760
1521
9578
14693
14611
13349
3674
239
10199
2472
16359
2400
14736
2974
8874
10093
4500
12248
9202
15483
9818
7959
1781
8240
4927
1719
5747
11042
586
6608
16332
8873
13517
8002
6169
9057
8218
5820
7988
13123
2073
466
10687
3474
5503
8667
11740
7055
14253
9682
11927
153
12533
13091
4866
15897
15161
2208
2669
14662
6281
6868
1
1121
7294
5871
12973
6191
15545
8556
11763
11320
5210
12652
4231
15346
16714
818
3216
9659
610
9174
2207
13821
12228
7472
2101
8311
16718
10420
10757
5226
17016
7274
15144
9008
3730
15202
12822
5538
11468
678
4438
3854
12847
11488
16585
8152
12068
2504
13408
1282
476
14106
5317
1925
15008
2920
4148
1424
5343
8900
2298
13109
10080
15399
15576
131
13281
506
422
16105
5938
9130
16922
4213
9784
9581
5540
2666
14843
16475
889
6451
10911
4593
382
8746
5374
11503
5566
3159
9305
7128
3332
12031
5724
8214
10588
2002
5625
16735
5505
11262
1738
14492
1161
5031
7993
14011
713
12244
15827
15982
2009
9715
8671
6880
1902
7900
15190
14562
15681
10558
15607
10200
4170
15
16573
7426
15801
15444
13958
6529
5535
14544
8427
16639
6295
1655
5397
6227
15257
15303
5843
11813
16035
16828
6202
16783
15944
10758
13456
13956
9254
11957
10105
1046
13296
16442
2570
4623
13450
2579
16500
338
12865
9201
4331
6610
9501
15959
13785
3549
12282
2818
3479
4571
7184
13781
1396
6675
15717
10355
765
16201
8381
4937
4880
8262
10567
6324
6834
4102
5083
404
3093
4753
9482
4115
15998
10965
9026
461
5053
2641
6185
3910
976
6098
7923
9534
15192
5139
3797
238
15046
10069
10419
12852
4524
6662
15735
3567
2998
6054
6841
15203
14613
8314
5677
1179
3092
14339
8983
9772
4052
3426
470
10018
16190
8187
3624
7309
12220
2056
15251
7220
4382
5099
7535
777
16613
16507
12946
1585
6136
1568
6632
12980
6387
11405
15970
7258
12785
10465
11540
6160
4266
11564
7656
9833
11344
641
8449
9067
2863
3469
210
11605
7218
6307
10266
8502
15379
7722
373
1530
4793
11278
1519
5021
6035
12739
13938
3626
1903
4894
13023
10416
7116
3921
2041
9389
11303
6186
6130
10560
13551
6683
10791
12787
13804
11590
4248
5169
14197
7201
736
5240
13636
10084
5484
14461
5437
7796
4891
15334
16804
828
9006
16932
11859
5433
9308
16523
16346
3495
10534
6582
12637
16559
3978
12902
16492
12650
9409
3057
10144
15993
2174
10538
3382
7589
12790
1431
15621
8838
3313
15900
5149
1622
10610
7134
6562
8597
16046
14584
9667
8315
5637
12810
3722
9155
13637
9243
3840
6545
6350
769
16437
14936
6941
8611
10238
11214
15623
554
16365
9061
457
5470
12944
16646
16028
3683
9658
15310
6994
3669
15185
3876
7880
16928
7501
12324
682
7460
15120
15913
5501
10049
6125
15539
5751
5766
2633
10852
5325
4391
11296
1604
1844
1797
1168
15736
406
1301
16764
8018
12272
6839
12967
8137
6486
15412
7381
14029
15581
10453
9546
14831
8758
6220
14866
12917
4209
9568
15149
9722
5679
2301
4443
10519
16782
11274
12065
7864
14726
13168
9519
13646
8825
9388
7122
16160
12360
3207
4416
11422
1932
15517
2821
13974
3082
12560
3425
14296
15956
7001
8242
4083
16159
9868
3173
10407
16799
410
1329
8050
9806
199
9915
8554
8398
3306
3579
8441
10055
16100
13628
7754
11643
11375
4401
5104
16156
16521
15837
9464
3266
11928
2718
2621
8761
14148
6382
10816
14333
14307
7866
14396
8576
13737
7755
6223
1403
11313
5808
11682
1007
16026
12904
1398
11355
2454
17007
1209
12846
8951
3095
8053
10980
14909
4953
3183
14480
3190
730
15092
4957
4924
16606
5690
7533
2318
945
1173
7508
7234
6951
11264
3117
12547
5506
8932
12013
9021
2914
15819
9747
15616
7171
13007
4063
5189
15908
8544
2480
5282
7714
2104
13527
14954
9499
13374
2689
14587
9514
9158
10766
4587
1429
17019
14538
16013
2459
1831
9629
9718
4163
14615
9801
9241
8569
14320
6102
7500
14564
15473
2333
8609
5166
801
6023
6673
14520
16988
14834
2789
5405
12895
15381
4718
8064
16374
16914
9555
8644
14453
15234
16817
14131
8132
4847
1355
15267
12969
5673
5279
10691
8774
3298
9968
10500
8763
13396
3263
13190
2371
1057
4230
10635
1267
8270
226
3109
8635
13811
16339
3831
6404
4022
137
1506
9393
13228
9951
11014
13012
6835
6005
5391
7689
10126
12663
5483
12900
12759
13079
6429
6489
1612
11614
2352
3526
12779
5256
11321
5553
3935
63
2849
10399
2618
553
10037
14794
14859
14515
2529
3463
9538
13807
15299
7331
15442
13731
11863
2959
2948
423
12782
16747
5105
6456
3552
12190
3477
9896
2773
2370
6418
180
12931
2354
1769
2728
9410
2161
1678
11039
9850
15070
15212
14951
15693
13643
4551
564
5102
13717
3142
3500
12819
1631
567
55
10385
4642
7775
1643
3822
2439
421
6128
14294
5227
6744
594
5878
2587
5500
12592
14679
3612
14987
12287
5648
12473
14308
14149
2463
12618
3246
1736
1793
14020
10092
14266
12927
12777
1832
2271
815
3661
4771
12610
10463
1220
3375
14183
7022
1512
2981
9098
2276
13216
15664
5305
6535
11706
362
1623
4977
1768
15642
12603
7118
10146
11136
11796
15175
3686
2033
9699
7919
10003
13357
9033
2803
2326
6101
12729
8458
15611
13909
2268
11557
15979
16411
8534
16829
10657
233
12883
15617
9953
54
16209
6196
3801
2937
1471
9151
8422
10943
14038
958
8158
13876
13185
16382
10464
