5510
4469
11616
9940
3448
13633
14521
8662
2590
2784
5325
4370
12291
7926
3361
221
12348
3339
5891
11335
13344
10605
6648
9577
15193
7553
2278
1757
12127
6820
11957
15814
2133
9787
4456
6258
3974
8617
5529
16774
4303
912
3675
9348
15648
11450
456
812
15086
16128
3724
7718
13697
5354
13044
5508
267
140
5426
13644
8529
15281
16673
12559
7900
3527
1631
1168
16098
5178
9257
5272
7947
3772
11216
4815
961
12343
2646
6910
5924
3375
1325
5136
16331
10458
2927
1121
9488
10016
13991
13649
1048
14930
8200
724
13495
5665
46
1286
4345
16399
14714
13002
4464
3000
11795
11004
4179
14062
9763
1712
202
7309
7576
15511
15446
3387
16665
13103
16894
16574
9968
4381
9280
991
363
2203
10895
4781
4441
9152
9669
14712
7276
2521
9367
11387
3044
10011
7059
7788
10067
4010
3135
3415
9244
275
14513
6616
3791
3363
14241
8083
10742
952
1571
86
7751
4931
15599
9997
13291
16127
16497
9395
8682
16464
6082
9707
11058
6924
1247
16931
8579
14224
1407
5568
15538
591
11635
14109
7114
9633
11413
14905
1413
9762
12409
12693
3259
13086
11928
9777
2456
1278
547
1894
11929
16113
3808
8273
8057
4057
3347
6731
6909
6029
3534
6295
15866
16812
12812
9365
6577
10180
3283
16926
11219
10531
13191
6160
13271
13523
6162
4035
8394
7036
16134
2018
14489
10768
5980
3149
16397
14518
6232
16417
4452
10055
3121
7963
11722
4700
7722
16122
7185
2976
6367
2415
473
11803
1364
1567
13287
3968
6598
13725
1090
10104
6925
7581
15819
16638
14916
7876
3787
971
6349
3931
2457
12568
8260
5916
3845
8145
2485
4249
2978
2549
9941
620
4465
3362
10597
14229
10631
13373
6960
3260
4895
4845
12365
5256
16816
12504
16834
11905
15159
6688
8435
8238
15180
11254
11008
6590
8346
10032
14622
6677
11552
9319
1677
8976
6661
16457
13789
891
8929
10096
15125
7870
3688
9547
6957
2048
1835
3133
9100
5649
3509
10155
10564
4518
14651
13108
8746
16173
1604
7454
12910
7993
9889
8108
10785
10037
4427
7351
2092
14793
10219
9482
8075
11717
10973
5070
1601
11604
14761
10338
6940
1776
10385
4696
10053
14396
14457
3599
15377
8814
4173
2658
7461
16869
15968
16809
5299
5985
10348
595
1954
15082
5605
5672
4868
16359
1446
4235
5189
3073
3762
7865
739
15669
11864
13966
12562
12230
10358
14812
3646
1316
1501
5216
6565
16161
7187
14779
677
5971
15870
12333
3424
13293
8712
3950
680
2888
4420
8875
15349
1441
6928
7662
12855
14935
4684
7103
4508
2829
6629
12310
12286
16541
6423
12952
16404
16722
3978
704
11114
11571
7543
4879
3752
8293
12727
1283
15585
9397
15882
6712
7827
8380
7877
16753
179
297
12715
6676
5770
2840
9739
1004
3940
6340
9872
4288
12326
1932
11079
147
5221
1057
7965
9335
11865
13075
15616
11453
7419
2393
4897
9050
6242
5279
2550
14330
16083
14068
2138
2035
15308
4113
7601
15397
2185
2715
14940
5528
455
11010
9738
59
16603
5307
3983
12873
10794
10833
12479
12034
373
2302
3326
3554
8310
4812
6592
12841
13132
14979
11814
8267
12602
5574
7335
5512
542
16617
2484
6747
1389
6643
14198
7515
10985
1825
6904
11186
1230
1862
13628
9407
16805
1507
13450
117
11253
741
14463
12159
1676
1953
10243
13619
15721
12839
13142
15737
2932
9378
13313
2021
9284
7742
142
9511
6103
466
15641
4014
13076
9819
11392
11763
13499
7770
3658
6402
9326
15637
8912
6705
890
13745
4936
6088
9501
5832
4503
10574
947
282
10117
2899
1742
37
10548
8215
8364
9585
10462
7409
16259
2985
7259
2560
2922
12328
11921
555
16765
4732
7158
7683
12164
12394
11412
9474
10783
3508
14019
16868
13693
16489
13620
14836
13316
4687
16971
10942
1305
16745
5201
3740
1417
8648
9286
3446
389
1801
10854
15546
9230
13720
13503
13699
7288
2473
6941
14030
9976
15674
9460
10813
14756
16297
2802
14853
9706
15058
11696
7024
7759
7854
5580
15728
11211
2495
13522
1907
6015
2387
12783
7471
8441
7403
14813
3188
6354
9059
2228
7908
14745
87
9162
16420
2276
946
4777
10070
15634
262
11081
1233
828
15921
5688
9443
14358
17022
13299
15074
14225
14775
15208
5951
9325
12987
4839
8780
5681
8856
10201
1217
472
5030
9942
10356
9268
12718
15328
3297
10993
10963
6440
860
12507
1061
7184
4155
13587
5751
11937
15945
8661
15917
11656
13598
2596
15553
688
497
11066
14328
7913
7620
4723
7597
1453
13678
2712
58
5927
14307
5408
13180
4477
9107
16783
12889
16008
6980
15140
6005
13640
16003
822
1095
1908
13474
6422
4554
11949
16764
1702
1180
7666
10972
5282
5209
9491
16891
3485
11733
4262
16246
16902
11518
14556
16422
7580
15373
5091
9891
13616
13998
15260
8789
4029
4952
12081
1659
7489
5250
15730
16846
2314
7983
14659
9943
13605
9871
12781
16224
1034
1952
1022
13187
9950
12083
16946
3183
4841
12723
13827
9441
5149
11465
5371
14156
5222
8594
10491
13570
8433
4448
9368
16123
6350
856
16795
9712
2235
14922
7700
183
1869
12004
1724
979
11590
10078
56
3087
1674
1526
16101
3691
13468
10038
12558
12351
13838
2404
5933
683
6239
12953
9859
16073
14176
8800
6796
14620
2699
2368
3430
3987
8392
16758
15102
2376
11233
6287
527
15185
8454
3679
5774
11793
10019
7201
13496
11774
213
6079
10533
7091
16908
1911
7085
8024
13841
5296
13843
165
11324
3597
7082
3939
4167
13702
16239
8926
2680
4642
11350
8996
7848
12714
94
9003
11655
3528
3287
4001
14938
15574
7289
7737
14442
15392
12634
1959
11491
5130
11993
2782
5404
11489
7932
10899
5827
7420
12137
8849
13777
2252
7119
13401
16130
6468
4940
10845
15789
8697
12697
7213
4082
3924
6593
7100
11454
10662
864
14817
13810
8770
1614
4782
10694
6290
14947
13863
7084
2181
44
1914
3093
8646
4929
736
11762
6353
16348
4207
14063
13278
6701
15021
11150
10313
748
11338
15950
15709
10652
7440
15486
1225
14625
12630
10689
11750
15899
11265
420
9671
14512
16171
3994
5526
6575
2446
7421
10690
15433
1985
6148
15739
11149
3506
13459
13438
5321
5258
13908
4640
14866
10842
6518
4472
742
1662
10868
1475
15680
12207
453
6265
1589
1044
2501
11264
14364
9177
6580
16030
12746
1839
11743
6110
9478
846
6389
3097
4037
11712
13270
14670
9614
5522
15911
1340
11902
4116
6939
8763
16558
800
3535
8564
2914
12047
14982
3454
10498
2677
13645
8398
10319
16749
4087
6404
2120
9172
15190
3981
6566
9371
5557
15635
2416
11870
5277
8878
7690
13571
1185
6050
7191
9700
6549
4071
15847
5316
1465
13482
5885
12526
12092
12750
7868
16520
15904
12836
16763
11199
11030
9919
6669
3036
266
13267
10869
4131
12887
14028
12932
12709
4505
4002
16198
3850
10851
3776
14246
2633
12
3591
7272
12107
10422
2723
12824
11092
12061
10584
2089
4778
13695
2632
4635
10374
5488
6719
5614
6736
10771
11440
11952
168
2250
12063
4052
2310
14162
1162
13027
6223
6591
13743
2091
7765
8326
517
14565
15742
16182
15723
4920
14754
14687
13175
5540
5432
13234
4435
7591
10551
4269
15817
15548
3341
5859
12131
8471
11404
13803
5051
6718
12981
13428
16577
9843
11790
6266
1437
12481
10115
16402
5932
964
2822
11282
11669
14711
4774
691
8607
1992
16513
11553
9041
9642
6922
15784
792
2564
16117
12421
6879
3496
12561
13979
13176
8313
5857
16901
16086
5117
3330
5369
6320
312
5043
11374
15284
621
3932
9223
3272
14736
10847
13552
2855
9425
2733
16583
195
9723
1930
14040
16308
1722
3221
7518
11481
4972
13663
13376
13456
6809
11446
2827
4694
6183
8927
9380
3277
14055
4191
10365
15225
14862
1834
12829
8882
7901
5401
7310
976
2617
6536
10581
9675
4800
2477
5553
9989
7602
6463
11522
7494
11001
7453
11096
4048
2790
1315
3557
9186
16819
160
9525
15908
13626
4707
1679
5425
253
16365
2786
104
6806
14950
16983
2605
10561
9195
11727
12769
7940
6638
16777
4277
16041
11883
8400
4951
9920
1635
1177
5973
1126
15481
1268
10931
5368
14859
4703
9748
1358
11255
8384
13490
14954
12483
2683
16249
10106
1705
3868
9486
15604
4183
5912
11625
11915
15942
2331
11906
13770
3423
11105
14829
2093
15307
15567
7356
11708
5901
6342
11438
12368
6413
10341
3598
16859
4215
11884
10196
9981
13795
11337
13192
5845
16091
13133
11694
403
13744
11204
14002
1141
14669
14168
16465
15757
15797
12849
10516
10520
1771
9267
13684
11832
1267
7030
1030
12388
5645
2863
8756
981
10825
11007
4969
13580
60
7402
3650
3209
12879
5084
1977
12637
10081
2080
15362
15061
12425
12514
11947
16077
11920
9400
4986
8560
6171
4377
14912
1328
16000
1670
2641
1196
7134
14737
9349
5114
4540
2040
14258
3801
11144
16197
12708
10877
10567
8299
5851
6132
10248
7994
13965
9564
14965
1782
15249
7395
8844
14191
14986
14890
9836
14579
10969
13068
12287
5830
12239
5543
3647
4490
8609
1773
15752
4323
16089
3024
11418
8526
17011
10363
11606
11894
2135
10206
7555
4511
360
8809
16163
16761
6312
5167
14936
5429
13710
11904
16865
1748
5294
15443
4105
16255
7782
4068
14663
2024
12451
1412
9842
13080
1758
12344
8105
11843
7087
5728
15829
5942
3435
2908
11577
768
4644
3816
6146
11567
12283
13978
11953
5006
10635
3698
13315
9535
2014
6149
12566
2354
9931
8044
3353
3915
12281
11542
16059
8114
1473
7607
14114
1079
2556
1052
3351
8039
3997
2231
3548
15340
14789
13916
9023
11369
9832
14642
7578
9279
8549
11351
5515
7656
3266
7192
10015
3671
15438
12234
1238
15568
12477
7320
5644
4973
6659
13165
15596
10814
9824
6982
16318
9990
9089
13582
7044
16841
13529
863
11288
2307
9529
7086
2753
11684
1691
5436
1403
4474
10746
13501
5635
12994
8665
16738
16586
13574
3731
3502
5805
12244
7392
2119
411
12647
9848
3053
2076
2610
1321
16181
12312
13666
8762
7429
9158
10020
12808
4216
8460
9205
12025
15676
9566
13505
8095
3547
6435
14570
8906
15406
8578
247
1234
2289
9688
9027
6137
13756
6042
4735
14495
13157
3257
11012
2868
2085
13277
4749
16548
1965
10253
416
13254
10686
12009
14766
15491
7640
11339
6882
11126
5037
10023
12790
9704
9632
1875
4576
11027
3452
3715
5060
8724
16955
15087
12254
15509
7267
9731
16323
560
3654
6816
12183
1811
7386
11291
5154
941
9546
1082
9885
7743
8553
14298
9266
13772
13985
12100
14287
2161
8242
2665
8930
11168
10599
11468
13164
14319
5560
15289
9116
1979
14799
5038
2324
10378
14582
1295
10610
8241
16281
12768
9000
10807
3610
973
11314
16671
1502
11242
987
11986
7368
12791
13042
305
8979
4051
1279
10526
10084
13386
307
14236
6224
14502
4028
1301
9308
3269
10086
684
15478
5123
5990
6255
11226
1804
12374
12013
15018
9114
6574
11648
1993
10795
6655
1581
4552
7935
5722
11277
6273
6263
1008
7852
7725
11568
8803
4502
11709
6107
2429
7968
12345
5509
486
6763
3507
10305
7806
2576
5945
3137
7052
12975
5662
8446
9194
13418
11146
11331
10728
6052
12097
12497
2618
15983
14953
6003
11006
6412
8385
6359
3574
111
12352
4401
4665
5422
2467
14881
13405
10383
10622
13421
16490
7532
9034
7593
14248
652
2499
17023
1434
4906
2756
7981
8590
5044
1798
11657
6765
10109
15295
129
5138
13818
9471
7850
8331
14321
6684
5489
8282
12818
3595
13944
7818
12331
12400
4430
4747
16699
15714
3376
9169
1812
5537
6560
8227
1515
15661
16329
3637
7954
9674
14416
514
14201
921
15691
8676
12670
11059
238
15832
9384
1120
1960
11217
3609
887
2338
3476
11213
13403
12110
530
2061
13008
7388
7141
11761
13151
9144
5017
5384
8707
2493
172
10552
12979
611
14392
3106
4154
1743
13566
6364
8309
698
4156
9232
1298
13573
5765
6785
91
7110
7701
15489
15587
11737
7621
6741
14056
15517
3346
3045
8255
16002
7216
1088
6517
8294
16278
14848
4438
13288
268
5024
12944
5562
15989
12384
4056
5954
8729
7406
3263
16245
6801
6091
7820
12478
6869
5349
2597
2795
1912
198
10460
13844
1350
3160
3018
16715
7528
13063
4779
10390
12508
8714
11257
16994
14529
10152
14515
7563
16296
6975
11346
7476
1100
15848
3374
8959
4126
2713
284
11755
5170
2146
6966
5834
11162
15465
13900
13112
2599
8382
1848
14316
10133
4857
12253
11266
10430
3607
2367
11390
8855
1251
1719
1415
6351
14636
9440
5109
4851
9897
15995
14480
9281
3921
3674
14797
2518
8652
11960
12743
11934
3042
8799
12703
6662
11707
9747
6233
3549
13302
11847
12072
13249
15831
15037
11025
5339
10960
8500
2540
13723
2730
2524
11954
13223
8749
10089
15472
15453
7062
4967
5761
12445
16094
16256
5513
640
14707
13021
3070
9983
11299
240
2956
745
3781
410
9533
4859
13964
2889
287
3608
8447
11210
6041
9377
3788
14944
14270
16302
10743
13888
7306
14385
10290
11297
8612
14860
6687
11372
5345
15100
12734
205
7475
12039
2629
14098
11425
13427
5858
12259
14855
6055
2893
6254
6509
6021
9042
341
6571
11766
3445
6062
7049
15840
5309
2207
10100
7366
11373
16975
781
7619
15760
15075
7286
7041
8324
995
5089
16592
6934
5483
3399
6790
13687
15293
11229
11879
13440
16377
7162
13174
6329
8192
12533
11357
14453
12293
11136
5842
1032
954
9569
15729
11628
16785
11459
6606
15946
11349
13986
15212
16962
11853
11054
8807
3578
2892
2229
763
9926
12115
9799
16709
5654
16893
15931
22
14865
15735
10452
1762
440
12550
11963
7387
10669
16466
11309
3904
14192
7559
8969
6026
16326
13956
475
16780
15610
16889
1923
10971
2101
12545
10675
10565
14961
15825
819
2254
7659
12672
8847
11675
1637
3372
1877
6950
665
10517
8269
2598
20
16733
16153
12198
771
579
4903
16800
4789
977
434
9056
10879
13901
8458
2967
3521
785
942
9784
188
1809
15251
13071
14460
2414
16872
4364
11055
8315
9516
2425
8019
8862
16038
6506
16451
10161
6194
3948
2470
16864
16301
13884
15242
14832
2804
12928
13233
12336
5613
7864
4759
11137
10252
4127
10170
499
8208
11833
4491
1754
15888
3858
4151
9242
12918
15892
10025
16557
2503
57
16480
12865
1399
1080
16928
3060
6293
3947
10195
710
10345
15719
806
5853
9800
7002
2305
13654
3032
14144
4053
10961
10977
9133
11005
16149
11029
9021
11892
13448
8061
3705
6086
7370
3229
9090
9385
5012
12340
3767
11087
15449
7526
12434
4315
9323
11808
1714
16711
7142
12717
9040
4858
93
16837
615
5234
9519
7730
3212
8157
2360
5313
6861
15974
2832
3482
14353
3719
8414
1468
2583
8708
8853
12275
14227
8286
10004
15356
106
8941
2880
1253
16801
16049
10762
8898
15000
1736
5203
8507
797
4195
6890
12268
377
1442
12632
15198
14485
589
8156
7682
10144
14171
2879
2608
1536
5796
10321
5332
16152
1603
2545
9909
12680
12792
15025
13003
7923
12815
8889
257
16680
6854
67
8320
9405
12698
7057
12924
4650
13607
6152
9936
7415
1772
10589
6525
10570
6120
2272
14719
8619
16279
15268
7277
10755
11367
13320
15664
7629
6025
13262
16569
11261
3444
12986
11368
7586
1578
10889
7092
10990
13084
2148
2364
4766
11526
10786
6685
11619
13013
13974
11176
5996
13601
11527
2448
9555
5711
11713
7813
1697
4798
6789
1024
8881
6550
4530
7292
4022
13096
2729
270
6903
17004
8123
423
13811
10684
3321
333
10751
12011
9778
15689
16978
9333
7537
326
8534
2612
7603
10995
10199
4094
1893
10336
14300
9231
5492
9644
5823
10476
8272
10711
1528
4396
9561
14896
14104
8407
7452
16565
5525
3022
9751
3601
5173
1752
13111
8340
13246
10872
16718
7492
15250
4537
120
8675
15013
1555
15387
11637
2648
1452
15650
226
47
13579
14147
3699
15238
11310
7444
7882
777
14926
3179
8910
10118
16768
9032
12457
5646
10955
7472
5736
2798
9765
10205
11681
580
11308
12059
13435
15759
8370
1460
11393
1471
15111
4407
11659
12493
203
8445
6495
12738
14952
16517
8462
10952
14493
13813
14735
15781
13115
14554
5958
2689
321
11263
5771
1184
3584
2267
13596
12980
16017
14390
5545
4637
2857
1617
13941
3171
4454
15909
10307
9494
14845
10839
3492
12285
11101
9387
8565
12793
2239
102
8284
16818
12608
12442
12891
45
9534
15196
14638
13292
722
5894
10958
3182
1575
12940
6240
7235
6885
8925
9178
13098
2198
8421
14384
8484
3525
16851
2542
7933
5804
2568
298
11889
16731
7270
11447
14010
4627
14792
7773
6994
10544
13314
3980
7329
7426
10246
9781
1931
15518
12668
15483
1542
5516
11067
10555
7025
6095
2570
16964
14169
83
6100
6267
11274
24
12811
14439
2864
12391
13516
1128
109
14209
10772
4408
14036
7838
3021
9689
5028
15918
8100
8133
8645
5724
8932
15900
12660
16014
5134
4208
7836
14870
16973
14231
7257
6762
6897
3104
6063
9622
13010
8350
13029
636
7188
9932
7496
8334
14345
13867
15994
15699
3296
4428
7099
12535
5626
11620
11207
10028
3779
16430
1099
1486
6058
2309
7139
8604
6451
12724
10826
2852
9024
11863
4882
8738
11116
13948
7636
11922
4429
3510
13828
14887
8072
4921
10007
2602
9017
15646
5454
15879
14990
16260
4699
14282
9321
4914
4446
14635
9389
9167
15818
9771
13800
7653
7671
4237
5949
11551
16299
9869
15851
6729
8017
2904
15955
5376
3068
8410
5267
11246
4755
10036
8570
4989
4742
15488
2396
14415
13114
2626
8620
9076
12620
12464
6778
14256
14412
15142
12931
16045
3348
1574
8759
3985
16838
3765
2885
14548
5965
7070
10258
12197
2326
6280
1504
4919
12145
1829
4769
7345
5417
7340
16252
6651
11362
5740
933
3141
6449
16056
11161
5922
14077
1405
14573
1391
7795
11540
14336
9449
12257
14742
8952
15603
8459
1188
11615
11962
7490
8182
4595
1684
15132
9730
1540
12704
5571
6311
2561
14689
1493
10643
10029
13921
6707
9709
8270
8197
4050
13721
15413
8561
9150
10754
14630
5265
15463
6373
1303
12305
7726
16133
8802
8113
4138
7273
4551
16957
12961
8877
3495
14599
11396
6947
2663
8541
4335
7928
7778
2316
4314
13200
14825
6814
8982
10339
12080
1241
7319
6170
14017
9251
477
16618
3059
8287
8085
5478
11193
13554
13761
2192
894
8020
11391
7679
301
12948
3875
8832
5959
4775
12688
10326
8342
15101
793
10932
5330
13350
1786
15583
5670
80
807
9419
14498
8782
15579
841
16944
14688
4348
1524
16992
588
837
6828
14272
5335
6670
9947
3001
5414
11461
6526
6270
15593
16350
696
9374
12099
13910
2039
13832
9457
3922
7971
11817
14355
5611
316
8468
5831
6133
13207
10903
4133
14637
4727
14639
16366
3556
5503
10638
10063
7337
528
16477
5108
9875
15937
7394
9998
12807
5314
5790
6581
9923
10012
15803
3631
626
11182
513
16035
11964
10935
9821
14597
6514
16462
17016
6461
11925
6664
2127
8842
4110
3757
7675
6301
4842
134
1821
1093
5625
16169
5064
3453
8210
10663
2781
3661
5725
15038
7334
16965
5546
8453
14816
14969
10890
9837
14895
3381
16159
13040
2463
7170
14703
4580
11174
6009
501
14018
15325
3292
11106
1969
3252
3615
7633
14749
6410
387
6181
1038
4963
8277
4575
737
11951
4612
1529
6920
7004
4690
9588
3218
1759
8827
9217
13398
3136
13776
16389
10203
16796
10130
15623
2883
14831
15287
6102
8196
1059
9187
9235
256
14942
3410
11548
8817
1808
13461
4473
6379
16199
16925
10091
811
15539
685
3749
12075
12377
132
4538
1362
6838
3847
16167
14461
15497
100
13791
1154
4689
14377
3855
7416
10874
125
2944
14534
13434
16476
7221
16604
13719
13853
8947
523
8001
3914
5271
13035
11147
15160
504
15005
2371
12998
2125
11876
12411
1487
16303
10876
16760
3056
15002
10249
8968
11607
14932
12121
7445
3156
13897
11674
16010
12017
7575
9283
11148
11923
7738
14723
14086
4202
4158
1272
9524
15041
4194
15219
2150
2141
1122
13919
7116
10455
7021
14387
14644
7807
10251
11483
15741
14680
6344
12803
8360
2451
12247
13432
345
15262
16383
2604
16135
7378
4320
17008
1554
16854
15001
16726
7638
3128
12237
5521
12795
10454
16556
12012
11311
13050
9036
10301
7311
784
2702
14338
616
4617
10407
12298
9752
16533
4152
8161
11640
9293
1115
5539
4645
10966
112
10289
4282
592
14957
1605
16244
10324
8373
7781
14477
6636
3761
10163
10843
13464
8829
2348
13902
9681
3057
2116
7896
16023
6595
2611
2882
4182
7887
7883
4181
265
3795
5104
9086
14610
4233
695
7301
3624
659
11685
8351
1961
1855
12677
10488
12255
5386
12937
3223
4292
9788
713
582
7364
14876
4802
11692
11858
16547
8769
16507
2578
2644
15877
6383
1047
1715
12984
8838
2826
10572
978
12205
12725
4494
12640
5767
15608
7614
9908
1543
16434
13170
11298
7952
13961
16029
3657
13431
8361
209
311
3256
2392
14268
5558
4652
12739
15304
12607
7835
14998
10587
12193
2496
4664
9544
10946
13439
5444
10005
7949
5437
16641
534
1997
14234
2292
14925
16553
2861
10176
4101
7358
12564
1329
1404
29
8013
10193
13650
883
7315
7826
1210
13090
1275
8229
10532
483
10661
14500
3226
13426
9539
5639
7430
11633
1818
2333
1098
4909
6018
9316
13608
6973
8922
8716
15040
7546
15085
9780
4844
11967
2571
11704
11428
12603
5603
7499
12600
14339
3184
16636
1784
4947
4340
10066
9880
6955
8176
9705
12965
5576
15916
13088
11268
14188
12432
317
5393
12219
14426
6533
15360
7006
10082
16459
10736
7244
2441
3157
3293
5666
10894
11135
15138
10379
12470
844
14541
5398
9831
14643
7941
13980
10501
13067
9722
5153
8264
16306
4962
11594
4225
10898
4878
4610
13951
13186
15261
3016
5175
12335
11544
4801
10559
5678
3887
14781
13420
8962
8060
11801
13774
16896
16815
848
271
10041
13297
454
13664
6073
10295
13548
9073
7678
624
3017
16500
14908
4229
1972
3119
8036
1922
5121
2345
4657
3432
2154
11621
2910
11140
15816
5156
10812
14212
2929
7667
12658
3973
12813
13624
8397
244
6989
5817
953
3405
12573
13479
3404
6821
2660
7851
3670
12947
12355
8686
7128
1457
9565
2779
9866
7720
10175
1790
7917
12057
11485
5324
13280
15191
3066
3364
7363
8406
8993
15282
9019
15059
15169
13669
879
1152
512
733
12782
11141
17017
13189
11519
13444
8687
11940
1842
7353
12444
16227
14683
8834
14996
8514
15761
3400
12560
4067
10442
10235
71
11037
15624
8037
1792
218
9678
11800
14154
5791
1868
2655
904
8865
12919
16989
5059
10945
16642
9863
1920
13822
385
16701
4106
9520
11384
3998
16172
4090
2637
4623
249
12124
10464
10405
5452
3090
16241
5999
7398
6488
6187
2878
16168
8999
12238
7844
734
258
12605
2547
1317
10030
4797
15425
6114
6445
12297
7823
4040
11751
753
14410
7906
3618
16024
587
9343
16986
11235
1916
8589
661
13689
6969
10745
779
2816
10647
10190
584
15744
13798
1506
15928
12771
16742
8186
6150
3054
12182
2828
10009
16432
8045
13033
4017
15622
11046
11701
8775
3539
8825
16585
13338
123
4916
3830
13836
3962
5573
16620
9318
12733
8672
10242
8890
3955
15506
9726
541
11563
8755
4286
12584
7736
9289
1256
9635
3172
14186
2070
6414
15461
1938
5923
7229
10856
5994
8201
14197
16085
12166
9985
3304
8027
2934
11896
12556
12884
2937
8668
2724
9398
16656
16174
3127
14973
4861
5409
1485
3317
16428
1685
1654
16438
3681
13665
11513
15477
2640
14776
4751
2787
16571
8330
9558
15586
4044
8026
13351
9887
15927
11031
7672
10739
16554
13886
9521
3284
5718
15678
7786
4814
13794
11698
7648
425
13701
1738
689
13443
5476
13354
7780
12143
2801
5727
7414
122
11824
15164
8174
11886
2821
5737
13000
10250
6714
7077
1854
16125
10024
14759
9396
7871
11732
552
3138
4193
5712
3014
3181
1189
7428
14317
13283
2036
2462
9314
16158
13674
6118
11534
2684
8252
14255
5991
1397
9483
7212
5833
957
16487
8793
12583
12206
14814
11723
14715
11018
3342
1431
9647
15580
12476
6072
15123
6
13028
12487
10478
7511
12784
703
14499
1951
12191
3318
13391
15987
6553
600
6978
12248
1579
8429
13801
9275
1996
3338
16481
15769
15351
16672
10560
9847
4939
9725
14835
15544
2078
1157
7927
13543
2823
5083
6362
14378
3125
9822
1949
757
14103
6918
7063
11139
11941
577
15030
10333
4510
7161
6167
6087
9537
16667
5078
12020
15345
8861
4061
14883
1927
2227
8983
2205
10273
3324
10178
2280
2710
2208
3669
6459
5587
15043
3380
729
441
845
5128
2998
5135
9071
4338
13244
15716
4026
6808
14432
544
1076
2015
404
11500
8583
2471
12475
13127
9922
7117
699
16126
2919
2436
12699
10507
11710
5547
5183
12330
7894
13641
537
7790
3401
15923
9110
6243
6075
13049
3250
8042
2045
7307
5746
10668
15834
10416
6871
15184
9757
13095
14470
1518
2334
11473
12289
4077
15715
8894
16762
8830
14184
4862
5578
8193
16340
16876
1086
1474
8872
10436
16657
493
11965
7327
5370
12664
697
7131
5703
16240
2005
10229
13286
482
5054
13546
14615
5143
8216
1700
3315
8715
13333
13984
9028
7124
10835
2145
10035
277
2915
8592
1708
2233
16948
11958
5439
11089
3540
12089
14762
7271
16997
15846
2794
7822
16681
4042
11850
7530
15682
9402
8291
421
7479
13931
9628
4455
10191
4311
2286
452
12747
9401
15070
11232
10359
9055
16160
2954
8919
16201
3865
10465
8966
6134
17019
6420
3302
474
13087
14834
628
11305
15115
16589
7885
2335
4102
13064
15393
38
10198
11408
4251
2546
6112
6046
12916
7149
5461
4917
6262
16043
8244
7707
6586
7045
7735
1560
15891
16597
8911
4308
4613
1459
8605
1828
3900
10557
10064
13390
6028
14900
1285
15168
603
8569
11486
4185
14205
11596
10806
14007
6559
8450
1454
5132
2042
8094
5773
6159
6976
2706
13053
8116
9394
2184
7558
14576
15422
14304
1597
13923
4863
8390
15838
13558
7860
6865
10678
1610
5744
13870
3180
5567
15710
15270
4041
6355
8461
2872
874
714
7064
10530
6339
16678
9258
4371
693
4964
7040
5610
3784
15788
13510
5061
2613
3744
6234
9879
16488
12380
436
10328
10994
7199
9759
9964
7564
6851
2777
8080
1091
8663
12225
9545
7140
5862
12128
438
13214
11882
5455
12200
12858
12828
15290
3463
2013
1810
12279
12586
5738
13680
14696
14280
11969
15750
6923
6875
4730
9219
8767
1483
15418
3580
4302
8513
1535
2664
16469
9596
14116
6706
16105
11
629
15627
9845
6300
2355
12073
16540
2555
6321
1813
681
13581
12764
9856
9185
13878
5141
10111
13109
5323
14628
13121
12542
10719
839
2721
15940
7879
13936
8581
12204
5801
10062
12350
14560
6552
10732
990
5918
5647
15353
16519
5799
5087
2370
9171
4717
6074
9168
2318
4750
1940
12029
11124
11328
5124
9621
10320
8195
7230
5786
15572
15631
4038
2384
14093
6179
11304
3966
1387
9011
8657
8048
769
13250
16621
14991
4615
1495
6408
1753
9643
4568
4209
8677
4987
15986
399
8335
7787
15630
12265
15513
1737
7037
16429
7800
1428
15672
10722
13935
2585
2350
4157
14276
3195
13618
3573
14295
6874
8055
2692
2226
6097
14175
2165
10296
12635
2506
4762
11455
16324
1085
6294
1371
12721
4668
15
598
11738
8647
8688
2294
16781
15153
11688
13691
3407
7711
11411
14465
14795
12867
16884
10699
6981
476
6839
13424
3434
13638
8443
12491
4166
16538
8794
15156
14024
11177
14506
8653
13963
1422
11995
9411
1929
7967
10315
16314
9337
6546
8004
11566
8582
651
11013
15854
7255
15498
6753
7322
11415
15195
10411
6036
9733
5337
7093
8491
8731
14305
11634
8900
10159
3389
11436
648
11983
2788
15881
130
1889
12490
1564
16148
4619
13059
13614
4170
6485
8680
2746
1435
7269
16771
787
7043
1073
3906
3465
5021
11153
14520
14414
4514
6247
4495
11895
2023
6316
12175
16886
5292
5400
6031
13957
15827
7377
6735
10431
9826
6744
11973
15880
11784
15960
2088
3369
4211
931
10392
9852
5160
8743
15783
10210
16120
2810
1665
8059
12713
7236
2285
8839
5599
1017
9975
9416
4433
15997
16384
6776
4404
9181
8256
1127
12593
1472
5838
3774
16385
14587
7895
8444
7772
1203
6578
2405
7516
5481
15035
7481
1250
11312
13945
8413
10230
2123
2870
1211
7035
7585
4737
1169
15230
3694
6556
9999
3811
11815
2559
16825
4918
14428
4984
8205
11493
14228
16258
5022
570
16999
5694
16674
2000
487
2051
9327
4740
16567
7011
1360
15943
2172
13006
3934
12943
8987
3971
4177
12095
10816
12499
3487
14649
332
1847
13914
2818
10901
9522
4994
14492
4399
10090
9375
2007
1240
4507
14851
834
7874
16652
3843
2986
13232
291
14034
286
10741
2941
1051
16996
4523
11578
77
7359
6795
1935
14657
5441
9673
16439
6720
14450
13845
1259
2098
208
6740
12044
12195
12492
9858
11118
7167
15221
3972
3120
6430
7869
8300
7891
14158
5502
15375
3920
10448
4596
15288
8760
12832
11699
396
3083
15748
2705
16807
8886
12767
12364
8977
1846
3879
13327
12472
9613
6216
16496
4953
8088
14204
8003
4422
15258
5331
10134
9075
6190
6182
13637
15199
5910
16875
281
2950
3837
2917
222
6076
16012
10432
5594
15051
8943
7207
3357
14841
9728
6326
3469
16247
15822
7631
9498
2301
5395
1066
394
6218
6127
11221
15845
15009
15516
70
1353
1049
14214
8333
13366
5870
9165
4272
12455
12112
11458
1155
8169
14252
3467
11823
10925
3159
13960
9084
1455
2188
3628
4780
6837
10325
6905
16504
4889
16616
14939
11880
11121
14327
11859
6990
13952
11875
5755
9567
4376
5474
7721
10330
15146
9320
10127
13538
14833
13829
8751
15474
8349
8143
2073
15479
634
6513
5229
1669
6083
15464
1898
4298
11705
2156
6870
3130
15162
5715
5726
10928
650
3367
4423
1836
2297
7698
2903
12154
605
12327
10547
5366
7573
5577
7449
16454
352
2382
4043
3335
14435
4959
6437
10466
12629
10214
2357
2420
3246
12201
196
2152
1342
9502
13706
7223
8992
2809
907
2344
10840
5963
11423
3723
9720
6380
11529
11426
13981
13513
6156
13512
1533
4283
808
759
13825
366
10102
8199
13893
4614
7695
11794
4357
4415
4425
16019
3589
6672
5276
5019
2938
4620
3235
9536
2902
14488
1029
4924
13329
13688
8556
11897
10824
7542
16445
14119
7056
7237
14394
11845
4275
7197
6203
535
11333
16020
15494
6385
1007
16911
14538
8702
4761
10283
12728
3822
2295
5381
4698
10259
12939
3916
14123
15273
12199
6219
8031
11039
6653
6774
2776
6189
6743
3520
8018
15965
678
682
13451
4492
12147
16448
11040
7548
7572
9882
4199
16599
2854
16615
5223
7970
7189
5661
1503
2839
15575
6249
5950
11065
15382
10002
5595
3576
16180
11532
5969
14446
16031
10575
13715
15591
10334
11846
10862
14427
2461
13447
7113
10048
1087
10748
6313
16011
14424
9429
10110
7343
11379
3194
11095
13564
1713
8425
9277
8191
4830
4488
16974
6473
10759
11209
10709
16782
16593
2428
3700
3105
2999
13651
3314
12024
4558
13938
6411
14555
17
14087
6752
5939
11565
15471
15677
7549
6049
15078
319
7755
16759
13982
2834
14527
12761
1209
8422
12227
12576
8813
2001
14606
1710
1594
8155
4728
16511
8674
3117
14045
4843
14132
8319
16334
7240
2264
2209
1089
3278
666
13868
12736
7101
15204
12900
13930
2336
13467
8449
11899
9386
14430
9381
744
3174
5937
6476
10965
15327
10075
133
1565
14094
9437
8352
10757
15628
7480
5944
2975
16353
2719
5956
901
13100
9484
11251
11911
1901
7252
10167
10354
16697
2744
15048
2907
9930
6490
6831
10646
16605
6390
5171
2837
3255
10713
5902
10924
15301
1741
13410
13155
10197
5664
10277
798
12842
15804
7643
17010
5145
9576
9080
16388
876
16396
6637
6441
28
6567
13159
4321
7347
2785
7684
156
1327
3928
2374
16590
1232
8138
8482
4770
16485
16183
5897
3337
15853
4685
960
16752
8317
12684
13395
1511
10934
12833
7812
15297
4019
7655
4125
2569
4205
1026
2030
2394
7468
3504
10139
15558
10930
9653
2222
15973
5601
14102
7962
14089
8884
15605
14143
10438
6221
2249
7463
469
11077
12541
4605
3005
6269
11108
14173
7982
11990
13880
11744
7219
13245
15883
13591
10457
3291
14585
11427
15352
7352
11381
6486
4190
16352
2427
1429
5504
11474
9490
14400
9949
159
8043
3844
8118
16483
2010
9849
5005
15790
15344
224
7373
4803
9724
4571
6699
4864
6713
12990
7728
14913
15639
9646
12084
6057
15420
9351
1050
9986
14842
13924
6860
10044
15053
14356
13004
9825
7617
4653
1064
8575
16562
5166
4391
4079
17015
7957
6823
9963
16900
5085
13560
7381
15374
10445
6250
7228
10796
16836
10120
10763
2759
12778
5697
8732
15859
1338
8207
11583
7422
12386
16205
9322
10782
3124
11398
16934
11300
3371
10154
15139
9388
5847
6898
11643
8448
7881
9255
12190
5169
10510
5631
1599
11653
15263
14949
13160
12882
2662
1255
7165
9287
7909
13310
612
14335
12412
3926
548
2667
12148
7029
11206
3393
11787
10092
4327
14699
2519
10886
11748
2363
2693
3708
8768
6694
16275
8183
12271
5593
1045
2906
5820
15529
11086
6253
13066
15298
7570
10568
10540
15129
8997
6417
4024
13181
10805
5243
10456
4149
13097
5655
5385
2332
12788
10424
5783
8741
2016
15326
7498
3100
15452
13209
5125
12415
9272
3660
6121
5551
16166
12209
15379
5463
5687
11325
1917
10247
1448
2650
6090
14686
15957
13072
6716
9902
5380
6039
14626
13906
940
9463
4231
8726
13046
1334
1318
15976
15372
7383
10936
245
4692
7293
12912
7031
16534
7719
14138
5095
12264
12169
11499
16661
9015
16150
16450
14884
16755
32
8852
1456
14391
12654
8424
6853
13243
16940
13876
13713
7034
1559
16137
1443
13896
2478
16138
4718
15535
3238
9119
6880
206
762
7768
4461
12480
2678
3730
2737
5995
6393
10342
16482
8690
1585
3413
4838
7448
4517
3969
13786
16588
4069
3812
14150
8419
220
12354
6642
10238
54
12261
3817
13705
12701
1449
6730
14069
11658
177
13990
9620
5597
8730
3429
11194
8542
5107
359
7178
139
1870
5225
1398
950
15828
15335
5464
2008
14118
4493
98
1349
8953
2283
9399
4274
5920
1988
14901
2377
1806
5137
10691
8902
9270
11988
3086
562
8737
15095
7196
9804
12048
16716
6626
9690
16635
16659
7680
9912
5303
11972
994
15131
8873
11452
2381
5176
6953
1851
5898
16026
10679
4078
10508
1778
6739
16484
8956
10362
7450
5410
7892
4663
13551
11167
3470
15234
9357
8790
10983
7565
15707
15662
2032
13659
14172
12597
6967
4711
11301
5669
12875
10215
1780
3760
2260
110
10688
4938
2707
2609
7080
914
8779
2330
9749
9104
4585
14219
3267
8628
6503
13030
11509
7681
789
3863
3254
3148
16696
9120
9439
15890
15200
16505
15779
5914
12399
5565
9776
15773
865
1173
14968
4975
16728
2672
4833
1871
2169
9910
10553
12324
8880
9517
8905
10907
2157
2163
6174
13662
11742
8185
7436
9572
7911
2177
11728
7066
4416
7803
12062
644
7281
4560
871
15884
2727
13903
12082
15455
10131
9009
11924
15855
8892
9101
16363
4426
4772
2505
4003
7115
7832
15581
5591
6361
9247
10278
2197
8393
14778
13240
7465
395
5698
16411
8023
8735
8305
7961
118
712
16390
15534
5676
14967
9801
4983
15523
14142
4063
4513
15163
9264
15267
12962
2551
12172
599
6971
2738
5158
8797
16356
16735
3815
2799
4458
14557
6611
176
5869
10375
6943
15985
365
5682
9364
16234
1335
3545
9973
11593
8257
16967
8308
3058
16721
16797
8098
3518
9785
5970
1781
7372
2103
3559
15231
13739
9592
5883
13091
10968
4713
5888
10056
2114
9934
711
10667
3859
15679
7992
4395
1568
1271
674
10756
10550
16283
9743
928
2434
3619
7234
12188
1576
2347
2464
2949
408
6834
4248
9766
14290
14250
13230
7023
15253
16470
5921
3733
6597
6594
5111
3370
13953
12633
2447
867
12500
1974
12359
8801
12065
4566
11673
10585
2977
13394
14111
12215
5238
8117
1878
6369
8223
8576
16170
16743
16920
8694
1886
12773
8990
11613
16210
1054
14945
2422
6456
7338
13367
11276
9815
4172
16132
344
15254
8522
13685
11533
12954
5780
7502
3041
16633
7443
10143
15731
3949
3621
6139
13436
1832
8995
10827
3707
11400
6338
16877
5813
15638
4387
201
15120
14001
4092
6604
10367
6363
10264
4227
11003
2453
2339
11269
14417
16720
5584
7505
7312
14653
1384
5855
6286
9854
7485
4070
6621
14409
8785
16317
5612
398
11178
7048
2401
9376
9262
13857
1224
16887
3592
2803
11672
8276
5636
10340
4409
7183
8046
15150
14731
5206
4616
7746
8783
2566
10939
15981
11303
11857
2361
12631
1101
5984
4243
16463
9446
9813
10303
6819
15404
9253
1297
9046
13389
16381
7556
694
17002
14076
5202
7019
16692
14730
328
14889
12181
2856
12883
6717
13480
6158
3167
92
1040
6126
12367
11599
8796
5032
2563
656
13036
49
3061
16185
15398
2925
6480
11978
15554
437
2406
7349
10665
6505
7557
11893
13714
9864
8980
10744
15322
12466
15333
16202
2186
5281
4979
2025
8883
11991
12136
4524
7685
6991
12086
10072
11646
4445
6215
9435
7304
1175
12001
10412
10451
2329
13166
5031
12642
5392
12997
8434
5029
16766
10274
10128
5053
9807
9191
9215
15705
15155
12580
15563
857
16080
2433
369
937
11195
2050
13737
12393
7676
6693
1749
5756
429
861
13767
3191
15861
1966
13995
1628
9048
5342
7713
8559
13352
623
1142
9850
14107
7819
3839
6421
13808
7916
14709
10370
16288
204
15093
15174
343
10446
12594
10426
9467
7095
371
8626
8051
13603
347
5878
5875
2500
14783
15027
4393
13988
14422
1734
13336
11756
3294
2400
2057
36
10873
13520
1005
5235
11968
9142
7081
7462
1906
6583
6570
3436
14594
12587
7336
1802
16021
3108
14710
11753
780
12735
457
9051
13537
12385
5828
3479
11287
985
8753
9742
10135
4900
3164
7298
3334
16051
9740
660
2248
2151
5497
9159
992
2183
1616
8601
5908
15437
10857
5989
3856
14423
3373
8302
16400
13869
6236
5589
12520
4313
10773
10706
15500
821
12539
7437
540
9448
16419
121
6545
2097
1376
15097
2122
8525
9068
5066
3213
2871
2230
3222
1341
6424
15496
3237
11072
16018
4993
12042
6291
397
13890
6931
5754
10607
15355
1509
12111
13740
11855
14389
1243
3514
8243
8754
13771
15898
1840
6405
1731
9135
8944
8296
1779
6962
3720
4790
7058
10677
5319
11559
770
14199
16969
8711
14608
12575
5200
12420
13248
12404
11128
3697
1104
2271
9134
13110
10549
9198
13264
3472
2897
2682
5185
6745
12226
7208
3034
15532
2299
13655
8858
13441
388
13864
5721
3818
4776
14983
8641
6988
15695
6647
6979
11836
16826
9805
2110
10674
2321
9877
13987
14085
2909
5041
2359
7022
9881
14318
1709
13266
1569
14863
12064
9288
5710
15247
4431
9298
14760
9225
3918
330
1320
3352
3251
12067
234
62
2443
7752
5905
6810
2296
1963
12308
15975
2087
8189
11224
12165
7566
4853
6999
15192
3417
9672
8951
12686
15460
3064
13648
13694
13753
1068
16499
6554
7214
9616
16099
5686
8492
9988
8527
16436
15780
4883
15620
10863
1183
11203
6401
11498
322
2049
12301
3782
6227
7930
16576
7622
3711
11152
11703
9513
1214
4168
13387
2688
5450
8649
738
15836
7246
12618
6372
4923
16632
5766
16639
5207
9163
11085
16530
8016
11721
4055
13860
9514
16124
9309
1682
9049
5305
15367
7125
11020
7226
6130
5334
15902
8602
15237
13153
5762
5443
3505
4604
11773
15835
16788
2047
14314
13172
16660
4817
1630
14546
8651
3493
9737
5651
8946
5249
13206
12322
14609
8218
15919
5190
1143
6222
1874
13824
5824
15772
14152
7727
15961
2653
15895
2939
14598
8984
10670
4516
16907
9069
7951
8099
4065
8222
11711
7067
8268
13686
12079
3084
14559
2797
13882
3153
12473
15068
1545
15110
14275
11475
3680
16784
9618
8009
9794
14148
11966
10882
16694
6840
2454
4213
11317
5741
7061
15977
8064
2676
6264
4704
13281
5205
4236
10933
8539
16372
12296
13783
14333
11117
12146
1299
1611
14403
10026
8035
11258
8608
558
8658
10997
8021
1796
7975
814
10496
8409
14533
8917
11901
13341
6558
13642
3686
5518
6640
10493
10187
4033
3490
1646
6466
12358
3703
10612
12228
16839
3158
12730
11907
9236
16447
5080
2700
10256
11330
9420
12408
3564
8840
10483
1426
12088
15064
2445
4442
16491
5629
7592
7732
1896
7473
16386
1028
10069
16713
14302
14519
8236
2749
16941
4201
5230
1002
8546
4062
7748
4536
479
14654
14786
2065
2726
5909
1763
7764
1374
6173
4544
679
2875
7009
12758
16924
6333
4594
8888
13012
14046
2343
832
14473
5739
1499
16608
1288
13370
13788
11403
2773
6200
10376
8630
4788
8572
11752
3102
1193
1461
15341
9197
11026
927
11971
4955
14042
5598
14752
16626
15718
16184
9310
7626
10787
4293
12804
3354
6847
295
13932
4096
6394
635
3986
1228
5785
1158
14552
1197
872
14595
6019
6901
8568
16164
11099
12288
6764
8455
4710
3274
898
3742
9329
590
15259
3630
16821
14665
107
10505
33
2337
2993
15441
9103
8481
6878
1522
13848
16740
849
7811
192
13532
5794
930
1273
9445
9921
14511
10257
6993
9115
8423
10681
6346
5274
5919
6812
4602
16582
306
5893
3590
1249
13213
484
11070
2055
8772
3569
8811
15161
16802
3047
3519
16640
12317
4254
601
6734
12646
8685
14928
9661
3975
3965
11024
11618
13347
471
16677
9542
4515
5015
14535
934
15979
280
13747
4877
8955
5723
9220
2216
14684
11430
356
5581
14210
7594
3737
16154
15584
4279
12610
3220
3729
2466
766
8748
16953
5615
9957
2218
3040
10545
15632
16276
11433
10151
7172
1355
13833
2052
16143
6623
4976
8228
16564
15562
2630
4192
12512
5800
8160
11189
8081
7980
14362
9102
14309
9905
2155
6111
15024
9650
11718
7501
7646
3652
6551
2982
5073
5184
6141
11976
6099
14311
3632
16844
6788
10472
8835
16443
375
5434
5471
1703
14207
9464
13141
16668
11587
9044
2807
12820
5188
14787
11231
2041
12053
6773
8967
13079
12959
5836
578
2419
10836
14088
15109
581
1242
2783
6425
13219
12006
13806
15537
14921
14927
15440
7010
6622
13735
9554
8504
12014
9450
2536
16880
4942
3804
12441
7253
11270
4486
12983
3262
15012
16912
1980
12003
9123
6366
7616
7613
10692
14517
11813
12494
4678
5907
556
6951
16225
9624
5317
1861
1365
14987
9823
1330
9610
6675
6963
10902
2970
1805
3935
855
6892
2537
1687
2029
13052
12582
16655
2323
12379
6237
6542
3006
12262
3004
5448
13274
9121
14486
7224
6532
16358
6429
15549
16609
645
13009
11994
14057
8629
4373
12613
14262
4992
13466
13215
15972
1220
918
14826
1326
7583
4451
7550
324
15958
13704
15149
12775
15046
9447
13279
1769
6205
8178
3667
3929
16820
6235
5239
3249
53
16811
12988
4410
3649
10917
5433
11927
2423
13859
9668
16405
12878
16756
4621
3356
8948
8521
15573
5248
760
10514
16070
12706
4487
9925
732
11731
6078
6131
7456
10239
6857
5405
4965
11285
4666
10415
14946
8014
11370
16897
1137
14369
617
15470
3770
3633
875
12332
13349
10620
7129
9991
5946
189
14061
16212
9155
4583
12440
4045
1720
6475
6443
3913
15094
11869
5003
39
15081
3488
13404
8428
15670
8480
6972
12893
5174
15647
5798
12015
9022
10864
11579
9606
7153
11812
11000
13999
12809
10393
15625
13385
16945
2117
8750
7785
2530
3431
840
5575
14572
4270
1892
9631
13179
3101
1221
15363
6540
14542
14408
12114
11480
15990
1343
10145
3067
4012
4981
6887
1590
13814
212
5940
4363
7013
12595
14475
1083
4935
14120
9746
5561
15358
2679
8496
4117
5953
11629
3497
1733
12702
8660
3555
4129
357
7536
10534
409
11173
10459
11280
4634
1613
8989
1981
8111
2517
13184
1006
16575
5113
9153
6406
13094
16918
7898
8503
12274
8610
15236
14113
12302
3754
7691
10232
1632
7323
15128
18
7733
3666
2111
16307
7863
7385
6804
5218
14038
11449
6625
4351
2673
1125
8717
4722
13834
1060
951
283
6708
727
8494
6195
4147
13183
8490
4234
8975
10437
14522
10147
14744
11679
2082
12753
5596
7446
13611
8765
126
7988
11220
9234
13224
4806
15821
15240
5861
1117
11650
993
13540
81
15057
7439
14443
11467
16563
6891
1116
2293
9634
9297
2489
5642
1312
13452
8148
746
12323
7618
9648
12446
10941
16194
6929
12510
4928
12045
3543
15696
11706
12129
16063
4791
11597
2876
2928
10577
5879
5148
15768
7417
6192
11839
4221
2490
6013
9252
3
4468
1174
1411
5192
14023
11974
85
16882
2140
1925
433
8283
1876
11340
6543
1481
14283
10650
9625
11284
13708
12031
1440
10660
1864
963
6482
10929
11556
5961
7464
4299
8478
8416
3636
14650
6399
15508
13363
14476
6472
16121
11528
10884
9415
1609
16572
2674
9228
5431
5792
12766
7938
11443
10910
13383
241
9302
5866
2643
725
5402
1246
708
12066
7889
3805
13547
8831
16360
8165
13255
16107
9568
13317
12439
7169
10828
4375
10753
1323
835
13763
13969
9636
12211
7488
14049
13188
5076
7540
14830
4731
1750
10655
1689
9927
6841
10657
5348
12101
10049
4171
16053
7111
9414
8744
8857
6007
4846
16320
15865
11470
2765
12802
11690
6064
9131
14964
6609
14553
11507
10915
6053
12957
5841
2587
16888
1747
2245
4291
5098
8338
16669
10241
5350
15607
1131
11154
2921
5652
12467
4054
10598
13116
14770
13653
10357
5097
9413
10073
10733
15223
4365
5232
16691
16204
10
1463
1186
16981
5172
14482
8841
1324
935
2531
12258
6845
5653
11938
10769
9282
12222
13681
10316
8173
9077
1797
9829
12906
10158
2769
15276
2595
5967
6811
3889
4463
10714
1831
14420
14441
191
6220
9250
5415
5194
16751
430
5255
7884
13185
12427
6827
7544
8591
2541
11603
1160
7350
4206
1857
10569
14774
3336
3114
6124
14782
14846
11363
14717
7953
16414
8177
5856
4250
1266
5549
9844
12037
13643
3111
9065
12459
4600
14550
4606
462
11019
2960
7712
10318
2413
12606
4260
10819
6014
7519
9549
3211
910
13656
924
14382
1765
14629
664
13318
1508
10453
11575
13750
2743
14208
9969
15806
5359
15145
967
1156
700
15337
9362
10954
14819
15103
4734
3412
1991
14892
1936
2275
5062
15099
15060
9965
7239
14194
4949
5236
274
12624
16380
2255
9559
13265
10703
3081
7608
7842
3977
13612
4584
6576
470
10988
8823
5394
4904
4680
13585
4301
5764
16686
5630
919
11036
16265
11992
8866
9259
8580
16022
13298
10211
14202
10489
16379
75
14284
5147
1477
2716
5743
10837
14445
10122
2714
7756
8107
998
796
531
9640
15136
6995
2486
9924
8285
8949
14877
15396
9834
14907
15924
2817
1957
9353
4826
2628
2860
4519
15732
15830
13416
8537
10614
7964
10138
6428
8281
3586
8412
16690
5693
2624
5987
9164
7710
12844
12210
5336
9403
13323
3908
13193
8599
10717
11757
2774
13881
2512
668
12649
3622
4982
4706
11796
10784
509
3503
12579
4997
16933
11414
11586
9390
14293
9143
8261
16216
16423
7914
9469
15543
1229
15346
9203
5430
1370
9033
7160
10956
2984
1989
7767
6605
1124
15978
13600
153
4000
11444
16892
1788
12361
14213
8240
9665
13533
14992
13348
929
6185
15746
6679
525
13530
1235
8719
1206
609
5301
11122
11409
9586
4380
7866
3575
8988
15914
5554
7931
16594
15530
14580
15364
2168
12292
13588
7825
3923
6033
13124
9072
3853
3596
10848
1711
6817
5197
7457
5120
11256
82
15566
354
4457
2
16364
5338
6006
16409
5396
9817
9067
6921
5306
11187
13408
5621
15482
9590
16793
7152
9795
6196
11348
14471
13918
5456
2214
15466
1548
6487
5663
16007
13807
7639
8047
5758
89
490
5421
5759
8700
10978
1860
12800
14342
12250
15457
13894
8642
1807
10749
3634
8740
997
8965
12142
15019
6108
68
12383
16808
12007
1379
5536
11537
12102
14153
10361
4255
1586
2987
11419
958
10747
1380
14545
16950
8112
6010
925
1903
3096
7071
13335
413
4130
9775
1968
6211
14858
9541
2046
12902
2972
2607
10619
16453
2044
8939
3727
16988
9233
8386
4372
11948
12904
3585
16794
9808
12060
10255
7757
4633
8901
14713
13469
9189
4783
9091
6176
1149
378
6246
4875
2090
14218
8121
4500
10906
5749
4178
11611
13070
3993
10021
6453
14406
15901
10820
12886
7858
16479
6153
12304
16972
11918
12949
9118
9703
1150
10121
16286
7287
6371
8115
12914
16993
12160
7828
3176
8203
9341
9045
12569
4273
16949
5438
5569
5358
13865
1482
6965
10153
3672
16552
15504
11849
4702
16930
11662
2142
16649
5778
618
6618
5103
4813
10125
5140
1593
9334
6572
6446
4873
4388
14161
8502
8122
13204
8994
6754
261
829
13497
11047
5803
1071
1382
6759
5460
4139
15331
4901
9342
11201
50
5816
8532
13975
6276
2717
6530
2990
5115
16526
9890
10580
12149
12816
2900
7846
13652
8621
15612
14452
5848
10970
14189
9764
9156
12144
13023
9360
4145
17005
4046
3927
10528
8405
3642
10126
12572
3214
3230
13679
8237
10649
1215
16848
13446
5356
14915
11212
16220
10823
10192
15505
15520
15998
4080
11142
4198
8971
7218
8323
14951
3103
5311
1885
16719
15350
243
5825
6987
5146
12519
6268
1795
3388
8110
7561
16835
3332
14235
11448
1865
4626
15246
16229
13942
5050
3860
2011
10909
2668
6507
804
15980
7190
10220
314
4400
11521
2622
9944
11243
14
11222
6770
10818
15939
15967
8528
9670
8074
1998
7179
3196
11514
14359
10765
7959
6709
16514
11975
11564
6281
8202
170
2508
2969
15685
3802
15167
896
10875
2947
1469
4944
7014
4907
9477
11740
15786
14501
16521
3625
10760
607
6633
6202
3577
12570
6147
8485
16392
13609
14179
11033
7797
4988
2238
11138
2844
11999
15106
2497
4662
2502
13102
14141
4030
3778
9063
5735
14395
15252
526
10738
13746
1638
6037
10583
5992
13703
5650
4763
9062
5034
3378
1735
11702
16298
10300
2621
141
4261
9809
5784
2266
11234
15681
13996
13847
2974
3271
5566
8065
11837
14363
6524
8670
11841
11017
11281
692
11131
7612
15330
15181
2752
11386
13282
163
3796
3894
4629
13634
8058
8451
4980
10800
5822
13177
7521
12251
3113
14919
3803
10444
1822
8937
2063
16273
12108
5814
14388
15765
9987
13037
6544
11809
414
8292
3876
11652
10420
5729
5889
6470
8593
11015
11227
12495
10165
2952
288
955
4421
15175
9461
15559
10419
16789
8102
13672
627
11592
7567
12498
16494
13528
15660
14591
13877
3428
7514
7912
7254
12273
1075
6493
7232
8321
15743
511
14211
4344
8348
14873
6849
3403
1652
2402
15690
7920
7369
10387
7159
7046
8226
11810
5139
16845
1043
11247
4353
4725
1539
4059
15698
9421
1833
15108
4822
11123
15448
2351
6964
5782
6942
12370
16032
7533
5047
14413
5815
5960
3951
7060
447
13069
2372
6548
7996
16772
10861
9138
14259
11716
1490
3198
8758
13635
2081
14694
15409
12869
5057
15089
5002
557
15316
16144
15285
11638
13797
11505
2282
4437
7523
4257
9638
16155
11056
7112
7878
3899
1739
10539
11666
2865
12339
14624
1476
4946
12848
7717
12407
10146
9475
11273
14354
15528
16415
215
5972
15564
7341
6067
8050
25
11289
12151
458
5829
6767
12762
15427
9630
3763
9141
6357
15432
8666
6210
14455
14740
8928
14381
10911
16292
14167
1280
11693
758
5685
251
1016
3898
5362
12465
14632
11110
3568
10817
10900
5860
2288
2842
14183
2166
12235
9052
14112
7268
2968
9657
8288
15410
382
8187
14886
9693
7222
3663
16355
4184
10923
7524
16072
15724
12755
15775
7053
7500
13107
6325
2261
10137
8092
14303
5656
782
12030
7204
9332
4550
8329
4097
6054
8940
3477
14854
6722
1625
13043
2586
9611
13285
8211
1419
2813
6932
4006
11272
15245
276
12532
11063
16799
881
15910
10615
9654
2079
7862
7148
1092
12543
7552
14000
15084
3316
9761
16662
4369
1527
9651
9154
12157
8077
15202
11198
16330
8457
5494
4242
7482
11900
11437
16560
1500
14959
7716
3656
10227
10223
6645
2591
13212
14906
9013
2491
3074
8430
9816
2593
2943
5872
7568
14458
637
16108
1302
6777
7016
4589
13915
6601
12963
12272
2616
9226
13202
5346
14976
15008
16512
9773
1746
11754
14732
16990
48
9291
7589
392
10853
13569
14217
15766
5150
16687
1800
3043
7522
6866
175
16493
3038
1314
9256
1619
7977
4978
11402
6474
12970
17024
3012
12387
6628
13195
12019
14117
2034
10014
9994
14980
9552
8366
536
5660
1494
10764
14494
14943
647
14864
16401
4574
10562
4840
15450
8247
11490
16871
16595
5535
3002
15708
2075
5752
15072
1386
13782
16956
723
13572
13222
13922
2211
10058
3572
6283
14031
7663
11119
5986
1695
3498
14313
13895
1205
16982
13089
9876
15347
8170
13147
13742
5772
10509
15124
3447
14757
15114
16832
13205
14664
9974
2412
12040
10707
4027
9004
4758
4808
1678
16223
14301
12926
3516
318
13561
5867
16145
16637
502
12749
3651
4189
10467
3173
12087
13360
15439
1112
4557
12614
15187
13621
11156
5252
3785
11943
16591
545
5745
7761
1598
1464
11097
11804
4525
10209
12403
11190
4008
15514
3239
13026
11151
16054
11576
13396
13780
6396
7241
3529
8101
12929
13156
8076
16064
9656
1883
12135
7724
1668
12027
2134
13419
6060
3253
7133
16427
2754
6523
3551
16347
8524
7317
506
15105
5191
16060
15186
12194
6691
4572
427
5852
2118
7483
13105
15032
14128
5144
10057
4996
11111
12726
2373
12622
6377
790
13925
4746
14483
14785
8127
12901
12294
6630
323
4715
10034
15702
5469
4716
3240
986
5839
12628
10279
13241
3976
4093
14222
152
5374
2178
8499
5159
11506
6241
4556
15224
14160
13729
9756
4569
3206
14975
1084
13377
9010
7574
16739
13630
13074
2204
15740
11816
7645
214
9196
5259
2187
5826
14616
14003
10132
1347
4197
228
6889
3323
12898
12785
5196
6188
9082
15044
2240
8401
15096
2615
13553
14322
716
4970
12989
13131
13509
6444
9373
8162
4136
1913
6830
9697
1768
4582
3320
8316
7164
11260
6457
5397
12134
1414
15615
14434
2931
2385
127
11353
16579
5659
4342
8307
14893
12751
13231
13826
13167
13304
11009
4587
9160
6434
15306
4385
13667
14646
1785
10821
12096
5947
5112
8470
9363
2923
2303
13005
3629
15823
7692
9792
7729
14658
14454
1202
14977
10527
12055
10822
10098
13082
1163
15222
11069
6652
9935
4361
1592
4484
4086
6895
3151
9176
2543
16852
6665
5162
8810
3793
491
7503
1760
9755
9870
2004
4866
5979
14004
14960
7242
7324
9939
15762
13137
12242
9468
15636
2603
6617
8597
12911
6541
11249
15753
15083
13321
5352
10774
10000
8411
4386
5458
16319
14135
9874
4748
115
14462
16475
13455
2812
10487
11394
15800
9339
7432
15602
1433
1421
13905
13135
13673
5122
13646
296
7279
4412
6155
8475
7857
7596
16544
16729
16932
3588
13913
3019
1943
15531
10947
14803
9324
6038
5643
14459
13861
1222
4867
2511
15671
14666
7105
12814
9667
14431
12046
12231
12830
17000
16970
1521
15912
4089
9760
4971
3046
2711
4681
4220
12536
15745
11736
7497
2455
2312
13839
4224
10397
619
12951
9137
3288
3824
1530
2100
877
11785
15004
11132
10046
1704
7642
12032
10982
15791
11887
9563
8821
12837
13970
4214
1055
4240
10637
3264
1690
15557
11631
16042
9412
15165
9221
7151
2124
5538
10693
11352
7839
9406
14728
16226
15310
3930
13682
12070
932
13300
7972
10386
15992
5333
16976
2022
12909
10606
4990
3007
9269
13372
12601
11431
743
4480
12938
12892
13138
11608
6704
8253
11292
451
11595
4285
3964
8379
16097
3612
5943
1308
7181
5854
1035
12329
2431
6803
1354
15512
13722
16843
6937
7873
5445
5295
15480
14438
9995
7405
6447
11557
9833
13022
4902
4088
8870
4103
3938
1139
16679
3717
3008
6673
15338
353
15545
12611
4325
15683
11720
3617
9676
12224
10718
16441
383
7551
4915
5269
12609
8464
5998
16748
7122
15421
7427
1872
9025
13527
16829
4786
10630
3682
11664
8816
12565
1450
3862
1227
4122
4682
8936
13887
13690
12366
6758
14243
8311
13415
3037
8733
1345
15116
2352
16532
8723
11380
16874
3600
4577
12178
8078
1657
5025
12353
2991
155
14898
14706
9139
15207
12801
6916
10976
3616
9427
1645
6528
4432
10475
3025
4855
11103
12589
16898
9211
4820
1983
5039
7155
13048
554
16452
2594
2981
7907
15469
12485
6163
2279
8396
10294
7407
16954
824
4874
3693
5579
750
14242
16300
9
4347
7538
1562
11914
12577
15963
15510
16929
886
2894
1172
10556
8566
15651
4367
6557
227
5874
9423
16028
3139
16104
888
14530
7379
7068
6884
1226
16013
4937
15215
9992
2002
10654
6275
12362
8899
12266
610
14386
16850
13309
2096
5520
11827
5045
9276
14265
1270
12218
8639
14738
773
11739
4471
6746
8234
11061
4217
13765
16287
5088
10261
7431
2815
14157
4836
10989
12530
5812
16770
16196
9340
1276
11682
1803
12429
6824
6852
9170
12376
6646
16968
3623
14374
14254
9336
8654
3285
393
14981
9330
14193
12090
15210
10479
10150
12126
9035
2220
15833
5011
1531
3080
13014
8029
6998
12119
14809
3644
12093
11838
3832
15933
11245
11477
5617
9206
13117
12392
1789
816
813
6813
6392
12397
8747
12922
3030
10892
10003
6930
3874
8353
16015
14660
4419
11259
4150
14269
11378
9504
13949
1262
10308
9839
9913
11371
9458
8721
6584
4532
355
966
12798
2450
4188
1612
4669
1841
5152
15073
9444
12503
7845
14526
6690
653
11777
7487
6881
1946
8158
4726
5532
12553
11180
12831
34
8950
10323
576
13057
11668
16664
13749
3142
10395
4625
1344
11365
1814
11170
5757
8824
10177
10878
6431
15339
14405
4306
5763
4418
16106
3449
1201
1248
12636
15969
12256
14540
10269
14233
12711
9855
3483
11780
5564
1553
5531
14070
14155
1716
14164
9182
10627
8552
3878
13660
13054
12993
16647
3825
15492
14584
5379
6815
9060
10495
16555
5007
11825
11084
3888
4163
1192
16157
14371
5638
9058
916
5215
8845
15423
9605
3224
9140
16179
14008
14999
10566
6848
11601
8194
10671
6958
9797
14127
3126
12774
8141
7599
4245
4004
11283
11944
4504
9408
5310
2153
2635
778
17012
8188
8585
7215
9112
9701
9096
12857
8068
16115
11517
2444
11366
818
8034
10276
5055
12513
7834
12458
16263
10297
14232
15812
13732
13700
2669
5357
7186
11074
12311
3895
7410
11647
4757
14467
15403
12787
5533
1971
7346
9717
3511
16580
2026
7697
9417
14791
15148
3489
13728
4501
8217
8280
8371
460
6115
12043
4764
11090
15092
6627
15034
4337
7705
14472
11052
939
63
2634
6469
16280
12925
12638
11159
3471
13977
9526
5620
11805
3678
2322
4977
972
8963
16683
11200
9216
16328
10421
16341
4140
10737
14655
2160
10896
9117
10298
263
6547
5705
16610
1138
11399
12685
11240
12203
4137
6030
14178
7535
7088
1265
12927
2504
6191
16508
9313
15645
3145
15172
16951
8452
16935
5797
5793
4264
2728
8531
7799
15499
8543
902
1958
16242
5328
715
6657
16336
5810
12656
310
8032
2848
10112
2162
16823
9736
12754
14849
12051
10013
5552
6985
11432
6512
6382
2378
14320
878
13128
4821
14861
12085
7173
1919
9894
9698
6352
8683
4805
10659
5287
419
5886
10162
7054
8381
11888
4528
5982
10309
5977
15300
5648
5760
9078
4693
1858
14755
3419
14806
15597
1955
14130
14372
2988
27
11088
4733
4341
9779
2201
9627
1223
79
1561
9835
14824
13738
5411
5068
235
4905
8488
8079
16746
4679
7998
2408
13692
5733
16214
13717
13039
15401
12103
14958
9099
12138
10172
6877
1824
2319
4294
14425
13819
11164
6607
164
4563
12540
8805
8970
11844
6303
5010
16614
4930
3305
4204
14181
9047
6751
5517
3474
8172
12843
5193
9573
2948
7779
16549
2758
4378
3379
6204
10337
3392
16346
7867
14122
1144
2771
2494
10285
6949
7708
10525
13073
12547
8239
12398
7704
7829
649
14020
12546
12395
12038
15799
8727
7630
3990
2442
11624
461
5347
7050
15590
8408
8518
9476
565
12942
11225
13872
4016
10360
1096
1882
2375
9531
11417
1514
6863
8659
7880
8010
197
2341
1987
1859
15722
15693
6360
15749
3819
8463
439
15600
6415
8713
1510
12122
14726
8086
884
16619
4219
10222
14334
12756
756
15734
494
13228
10829
13507
6858
2472
5263
185
1546
10280
4592
8312
15079
5286
3344
8516
14543
10804
13324
1830
13726
13362
4304
1146
16290
3794
7508
13550
16188
2432
1
14006
9878
8087
13709
10322
11238
14739
13406
893
13757
16828
1884
6061
8354
9741
14729
10281
1420
6781
8159
9209
6624
2212
1658
4648
14082
11661
42
14882
5695
12245
10778
1331
1019
10563
13488
4305
5929
6403
4013
4284
2533
14523
803
12342
6452
567
5808
2320
1424
8418
2273
14856
6198
11457
7978
11912
9518
15228
485
3936
10168
10388
2691
15266
14016
16602
14838
13993
2139
2718
4632
3457
7703
11451
6397
1436
1390
7247
12847
5264
9682
16725
2751
9619
4153
5094
4827
9827
14808
11605
2358
16798
7051
1496
7144
1962
4336
5092
2951
9366
14897
16082
14133
10981
88
12260
9666
4741
5327
7817
7171
4278
1140
463
7106
4459
10200
9961
16036
15029
2403
9702
16378
2069
13733
12453
8864
7539
3736
3268
14524
4031
6944
2831
11572
3925
1401
11028
12759
16842
8786
16211
1296
3062
9503
6500
327
4599
7837
95
9254
8149
9691
5864
9278
516
2675
4893
14174
11871
5211
11239
12972
16178
8904
7990
9557
8804
12923
5500
9239
10789
9151
7094
3013
8638
9584
12158
15811
6614
14574
15666
3961
15565
8868
2020
13933
4654
5375
16272
4579
5219
2631
15687
9146
799
585
2287
13494
13514
3349
5881
12506
9662
190
1843
3542
11931
1148
16048
11345
14508
8230
4479
3205
3912
7118
5671
9188
8487
16327
3553
6044
12574
174
1479
8368
15152
3244
13146
5899
1014
2740
10908
1001
5964
9840
3836
5251
11424
5116
2262
184
13549
467
15323
231
16979
16927
15227
5373
2274
655
13850
9575
15134
11677
7792
8171
12396
2510
9714
7875
13677
4852
9227
2056
69
426
15113
12964
14568
7294
3655
14059
10640
10734
6027
16005
10471
1293
8643
3893
3739
949
4036
4573
2625
7180
9900
6501
3648
4244
15312
6732
12991
16703
6467
14267
12216
7702
1134
15802
302
14790
5260
3327
5789
16467
16706
14634
15429
182
705
7606
9727
7266
6954
11032
6310
4958
6335
7108
12692
10077
2369
6489
14448
2308
4787
5606
7531
3202
2182
9993
6032
10237
3225
8378
8587
5604
9543
5261
2696
2037
6619
8274
9347
2210
5931
12163
7632
6561
8964
14796
13855
1402
5105
16095
4506
6632
538
1187
4203
16221
14903
14187
4440
3768
9207
10352
4712
1888
9528
15598
207
6248
10427
9039
15947
9094
14149
16747
1385
1656
14811
6613
12895
8011
16899
1311
7995
13120
2066
7193
4647
40
11749
14151
10815
8781
16037
4521
488
6992
7791
5198
15292
3841
9694
5570
15547
9442
11492
2955
273
1850
3319
12375
16369
1941
2038
11861
2887
3077
11344
14869
1119
15476
11873
10171
2189
10417
15408
11307
13912
11891
13823
7200
7365
12935
10124
15031
14253
1289
7248
5974
12435
3491
15801
1744
9664
9299
1558
12022
10207
7571
4799
14195
5063
16629
10546
2281
14661
8843
2060
15868
1948
9499
850
2426
13365
4849
4462
14274
646
13515
143
13639
13306
13378
8119
3996
4561
6297
2159
9915
4496
15726
11053
9507
8637
12424
5067
9249
14971
6282
2234
11977
10618
14978
9716
15067
4263
10441
10433
14468
2515
12406
13425
13555
9718
3414
3538
11725
8535
12314
14411
13997
12531
13568
7658
8073
16332
10914
3299
9602
16156
2528
3190
4383
2409
9487
9587
7670
12905
14566
6802
5389
9601
3484
13718
754
596
16675
11819
6398
1999
7297
6288
4322
13125
11916
14818
3704
7979
5865
11496
16688
4119
11035
13698
6587
346
3834
3846
16261
7723
7588
5846
9109
2028
136
8089
11909
14681
8854
10849
7776
14701
11494
10017
6666
2703
12280
8795
1367
5217
9803
13565
11302
15872
3065
2627
917
15633
1062
9098
984
15519
11890
10060
7194
13402
687
6996
15926
12486
14014
10317
7605
5938
8395
1439
5550
12537
16274
8606
15796
13237
16634
4659
3668
926
12921
11050
4228
431
11868
12626
480
8497
5046
13858
5900
15556
14746
2298
8235
975
13526
12213
10265
7339
15412
16207
11617
8545
6245
15589
9043
9064
4174
15141
16375
11043
13242
13258
7856
13414
6169
4598
12054
10708
3635
8420
7669
8696
1094
10770
5407
10470
14257
1556
1151
13210
14867
14589
1416
15366
8220
1620
2221
15771
5616
6319
15659
8367
9710
6302
10095
13943
4310
10987
8611
12838
9122
15121
11359
10571
7960
13412
8153
1400
16689
2584
8442
10831
12316
16116
6805
9508
13812
6771
4497
12877
15380
7688
3852
3039
3411
12033
14879
3685
15503
1701
3522
146
5300
15269
13332
14955
4358
6599
14239
15400
16222
6491
880
4738
9903
12357
6656
2270
2043
3593
293
8224
10141
13904
14288
8551
14807
6868
4804
5482
7120
16627
1649
3550
4534
1135
1512
14251
5308
9355
6680
13615
15991
5304
5399
3587
5377
1975
5609
6336
4300
14324
2389
16630
889
2193
5179
3718
5968
6479
5315
1639
15592
1921
8907
11802
5466
12596
2108
12125
14223
64
5592
15080
11112
15135
7958
642
13085
16271
7380
4406
8440
9820
1337
16081
2071
2959
15076
13119
4146
8301
690
4032
166
4411
13460
9954
12132
12212
13493
12763
13712
6129
14129
10625
12461
11898
5447
13355
12223
15065
16700
15071
12269
923
3048
5419
1672
15920
1274
9532
15954
3945
10730
6520
443
5462
3340
767
16651
10186
7775
3243
1777
16736
4447
11313
10859
16939
671
14875
4590
7447
16203
3079
12722
5423
6585
13545
13194
1113
6056
61
12318
16373
16237
6012
5244
3155
12861
12422
3614
11321
4943
4281
5440
6386
11293
2398
5009
4512
8550
8038
6419
11770
16065
12657
6145
3780
5226
873
13751
13805
9861
2873
16607
15875
15283
10208
11456
8701
16472
9383
12700
12665
15792
10185
14347
6710
16524
6065
13129
13399
3301
14054
5493
6946
7008
6068
8190
8263
11630
13799
1775
10529
3523
12184
6175
14190
2994
5477
15336
6727
10522
2417
12414
8752
11497
2449
8897
15376
7946
9002
5119
2772
9713
8622
10513
14238
16039
2215
15275
3009
6186
15621
1819
374
73
402
1213
10506
13508
7145
16698
8509
6641
11987
5917
2265
15091
2572
7231
7455
3552
6314
5351
6017
13178
13162
12295
12091
9149
1667
8958
13759
10641
2479
16650
14801
9562
14136
4854
9113
8517
1655
10399
14516
16518
2062
1730
7233
0
1003
13937
4212
5928
15144
15314
496
7265
2232
9129
3995
3827
10511
4876
2838
12920
8184
1357
4832
12897
15324
15905
3684
13631
5026
10123
5849
14352
7950
7055
11550
8869
7096
10047
13972
10142
564
6135
9175
15456
7598
11326
2149
13613
10497
1648
4884
9884
10645
5486
12776
11840
13197
1774
16034
16857
8777
16998
3747
6961
15062
2300
5542
8245
4985
12347
982
859
4636
13371
4148
7641
1538
13261
10897
5246
12116
16233
16269
11979
2620
16248
2304
15248
14623
4894
8720
11881
6799
5077
11573
4332
12152
1333
3722
833
14705
10369
12026
13809
16162
16855
9111
14013
913
14743
16460
9200
6775
9054
3426
6080
11956
5056
3358
8124
15878
5677
15020
15389
8584
10521
3829
6948
15932
13322
2190
8664
10938
2833
15365
6298
14048
15619
12320
9512
8627
2509
5640
15577
6907
16952
9967
16787
4489
5312
14331
15320
10913
6460
289
178
13411
5322
12557
3201
8903
15137
3702
2548
539
11549
14125
2656
2386
751
3322
11383
9126
7300
10001
1967
5382
12496
8091
15178
9066
2686
4531
6612
12123
12363
3303
13045
4831
16523
4529
10287
1572
4835
459
4232
12748
802
11113
4674
11290
162
1990
14110
2849
5781
2539
7090
11874
3967
7348
2241
5291
1166
10888
3602
2661
4107
15143
8848
15688
1492
6284
15384
15343
11034
14444
11758
2362
9951
11822
2136
200
5505
14099
12179
15490
11989
15843
7560
16027
11622
4754
10389
3777
450
17001
8132
6519
11535
4296
5530
12696
13020
8498
7296
2901
14962
14326
16268
16075
13339
14611
9604
6481
16146
13790
4643
16737
1021
7587
11076
1258
340
882
11508
9684
11389
10119
2636
10865
9892
2866
4541
90
1629
3168
9977
8745
8070
1164
8129
11215
14437
7399
7609
11788
4141
15841
3963
5285
10538
4413
8167
1181
7361
8624
11278
1856
2709
16092
13337
6504
2225
14601
5416
16345
13041
11495
1863
16368
12643
5387
10396
11570
13671
5622
6539
12167
9300
6008
1425
4165
16228
7741
13820
13308
15007
7458
4099
11866
1396
3683
6433
15962
14146
11091
11734
9996
12731
7423
10974
3881
11680
1065
3028
7299
7314
15521
7758
7047
1767
13683
10184
14230
16568
3735
4379
7121
15941
1427
14784
14857
11885
3885
5730
8833
15056
390
6654
1208
14376
5361
12074
11695
3231
6859
8806
4658
9793
11306
9495
7017
6334
4671
13015
7245
13889
14404
2757
9061
15361
9081
17007
15896
11961
12729
15278
1879
15815
16254
9057
5161
13592
4256
8152
7766
6728
14159
1212
10596
14247
5363
701
11667
740
12185
12679
14051
6737
9583
3178
843
2748
8704
8634
7905
14997
4309
10705
492
4899
5052
11202
12189
12518
12482
12590
7509
2562
571
16395
5871
1102
16704
9166
5896
8523
3515
8344
367
5074
272
1755
10240
55
1910
6761
8784
16786
4160
7330
9431
2311
14277
1179
5000
16624
14544
3115
14281
15578
13556
415
641
12936
4834
1200
8974
15090
14449
8618
5983
1973
719
12423
4085
6786
16991
15949
13384
13092
16069
9594
11062
4896
12141
3861
16238
16584
6374
8049
6023
14035
1023
15122
10727
15767
13727
10920
9786
9500
11834
5090
3953
16361
3546
14727
9248
14920
15369
15668
7534
2695
521
6328
4542
4467
2687
12799
8508
15704
14131
4123
1766
12585
11460
2912
372
10435
4891
643
7176
2891
14398
7739
15394
7966
2623
13470
4872
533
11048
3131
4252
1723
4586
148
11083
9222
1582
4120
9204
1254
16391
8669
1693
14052
3756
5706
4792
6496
6257
12528
10951
8557
11759
6833
9246
12050
10105
16267
11356
5118
4397
6358
10616
8427
2492
10793
10204
5904
11835
625
2853
13016
11539
3810
13920
7673
12930
3944
2874
13724
6212
7005
10590
11626
13577
15468
10777
13755
14627
14166
13007
6893
14828
7635
8495
5555
6483
10515
11093
15935
4339
10537
13062
12567
1726
11315
1623
4021
10905
2600
3384
15948
9589
14539
15264
3441
12555
8973
12240
7915
5668
13625
13374
1970
14341
775
3544
6602
16985
15524
495
3289
11049
13583
12484
9428
6511
14708
10700
5890
9148
7209
6387
8689
9301
9570
9867
12502
5514
11080
11558
11462
10591
6098
13594
11441
15294
7220
9481
10579
7321
786
2383
12418
2366
7156
16444
563
10335
7089
1277
13586
446
7412
14549
1432
1478
6117
6798
14084
259
3265
230
5360
7747
10716
9645
10519
962
7000
6011
13433
5936
9750
3563
16943
7316
10272
10148
6119
11197
4539
13578
11764
8279
7157
4356
1372
6304
16055
2144
10314
6436
10402
5378
15052
5102
755
3560
988
12941
6229
10166
5155
6395
5453
1926
9359
13544
4402
1339
1114
13356
2246
2058
6610
15462
15839
15436
12232
1033
900
7459
16304
16449
15626
16923
4638
15649
12249
13909
5479
8327
3116
583
12846
16596
14590
3026
2191
9087
7740
9579
15279
14645
9124
5776
566
14924
15158
11002
12671
2109
788
3279
12243
3954
8671
417
2768
7945
14693
11341
1899
15860
10182
9772
9157
8096
3835
3603
3049
13575
7333
12796
6136
12349
13290
5708
658
14532
9012
199
16878
6368
3910
2659
3366
13764
9370
12524
3989
15652
10810
13330
12469
8168
16186
13122
11385
13417
10482
16612
16730
15794
3499
8895
6442
16858
2957
15255
4066
9814
532
672
16230
5978
16293
6766
9623
10791
8595
13169
5955
12071
2992
4624
8214
16474
6128
11322
1366
9345
9037
1900
7098
2639
5590
16200
16909
10673
4818
15493
4258
5709
8151
2580
632
10852
9473
14988
5913
5541
2167
12794
10382
12109
9303
13821
5069
12474
10573
4023
3851
943
1627
13239
14586
15173
5079
349
14100
16537
8246
16110
4785
16631
10617
14974
12732
3814
909
14647
11377
3807
4807
12819
8146
7919
3872
5809
4641
9907
13163
999
12716
2806
572
10781
965
2645
1675
16191
10779
5288
11422
5163
2195
12153
10588
16861
6309
10381
8212
6936
103
4911
5906
2567
13784
11130
4816
9218
518
6089
9853
13958
3933
3308
12907
4714
16141
8389
12625
14537
10076
1915
15391
2867
8033
10103
12341
12098
3946
8678
14648
233
7861
5383
6660
6157
8991
12737
9292
11487
8757
10234
16177
9007
8633
10188
7783
11157
13251
4520
6682
13541
304
16539
14185
7413
6888
2342
14800
11205
15104
3773
14263
3200
14563
15014
827
250
3027
7003
2942
12196
4114
16559
14933
13077
8426
13584
11262
996
10266
13629
6378
7706
4064
17003
4328
10715
15015
12977
13778
9213
11730
13842
5475
10885
1218
575
422
1170
15414
6862
15717
5344
11663
14032
5446
12300
11581
16587
1118
16623
15701
10798
12252
13946
6066
15205
1826
4736
1368
12372
2086
5915
10940
15118
16437
5449
13229
8358
4267
1176
11872
6388
14337
3531
5467
3999
2920
968
13492
10425
9846
8271
3475
974
15428
15782
16253
6024
6908
11560
13796
16313
8563
2995
11044
3085
6101
6322
9418
10331
13148
5623
10174
9617
16251
13475
7507
4811
10613
1130
4259
8778
795
1462
11520
2800
10157
14043
15692
2527
13602
13851
9434
11397
3169
2824
15419
2113
8166
10031
14880
9312
6671
13815
3800
9758
3438
5266
2128
5473
6515
15541
7774
5690
11051
1322
320
1905
9459
1406
15244
5667
6631
6324
2217
2077
761
847
5962
6252
66
131
1673
6698
2174
292
2657
9783
11347
13342
16551
10231
5472
7104
3537
13220
1373
4933
4218
9409
2606
14592
1520
8921
17020
8954
752
15755
3880
6375
11504
5231
8725
3838
3147
13534
11610
2770
14596
8736
15527
12850
13504
3620
4611
10858
14504
6933
7872
3611
194
9328
13917
10687
15318
15820
9615
16285
4509
13211
5628
11479
11469
8819
11561
13216
8986
14464
8163
16915
1394
4555
10725
1097
8082
2732
10267
13152
7435
15642
16370
406
6914
7762
7904
186
10633
14203
6715
9105
325
7955
9344
7274
5027
5470
11129
13670
5241
5692
11589
6161
9914
16723
5081
12958
12548
7652
7126
14466
9238
10844
3826
13393
1942
7816
8588
13486
2379
9092
3152
7206
16670
3988
14569
3460
14097
16067
3833
9393
4424
10299
9796
15334
8681
3583
2067
13182
16374
351
16522
2171
9984
749
8275
8533
735
4677
9454
7182
13058
8909
9147
269
15712
4567
14578
6201
9971
13276
10179
5040
4359
2792
15354
4934
1027
8887
15952
6471
225
9016
4522
6438
15873
1688
7989
12180
885
2084
1924
6721
7130
805
2671
14690
4223
11115
3450
801
2652
16442
5428
180
12104
16151
10523
14365
14525
13449
4075
16486
8180
1694
1728
6165
13898
15241
14266
4295
12946
13871
4686
8863
4631
3328
15550
465
15197
15889
11073
4039
6144
11970
14948
14393
8314
3015
6650
3797
4705
14827
10593
12859
15280
65
12378
13353
4331
10996
1537
6702
6330
1934
2059
3052
10368
14196
9898
2735
7400
11042
6478
10292
8510
13024
11102
6260
6409
2399
3325
11244
15694
11747
11435
4581
8961
14080
11935
550
4670
9767
8850
2072
14074
5072
7821
8656
1304
1956
4159
4559
6516
8233
1945
12973
13562
10306
2642
5807
16804
1000
10788
12068
12621
9030
12150
2762
15302
1897
7541
15876
7325
11275
329
9382
7841
6644
16916
12077
1110
10136
3154
4543
9199
12452
3870
1852
10542
10603
13773
10504
5777
9436
2877
10992
1978
9970
10543
10043
7693
9680
12834
9828
1332
5586
12674
386
2846
14383
15256
128
9465
10282
510
9489
3217
8914
4186
11179
7390
6123
15569
7615
11022
9811
8289
10524
14273
9732
7974
2980
10006
2579
2458
12118
7660
7342
6213
10957
14375
14478
8885
13536
8635
1944
14821
16936
11799
13343
14820
6510
10975
14843
10950
15274
14429
1393
16066
1873
4460
15226
11125
7283
1053
5075
2164
7424
11612
16792
1103
3385
1409
4
5868
368
16810
4076
11848
4608
4622
7284
16284
7627
11016
1853
3088
3849
5142
1621
11466
8836
8728
7554
3901
3766
7258
3078
5262
10477
4945
1663
11644
1361
7238
6835
13263
1123
9263
15475
4649
11075
870
8791
14656
16461
11852
14531
8006
14351
13019
8297
8306
3398
13445
5042
10101
7513
418
16529
3241
7486
15458
15551
4392
3917
3713
10302
9515
1696
8103
10891
10850
3295
16387
16316
16050
9769
15329
6502
16310
4470
5451
381
9273
14260
15611
15618
2474
15996
8106
3281
12662
12653
14874
13754
13696
6568
3638
4719
14994
717
3653
8636
7985
9472
6071
1573
9677
15484
5490
16076
549
10008
9972
10212
12170
16342
7547
3312
5280
11163
13256
2565
11327
7830
3937
5607
1566
11598
8104
14367
1237
2690
8336
8465
8920
14571
6894
13463
6603
10723
1615
14618
14115
15560
8957
13145
8175
15271
7644
6315
2930
8376
12627
14676
1410
3884
4135
3690
4526
16
945
3517
11145
14291
15951
4925
9962
12765
6588
2131
7076
1588
13047
51
11689
2346
119
747
4319
10485
5819
1198
9904
9637
17021
13675
9085
16708
14137
15540
4020
11100
2553
10218
435
10271
16139
3170
4756
16090
15588
15370
171
983
16192
9350
15385
16118
854
12168
3626
13521
6738
14619
11614
2835
5364
12202
13762
10332
3823
3873
11580
4912
13604
361
3185
9911
5058
1466
7154
3420
11996
12999
481
8025
16732
11820
16046
5747
16455
1147
3286
4241
15706
13359
9938
13477
15654
16966
6723
5071
7922
13787
10236
8493
12860
14436
14673
15810
4485
5619
16376
101
1245
11585
9600
248
1269
15257
5884
4343
16917
12866
12780
1756
14078
11332
1351
11472
9480
15189
14346
2176
10780
9578
7793
9959
11545
12695
15787
15552
1294
6563
4932
15006
6615
5257
4382
10045
11364
16779
7127
6498
12529
12416
5096
15430
10758
264
10918
13144
10702
11591
11068
6968
12419
2552
13038
11726
15697
13465
2349
9806
2965
16856
16282
17009
9629
6116
15359
10284
3695
14691
12525
13955
15315
3806
432
8787
2747
1791
5298
13375
3166
7754
9810
4453
337
2766
1895
2926
16645
15232
16236
2421
2017
9338
10051
11831
1933
14380
7328
10346
4691
5582
1207
662
5732
14918
15303
5355
13542
9029
1718
10484
6168
8404
866
4856
8347
9609
1761
8536
15903
11401
6900
1106
5572
3734
726
13734
12687
10811
16206
15069
8703
2581
11023
2884
16102
10080
16208
10656
13259
5696
4439
5673
8232
7929
15656
15357
6292
2614
11936
8477
8562
6829
4869
14931
8655
6703
16426
4871
4417
14641
8573
10912
14312
10468
2365
8623
7921
13361
5657
13716
663
4005
7282
7354
8383
13123
4957
8596
1484
13500
4450
7261
1717
6678
7477
2558
7175
8913
4095
7810
2388
11420
4768
11361
7438
13835
6772
4927
4819
13973
12299
3848
11569
8002
8298
15272
3758
4837
11160
15299
11660
4948
3468
14401
12599
464
13199
14702
2775
14547
15747
10658
9560
13590
11678
15154
342
4015
5283
10312
765
12544
12683
8851
11562
10880
2685
2825
76
5485
3425
7674
2418
4390
15311
16913
2213
10050
13260
15229
7150
8923
11014
1282
2544
16109
15368
15218
12516
12806
10097
14310
838
14105
6256
10245
15533
15445
3247
5268
16611
7623
8931
13301
5787
10087
12161
4847
3091
10642
14604
15867
10948
6608
6085
5129
16433
14640
3959
16142
2589
2649
4481
15098
10233
9462
2819
11316
16863
820
4535
7809
1904
4265
3571
852
1976
8355
2763
9953
6040
1498
3219
15711
15934
10921
15417
6448
14993
709
13289
524
8625
15209
15542
7569
3416
84
10578
561
16741
1845
11196
5213
16705
14614
10350
14765
10071
2881
3089
12890
15966
8879
15850
922
12666
1866
10474
11959
15522
12036
9424
11429
15849
1161
12551
4683
9305
1964
16187
1307
597
16231
8915
6432
9729
2068
12689
13001
14096
2701
15286
11463
15203
10268
6047
12955
8934
1378
10216
8365
1642
8615
14050
3143
6986
791
8022
6997
10027
508
8766
16264
10586
5719
5186
10680
6844
7628
4297
7651
569
1430
15239
9352
2498
9928
12676
3203
13429
16103
7425
10576
16408
5254
12777
12854
10473
3725
8278
9641
10428
12284
3455
3828
2933
169
12509
52
15434
8325
11910
706
14822
15063
2573
16824
16218
936
8120
16717
2953
1264
4688
4527
6825
1653
11208
6780
11488
3640
11982
16693
4368
1517
11279
15894
12276
12985
7611
2269
4922
3512
11798
622
10801
11354
14286
1890
15390
14804
13502
3359
11856
16695
1544
3567
4860
10311
6700
7137
14692
13907
3665
15617
2129
23
11120
3716
4443
6658
12277
4253
3234
903
6077
15754
2465
6822
4547
11735
10664
594
8219
3439
8266
906
2257
5406
10623
11636
10735
8722
11714
14332
6356
11185
15906
15305
7939
13275
9358
7493
16325
14695
7474
6337
6639
10608
7888
10355
8467
7527
13158
7802
7217
16531
137
16096
7028
260
6864
13
8356
1489
3433
4553
6497
12885
12863
7859
11930
7984
7072
11098
7517
9317
4646
1041
2459
14296
6244
6855
10349
1939
15857
12827
4180
14039
15764
15907
573
15887
16873
9306
7195
3821
15066
4398
13711
8363
10979
12669
16561
3391
5926
4739
8555
10226
14621
16193
10926
14872
14850
13478
3236
8764
30
14617
5131
6104
15426
4222
3355
16744
16803
12171
15763
8603
7263
676
5290
14022
2761
10443
15415
10503
1039
10373
15378
6418
13661
5501
1445
3709
7512
1909
2963
339
7360
3197
12221
15953
10194
1219
4143
969
14285
13130
14771
124
2843
9790
3442
1740
1523
16311
9479
3570
6499
6850
15525
10883
12956
15451
14509
10372
830
602
858
4881
13472
1547
8209
468
16294
14847
149
10414
2601
4913
14440
2654
11343
3382
13369
8137
4850
2996
8028
2529
853
6164
11323
2780
6022
5418
16309
391
10685
11981
1516
1239
1377
13413
16870
285
4011
8128
4374
13236
237
1681
16685
4697
7250
15309
10710
16922
8473
9294
9018
5632
7469
6956
1078
16394
5177
3662
13253
13368
9655
2328
12933
15424
