11786
8815
10993
7335
329
8266
7399
15024
4807
10660
9263
15394
7119
10087
9078
14083
16077
8260
6683
8844
3243
8051
15301
15515
978
1124
10331
10906
9821
8217
12035
16079
9474
8667
11692
7074
10497
10761
13815
10176
7004
8128
1240
15791
9727
16319
1076
14243
1596
9016
5919
6755
8237
4301
8526
10377
6206
11076
10450
10980
10530
10965
1305
11559
7721
13701
12471
8776
9032
7321
12860
12587
3002
4103
6343
7902
12383
1895
13497
10639
9991
8585
9692
1915
11147
5503
16277
15809
14704
5159
2107
11027
6875
16281
14548
13513
15640
11005
13941
9128
15931
9998
9591
7067
2865
11556
10115
12508
9004
13298
4781
512
4697
1257
7329
5716
1880
7457
4224
4014
3701
3820
3429
16459
10365
5176
15189
11975
10839
10469
13538
13432
2774
11498
7702
5947
2573
7417
8833
8861
13500
2149
15232
6136
5428
14477
8059
6889
12483
10467
10565
1680
14628
12268
13899
2483
14471
13880
3842
8910
11200
1466
14404
6969
12516
490
1735
11053
9213
7722
14465
12932
13180
16033
2743
11473
10111
12180
12121
12530
17013
6265
13923
4397
10131
9340
15369
9201
9954
2539
8890
10705
15737
527
14511
10597
16812
95
2346
6218
16659
2995
6451
6195
6512
9995
5723
5358
5797
12616
11810
20
6177
7458
4653
11333
15042
6156
9982
9348
12983
11165
12867
11657
11701
15348
10939
896
4900
8582
14649
860
1830
11695
13508
4680
8063
12455
9481
10050
5370
3955
14415
14047
8896
13232
14933
4704
698
8221
2008
3062
10354
8329
9178
5549
13556
10790
5654
810
16036
7553
6242
13419
16512
2588
16518
2980
1442
8002
1763
5590
13911
14549
171
8785
14006
15690
3884
11910
10094
10522
11021
7100
11635
11991
5382
1595
6323
1524
5074
10064
4328
11329
12472
13171
7916
14590
13645
5810
12358
11253
4862
8952
14013
16480
14194
7134
6839
16930
15390
647
11462
7679
15595
13355
5044
14398
6672
10820
1869
819
2461
1650
5571
3257
3301
4848
15252
2703
3757
2902
4422
12475
2200
13351
15693
6280
5080
8138
12744
7334
9341
3601
14717
2822
12347
16457
10510
15867
14021
12789
10560
302
16577
16714
11318
15712
15105
9055
13074
1669
11788
8516
12584
4869
14920
6962
991
6295
14445
15844
9932
13684
9812
7012
4809
10818
2207
10803
4230
10561
119
5986
11672
13728
5700
972
6092
12102
10961
13912
508
4920
12123
14223
16482
7761
5907
8777
12806
11755
9374
1135
7631
11949
14724
2531
13564
7749
16016
5411
7018
11823
3815
172
72
11952
12263
16623
5130
3650
14234
10011
4584
13451
12328
16200
14403
12783
10276
11820
5251
4554
1440
14877
15864
7853
13585
2283
12129
11102
15826
1290
7995
15568
1642
2109
7022
10936
6277
15324
3064
11412
8439
2838
8427
1836
3558
8393
5779
12245
14093
14014
8992
4734
14326
7806
5772
15971
4634
102
6406
12755
9795
3511
7187
16047
961
2882
7288
15025
2048
7541
1957
12659
12053
2892
16573
2096
2435
10555
15495
8507
7894
6392
10722
661
15007
14195
2373
13487
1557
9170
16350
14125
14253
10720
16095
16860
8145
4664
6811
1535
2557
5265
10618
7351
1399
5933
11075
8366
6003
2246
6735
8376
9302
15216
4864
3570
1384
9792
14069
5522
7477
9526
727
6368
976
3474
11283
13553
13886
7620
15210
12065
13373
1487
3344
15045
8102
8239
11034
12828
926
3076
5063
4164
16310
1361
10952
5611
3713
5558
461
6792
7169
15605
9288
9940
6112
6032
11756
13320
9310
2642
14029
3192
4243
13247
5065
13688
13944
11532
10175
4363
11901
4268
12136
13994
13512
14261
13137
10796
3674
5897
9892
1567
7705
629
2546
3493
12032
16897
7786
14249
11530
4338
8932
12360
15573
10890
4602
5440
15771
6603
4958
15419
16053
139
6190
14064
11711
13078
6491
948
4776
16399
7165
13739
7676
4443
133
12336
8908
16235
12974
3202
16224
5310
7330
6746
10932
545
4503
11752
13059
13422
662
4880
16922
2803
2527
13631
12296
7650
8076
6626
11900
6225
9552
3457
773
14781
1570
3740
7735
14921
12908
3293
4472
2018
9708
2984
11211
6900
13188
2715
6643
13064
9307
14939
5127
3470
1114
6972
13918
14817
14703
2036
5885
959
14106
250
13318
10954
14056
5808
13445
1409
2146
931
15880
13980
7002
11712
10646
2128
12312
7517
9489
16441
9479
7755
7830
6693
16189
14753
11670
252
11185
12972
11083
10937
8151
192
16093
11597
1951
12260
14864
14235
12016
11261
1214
4529
5554
6329
1358
12895
8400
16670
11121
13488
9403
8937
2477
8323
1067
8554
1637
5402
12984
12633
4011
11572
15925
11994
10475
2521
1053
11319
675
15287
9105
15391
10150
8173
13883
3298
2614
11439
7176
16190
2494
2604
15569
321
1381
5741
9527
209
3098
3455
11198
6798
9908
6486
7709
6188
4773
10361
13022
15234
16784
6911
5768
8299
4452
8738
14167
1741
16055
12618
5719
8806
15707
11275
12571
4801
1341
15676
15242
14986
884
4017
16867
11560
13233
14974
4886
6400
1970
5740
2256
1584
3151
5089
4373
11518
4625
13460
2673
11313
5858
2436
9624
8953
15140
12480
11655
11836
470
2646
9282
11505
15478
5806
5269
2445
1745
16435
11610
2809
11418
10287
5101
7800
8281
4884
3762
16786
10451
12599
9036
3016
13370
1927
1978
11269
15514
10691
14955
1333
3405
15530
697
16809
8774
235
7289
10230
1286
10158
6445
12398
10108
74
3572
14476
2193
4798
1201
14496
10156
13862
14101
4342
13709
2255
1400
2872
15036
10810
85
336
3712
14229
9429
14402
12152
10154
2375
11416
15254
11626
16054
11728
6518
6505
10981
3476
2954
13299
4715
6131
12417
10968
13214
1708
1717
8571
12110
4578
16841
8245
9135
5862
2117
11554
14814
13857
8663
11948
12879
14747
7367
6087
9398
13616
14605
7019
7434
13847
11350
12527
3826
5042
11149
6219
15305
13231
14345
3863
11310
16438
16557
2542
6371
11289
2650
1080
9716
3837
10387
10412
7226
12039
12604
4069
13124
13394
5300
13650
6395
7252
16535
9839
10819
9184
3046
8192
345
14200
9060
3869
12693
15307
8600
8893
11286
10988
5427
1345
12167
13225
13515
6007
10142
8683
15004
9574
9107
16342
5547
9666
2599
9441
4498
13365
15819
10966
5356
9211
9897
6404
13202
8007
16252
15248
9896
9312
11298
16293
7398
2034
13128
14492
7311
15877
3575
8561
7463
1823
4504
1598
10983
9343
6205
11615
1963
1122
9704
10556
3487
10049
8691
6492
14785
4360
7739
8843
4134
10494
1280
13678
14122
2428
8832
11687
15917
16294
9363
6158
12870
2328
597
9372
10319
7952
13285
15713
10053
8455
6995
15274
1431
4599
5595
14599
4106
9983
4674
12141
5475
5279
15875
16868
5133
6734
8247
4693
2784
8572
16187
16422
2361
8425
216
3216
498
12185
2236
8179
14205
4675
10040
15230
13081
12588
14282
248
1534
1321
8599
1031
9843
81
13792
7185
4621
4050
8958
14336
3784
15742
2500
1617
1503
4448
13203
16031
9451
4348
16634
6645
11821
9549
3302
8412
9694
12528
16849
8137
12816
13248
830
6906
7587
7606
11467
8500
4559
7611
6200
7166
9287
8029
8654
11704
1553
14037
13562
1527
8510
208
11141
13509
115
16845
175
14632
4427
15392
11708
1263
5843
8874
10873
3737
4429
5125
8069
14500
7987
4803
2669
12027
10081
7667
16568
5729
5167
13786
1776
496
16988
12440
7186
10871
3721
4275
16907
218
1044
613
1350
7613
11180
3003
6525
6418
7707
12681
16175
9412
5288
5163
4667
12540
15564
14633
13995
9626
1258
10278
11676
8398
13281
16797
6314
5051
2275
9499
5693
9536
10635
15775
14821
2631
16586
4509
2994
4598
1608
6338
11637
2883
6365
16404
5872
6163
10751
786
3830
12170
12763
2974
15089
9295
16326
6534
5656
7778
15173
6675
46
4499
9776
5243
11732
3091
8648
16642
9239
16123
14144
15032
15484
9435
2611
4766
6616
11099
9488
6276
1575
16332
801
6907
4108
5278
11520
16985
11320
15554
13859
13127
5160
8758
7183
16168
3089
10844
13990
6402
709
16074
4918
16044
9679
2773
12311
711
16476
5393
505
1738
2924
13611
15356
15481
11216
66
10116
2060
3727
5834
16755
6202
8690
11721
10376
3315
14879
16559
5710
12519
11992
13521
10272
16832
6750
16408
14998
16516
11662
15223
3311
10505
1791
7773
6403
8719
8967
14385
10456
5687
11389
16251
16181
15222
5476
5988
3770
13187
6104
11515
12454
1922
16167
16021
11839
1858
3616
12478
13008
14623
7732
15578
13025
2488
3183
8078
6802
4838
15873
15443
10119
343
8594
12302
15461
2716
12937
6896
15095
2116
14825
14885
16264
850
13965
15630
8802
10033
8539
13109
5256
12117
5258
1459
6593
11642
13224
4336
2120
3750
7473
7105
13884
12116
5551
14829
599
15919
10574
5915
16106
3555
12206
6636
1438
169
16447
14894
5586
8778
10349
11753
3563
8524
10285
7192
2108
113
8829
4611
1415
3728
8311
15322
3347
3092
11224
5325
10013
16765
351
3490
9856
8466
16212
1993
12367
5964
4246
1788
3877
1663
8360
2636
14769
4962
4632
14334
3979
15888
9713
848
5115
1287
13887
13806
816
6430
7595
3876
2499
5908
1102
1940
11980
11371
3634
10943
8608
6828
14763
14075
16107
13991
5084
7037
1981
6805
8985
16567
8987
2570
13199
11011
1782
1342
696
5938
13667
15808
12338
4231
78
15227
8810
13697
7148
5373
8948
475
12006
11720
6834
16383
3536
8979
9587
11381
2065
8993
5892
11419
3522
3182
1651
11413
16731
15225
16392
14752
15194
16445
433
15141
8395
11035
15159
13348
11956
2843
16962
5399
10185
4190
2272
7560
7198
4000
15362
10381
16873
15486
8421
2390
8595
11735
3149
8193
15388
8649
934
14648
8277
12202
9993
6262
4384
4960
1581
7262
9559
1262
14557
8042
9634
3942
671
15555
5443
1386
410
8684
8256
12776
6903
14162
4262
6479
8970
14295
6790
12258
6617
16307
8218
13954
10855
12950
13421
9033
10018
13181
4036
12036
16146
9244
5311
11899
9490
8664
9294
16810
11855
12662
9750
5910
5765
2933
14070
12200
10760
730
2925
1752
16688
15468
2090
14671
12714
10693
8783
12437
2341
2889
1508
12679
3600
6558
8883
14800
4903
9335
4256
10445
8312
5903
3612
12609
14552
11796
15795
12317
154
16875
14232
13075
3430
501
8672
1096
4362
8577
9973
13878
14009
1525
4804
806
4495
5490
6150
12229
12510
1207
3179
560
10673
2572
12421
9793
12889
14699
7519
12274
8352
7964
8302
11132
8739
5481
16243
6030
7841
14467
4149
5451
12600
11084
2545
15682
9325
4066
6833
7111
13420
14775
9065
4483
9881
3159
8109
4670
915
5102
7665
16626
2580
16336
1565
9766
11138
9031
422
5996
5937
7851
12509
7364
1816
6668
15399
10570
3968
3888
13472
3104
11873
253
12871
15661
38
177
15013
606
7936
5866
9627
6238
14700
9351
1126
3780
2497
3245
12197
13543
5308
11191
15187
11667
12355
15897
14343
3945
7501
9460
4234
5143
7078
13740
11517
13140
14999
2603
5649
15933
4364
5329
3676
4915
10461
202
8657
7544
12608
10341
6594
3054
4973
7635
15185
4638
12514
1383
13456
10934
15203
10140
4765
9683
3198
2308
2695
1092
3597
15206
9375
1955
10893
7441
4378
4857
15704
6026
8242
1079
1703
9565
8986
6185
8475
13230
5508
16289
9171
3906
13072
3086
6304
13525
4669
8513
9146
15155
1857
7063
9670
15180
2525
15988
2714
4687
12842
7069
2282
13082
12309
7872
3655
11060
6874
4908
7245
12390
8946
13790
12840
12341
8491
4533
9359
14474
9181
55
4168
5123
4372
14325
8674
2163
6157
9465
1425
3871
16597
11280
7954
23
43
5636
1558
6270
14270
4762
7973
3174
4530
11281
4131
15932
3456
10780
11059
5860
13027
10863
1143
4802
10694
7960
9753
6271
8557
16273
964
13357
12155
11360
8669
127
7122
9148
6751
10645
3274
3922
10825
4417
3761
1848
11324
4088
6116
9180
10499
12854
6068
10350
3751
6001
14710
15747
10649
7113
3519
2804
14849
13687
10797
8628
7376
7816
10990
12447
11047
11452
3118
1042
4409
16697
2687
15303
2519
4646
13017
11157
10676
4188
5671
9198
2135
6021
15856
7876
1863
5471
8457
3178
7344
4382
3433
10563
10323
16009
11794
802
2632
674
10032
1705
13049
5678
16954
3409
8757
1279
10309
5570
11832
14276
12142
10557
9436
6655
1354
16101
5718
2678
13869
933
11368
2043
1070
12069
9919
2443
5999
9768
16883
11358
7296
8146
2354
14224
5567
4708
8046
6816
574
9959
15797
5982
10454
10896
165
3093
17008
15081
14612
4868
8470
13548
14007
10585
3496
1960
4540
12773
1716
2825
10641
10875
5437
11317
4676
2961
5345
11058
863
6705
7042
12723
11598
7052
5396
9948
15923
3099
10634
9950
11001
1662
9609
8715
10579
996
303
1401
3477
7136
3705
14173
1953
3360
9034
11741
12164
12271
14663
12339
13158
1013
3382
12406
2867
12891
1614
14832
4793
4446
16789
14789
4117
13193
12621
2316
9226
13657
8797
13380
11481
9476
1304
3066
13583
16280
7892
9677
3346
4560
15204
2177
9774
7181
1312
10465
13919
14152
2970
12713
3918
8721
15758
7467
15138
6489
11045
14244
9219
174
9719
12810
7132
4184
3120
10605
5537
15827
12372
9835
12140
10211
8994
14226
3788
15786
5609
10501
12541
4177
215
1536
15169
10716
1315
3573
15958
9323
9109
6383
14274
11562
7243
14918
11759
6681
6863
472
16595
12653
12289
16431
5246
5845
13112
14824
1273
364
984
7408
7249
1270
16680
6773
6928
12963
12688
9494
9377
2668
6435
9143
14863
14838
5470
9478
510
12830
5103
14973
5974
1231
6515
8413
15813
16068
13054
9500
10942
12885
14108
7656
5691
11919
8434
11490
9662
16070
15603
12158
9058
6842
13937
15270
5643
10369
15214
1943
15965
13540
299
1308
16436
5882
7574
256
2685
12396
4522
11963
12916
5020
12400
1530
4532
12873
16261
11542
11851
12303
12128
1332
6925
15986
12579
1010
3148
1062
12369
5557
2013
15625
4059
5178
2478
722
16637
458
13384
15160
7742
14966
13236
5275
11177
603
4213
3501
3864
3376
9174
8512
4353
13185
10591
15122
3586
10428
1899
1259
5970
11999
1039
2863
8023
155
5098
8458
200
10543
14073
12582
5865
10408
12940
8040
4204
9345
14412
3540
12707
9979
12079
1202
4150
7162
6059
9790
7444
16124
8868
3847
16357
14610
7772
11697
2326
264
12849
14348
15858
12566
7790
13821
2991
10239
12838
1622
3316
16881
12636
5981
3715
7915
11038
6234
6041
8089
6127
12613
949
15789
1925
7715
10899
8154
837
7990
13242
9192
10735
11619
11941
5985
14493
2728
1285
2526
6018
5131
4047
4538
9314
1681
12852
12518
2979
13341
2468
5432
259
2158
16945
2739
16032
16316
8846
281
11552
3389
12375
15955
3030
4520
1655
11571
618
11095
1055
8980
15131
7279
3902
12705
11024
15364
834
8219
1452
2912
13974
11301
418
3225
3420
16051
2682
138
15825
5776
3915
9443
14279
3672
11893
4750
13327
384
15736
9017
10485
13452
16045
7630
7751
8094
8414
8632
9866
7718
12154
4141
9667
9783
9802
11592
3720
2467
2129
6133
12298
12712
6538
13275
11860
2641
4743
1835
10865
16990
10547
12525
12503
7789
16005
8828
13145
13213
11507
4977
10654
4834
7207
8695
16276
3265
2817
11461
7948
14332
15251
13653
5747
738
1006
6743
5906
789
4785
15810
726
12297
5228
15892
13868
14733
769
6253
10949
6868
15386
7391
1309
8723
6073
847
8409
10799
15650
5141
16776
4817
5466
15506
8424
11497
975
2204
15404
15019
15244
12701
9554
62
1112
11175
3910
12987
16494
12089
15720
7490
11316
9620
12793
2182
5820
6795
11327
11391
8391
16641
15936
7003
8858
101
6100
3380
6216
12762
12914
16900
12841
9638
9544
3497
11392
8962
11913
12240
9326
3873
14417
763
4988
13576
6648
3748
7088
16320
16022
1088
7304
1988
7870
13361
2711
1893
9356
4200
12080
2839
473
7712
15243
5386
15146
11189
6122
13070
8954
24
12404
10757
13610
15353
9994
10537
1101
11986
16246
15452
11902
16292
15079
7184
2585
8231
13615
3056
11757
6128
9445
787
4478
5880
9794
14213
7510
11822
3017
9637
9094
15571
8065
2097
2167
1264
2138
5663
9438
5530
9313
14121
13118
2335
4980
11951
6422
4825
5316
5002
16220
1491
7804
14321
7156
5075
6813
9961
8620
2014
6818
998
4063
7178
11601
16505
13200
718
12449
448
2989
6000
3485
3500
6785
685
14023
12214
5591
8552
10398
3102
14891
857
16668
3663
6320
3014
4764
1291
8515
15715
15148
15473
15069
9773
6434
15334
10306
4272
5299
10742
14719
14231
13455
17016
6778
15540
14582
942
3774
10394
4772
3971
13960
14187
96
10596
3688
6125
12620
16630
420
11603
6335
16343
16747
13533
8855
4333
11087
11494
5995
13130
7911
9595
5951
12692
15835
13297
9576
11681
9182
14720
7683
9581
16952
14540
3866
7857
12511
15821
8537
9911
100
12413
14812
7378
986
14207
10800
4130
5327
10996
11471
5458
1568
11067
12177
10447
5449
11314
16710
8171
15463
1770
537
1434
14819
5202
11466
14406
10097
15976
15886
11430
1724
9129
2722
1485
2888
4260
3330
16917
11009
4339
1105
12865
12261
6822
5235
15022
84
15725
3668
5205
8090
15883
2694
11947
89
11215
6423
15250
16725
11599
1652
3741
1698
2871
16928
5732
1179
12589
8676
2155
12179
2003
15001
16920
5015
16426
13784
12991
5000
1421
7829
543
14390
13984
5569
10470
4028
5004
2153
7139
435
3787
6213
6997
9477
16244
2351
1077
858
717
10254
10837
5969
51
421
3625
8332
3012
3836
15395
15848
403
14831
13854
2087
12896
993
9807
2315
14292
7926
10617
1306
8214
7114
5871
8703
4239
14450
3213
327
13842
5495
3996
1428
12859
2840
9721
3308
12086
15268
5423
4489
3117
12186
16546
12648
3512
13173
14601
8748
3569
13490
4233
12353
5239
16602
13337
3067
9473
5375
6017
15077
6758
11387
12410
1213
4465
10833
1128
1171
7041
221
695
4535
3200
2289
14799
15818
15333
3678
10624
1783
15907
8541
7983
3239
9984
365
4139
5324
16612
12269
11808
16555
14926
16604
13250
9531
4186
2286
334
9379
2680
881
1444
1707
877
2147
11233
1009
15152
15828
12331
5664
3366
7472
2834
5438
932
8187
13096
11236
1732
939
2299
11911
11772
12488
1152
14452
4534
3029
9616
12162
12344
8565
2568
16788
16987
11445
15046
14880
12598
5201
9415
11487
6095
8468
5640
5439
13271
12734
10758
25
1479
10132
14129
4491
864
1832
2142
4359
15597
8763
13163
11068
4081
4286
291
3323
13706
12945
892
10324
15291
2151
3767
1398
2103
1572
12004
7503
528
13427
15154
12476
11051
16069
10457
16179
12267
4065
5837
7242
6608
3367
12660
10985
9134
14089
15290
11270
13804
15608
16757
13329
13904
14414
6830
4720
9013
12238
7401
14039
4797
701
10476
8681
14917
1137
10532
5073
2810
15008
3032
6002
2258
11293
429
12191
1426
16248
5092
10627
7698
4924
5191
16000
6011
7445
1471
3832
497
14508
12690
15680
1973
9952
2704
16742
11028
15400
4284
7258
9164
3059
15418
1420
9087
12903
1241
14695
12851
6332
5406
9099
14639
9138
5739
10542
10885
885
12059
15088
5625
16454
7007
278
5526
14525
5813
3730
2785
3309
11205
13505
11920
13979
13558
16678
7411
11434
11118
16772
16615
14899
12655
9987
14022
10784
9223
16364
13383
14351
15626
294
2847
9890
7341
2297
8831
11107
3619
12126
1794
5145
9072
11825
9962
13526
7291
6902
13621
10712
7520
1125
11196
13722
963
6590
476
16872
4543
758
3264
14876
3113
17015
3037
15190
14310
10940
8060
6370
5878
12567
10008
14214
5618
8751
15963
4486
10540
11694
7191
6267
16745
7314
14754
15874
11015
2501
10066
10704
8935
2643
14575
12691
14546
13111
9117
12345
8973
14338
4909
10228
11989
5207
14380
14992
9021
10778
15209
15862
8881
8741
3954
13010
7480
7337
1936
14670
7583
15038
6160
13897
2446
11374
12325
11210
12306
8673
9513
3793
6707
831
5452
10375
4179
6860
12799
5816
6579
11237
6606
13209
12168
6004
16520
12560
16172
10043
4619
7579
7704
1410
7677
3001
1644
8188
7354
3201
6580
14248
1941
1192
8547
4175
2259
15776
6801
1675
11805
14036
8010
3776
8696
9090
999
6587
7038
872
16465
14103
4436
6666
5905
4863
6630
1132
6810
8573
1824
6649
6695
15104
11265
11364
5349
12195
9571
2508
10713
16217
9769
13833
12602
7774
14273
1475
13462
14059
1229
455
14892
2216
2205
7164
16443
15414
9842
14634
7768
1518
6390
6637
1424
9125
6300
11727
14460
17009
1898
4470
9592
5887
8241
7298
12103
11384
16501
12000
11625
8531
3951
15824
11163
14793
15981
14787
12708
3822
11819
7695
4511
16735
1793
516
6258
7794
4389
14074
12577
4617
10300
5922
13870
4935
7382
2082
3652
3186
14889
15654
11536
16582
8131
5875
11448
6283
15815
2119
7610
6781
8807
15054
10362
14544
9745
5061
1310
9889
14504
7908
237
7485
16042
10817
5323
2040
9553
16723
16542
10088
2962
9865
11080
7868
7783
1032
16813
1109
16149
9054
5783
11516
10174
6774
12223
5782
5517
14945
2240
16485
8787
4823
15314
26
9980
13772
16556
9635
9280
15321
12866
7126
3460
3440
5544
8194
10004
11443
9946
9456
16554
13308
3489
4890
17003
10181
16551
9405
16780
6077
15338
2518
9791
6155
15666
13771
4294
6355
15156
16529
6766
6917
2537
13829
770
7509
920
13002
10028
954
3695
5659
10667
9603
3142
199
7247
15292
6653
6028
6294
5157
5175
10658
6399
14186
3435
3667
1841
4140
13669
424
16161
6955
4971
14040
10493
6779
14906
12005
14514
13561
7799
8780
3416
3181
6880
4905
5930
8898
7357
4966
2084
744
2144
16510
14630
2801
13273
4843
5068
16681
832
2041
14653
8342
1532
11606
10137
9764
11119
8928
15114
548
11480
3357
11698
15884
1690
2295
1355
9120
13293
3337
16337
1667
1374
14572
4109
856
184
11212
12813
15916
13970
11438
12334
8292
13605
11650
10909
10904
3850
6605
16048
8178
9113
7661
12254
1100
10106
8477
9011
15403
10976
12040
3220
7941
11774
16412
16905
5993
529
16295
17014
5715
10247
233
14391
10326
8879
5958
12847
4527
13506
71
11861
15096
8899
12025
5355
6673
16718
14
14982
14182
14857
2705
5701
751
13852
6189
10882
14952
15762
1879
2904
11705
11460
16460
1216
13450
15792
8700
1050
2338
594
552
8467
6599
1515
2423
14080
9947
5383
9175
10275
7919
10063
14676
1766
4542
12366
13811
3566
15124
11707
6521
16503
3970
14257
3929
676
4867
15397
12070
13729
5162
12709
4457
10977
14470
6986
15265
8206
16965
3165
3817
3733
9548
4403
12408
15460
1962
16513
10256
9062
12495
311
10835
14660
13307
469
8586
2559
4604
438
3272
1905
3218
4100
12753
13924
9444
5622
8522
691
10898
5791
10273
10576
1990
11644
6832
13494
10992
11738
8809
94
12722
13955
6850
15070
2591
1368
1635
11990
11969
10902
10332
13762
6922
2808
1151
4386
2404
1363
5297
8803
9613
1139
16344
5717
10208
10192
4015
6528
47
16754
5262
11234
6009
800
16082
14923
1765
1883
7594
7957
9149
2881
12856
3018
3844
1134
285
10164
1547
6682
5290
8232
9686
14230
13339
13644
15648
16105
7057
10894
4874
4468
13593
17001
6745
1360
440
2226
7933
12520
14323
93
1021
4218
11927
15657
14094
2260
5006
6149
1123
4463
4581
309
8459
6183
12574
7389
5997
14432
15326
9864
16564
10079
14464
14593
3071
11508
9292
8155
13638
3312
14609
5901
2465
9547
15857
6965
4937
15557
9541
12137
2372
3697
6417
14896
817
7604
2016
14698
14968
14079
3752
5008
6089
7290
12869
7446
3023
14311
6711
10417
2323
10351
15306
12768
5684
1296
4663
9688
14166
16013
12118
11395
10709
16578
8165
6930
13865
14422
13381
3574
16848
16159
12286
15510
650
17010
9384
2104
14346
13958
1758
1288
3453
14339
28
5040
2288
4238
11073
13602
10025
8991
9400
16418
12718
3723
523
17019
8068
10136
2540
464
12595
12904
15996
4806
14682
6226
1589
8588
5533
13066
500
7781
13633
12818
2798
16935
6625
886
1820
943
2217
5536
7283
13809
5781
284
938
7637
10374
16948
15421
7622
9103
12323
11420
5389
4296
7150
6840
6342
13172
15428
15841
6341
9251
15845
7307
13793
10690
9369
4261
14453
16221
15208
2133
12614
9597
2419
1302
6194
4406
14100
6437
2384
5633
9167
4042
3333
10527
10911
16117
1625
3547
3643
12391
3292
2220
573
12939
3588
5050
3913
12124
16715
8960
5422
16390
12078
13895
14867
10468
11336
1888
2124
16994
4842
7922
2987
12418
13629
8191
12848
129
14081
7568
7006
14922
11326
13131
531
3203
7461
798
11129
5361
903
762
16428
13981
9944
8431
9127
14183
5046
10274
13013
9927
6710
3147
6169
6260
10714
15902
5397
4060
10
4229
3974
7393
10311
11135
2710
1749
12771
7415
8926
9644
7850
7978
8195
7396
12378
14010
2306
4847
8623
15415
10953
790
12637
2975
1602
4945
13389
3296
14551
16144
12960
15652
12050
4129
1227
8867
9083
3044
8710
2347
16748
10424
10395
11907
9642
4216
5035
764
7615
8666
6436
16339
16887
13910
953
1649
4705
4597
12280
5733
5667
13681
9826
6461
16545
9799
865
15669
10867
11252
14654
8343
3908
14126
15655
15425
11220
7215
12467
5203
10200
12461
4957
11863
16134
14951
7917
2624
8574
6836
13566
13780
13404
8469
12968
15047
2012
16448
14691
10870
14495
8553
16992
15151
322
7219
1170
10258
4660
3137
10075
7498
7203
4395
13539
16975
13929
5306
16682
9038
15063
7300
385
5881
5616
10549
11032
2815
2800
6393
12780
15756
3903
6212
15412
15444
2936
10995
10715
8229
10809
10226
1430
913
9546
5196
15956
13410
1346
7805
7171
2833
5477
577
9018
7548
7222
5612
13760
6467
14201
3166
14711
4124
3673
8805
6541
11754
9848
15215
13973
4198
14478
3175
13011
2304
6981
439
7666
2921
15631
1278
15601
8147
13
5726
3537
10874
15985
16603
6671
15345
8528
16806
338
2617
143
6060
12550
8284
9996
6053
4418
5100
86
9733
12094
7724
16340
3386
4313
11965
13372
3424
1074
6827
9145
11653
14782
10787
11621
3326
5109
8474
13322
3381
3492
3749
11565
4916
3589
12962
887
10802
1878
805
2062
3754
13278
495
8650
2740
12515
2001
7802
6846
1942
7720
2181
7523
3803
14725
10775
9770
16943
12220
12652
2998
6552
1632
16230
13146
1260
16977
13219
14839
8920
6063
13174
4856
10506
6576
15770
10907
5219
3221
2647
1175
11161
692
7597
13600
16010
10379
15545
6544
3633
3177
14665
4748
15822
13595
1233
6940
2692
11349
7599
2162
2666
15585
13753
13683
4524
10340
15547
2168
4038
13113
1249
1747
2563
12747
12033
15861
15294
2530
15407
4700
1697
14337
4075
6732
2870
12961
16662
15745
1446
4377
2066
4888
16598
10103
4882
16882
15910
3875
4008
12781
3949
7170
1574
2456
14914
15684
7899
15278
13528
15621
11426
13409
9828
13429
12786
8428
14635
6247
3013
1375
8549
16521
16455
6782
14881
13799
9069
6756
15594
7522
3204
13624
10655
5789
4590
13028
3662
6184
4893
12111
14413
13300
10553
16984
4795
232
15449
15111
12407
16631
15760
13235
10151
3027
11055
6015
4589
7861
13992
12743
8031
2415
11408
11347
15719
2271
4528
16825
11427
11403
1447
1924
7765
9153
1451
6246
14004
3432
13303
3724
6927
3833
7259
5276
11795
12316
9347
5610
10121
16966
10338
15513
10734
12976
13861
13107
9208
13775
5384
16365
7648
206
13673
6187
4390
7343
432
9342
11800
10389
8851
6749
8067
3936
12946
616
8533
16856
9816
16857
5608
3041
4392
608
15376
13522
15401
13746
11225
14576
13636
11223
10052
4899
13752
16401
12651
8161
16223
12802
13641
12439
5977
9731
10657
5521
7890
13732
3008
16781
15970
10418
10664
15195
4769
15687
10675
7924
16798
1435
7921
324
2660
11241
12821
11249
14790
13573
6240
14723
6509
4975
5980
6469
14137
14072
3154
12556
15523
12696
3551
15431
6410
11188
11338
652
392
2491
15127
11566
6485
16916
546
10082
13033
5757
3502
7397
11830
9878
13946
5926
88
10168
3341
3304
2011
11744
12740
5082
3231
2787
8119
7450
4269
15734
14928
2594
11012
10801
460
16490
11594
4171
10703
15508
16629
482
4725
2192
13143
14019
1022
14384
14794
14766
9746
6256
9573
3134
14827
16777
11385
9209
4751
7375
4358
7618
8943
3407
7844
13892
8824
14458
13155
6102
7762
3853
11674
13620
14062
12672
2463
11380
592
12915
10400
15750
13080
146
3982
1418
13751
80
4850
7297
13764
8795
10888
15119
5185
5846
9695
15442
5817
4594
15566
9491
6257
249
3874
14454
10130
1971
1097
3811
4561
3466
7040
2879
8498
9687
8486
14533
11367
2448
12207
15593
12019
4563
6730
2391
3892
16750
2395
428
15066
14365
6871
12625
10935
11914
6943
1149
7943
4996
9012
5504
13152
9447
6079
13956
3358
3907
8972
10123
14620
1619
3069
16937
11748
16362
13485
14761
740
15895
13317
6143
11264
9997
13063
5222
3267
15829
13530
10029
10600
4145
2333
4936
518
16552
5281
10879
626
15472
4253
2201
352
6066
14935
12864
15370
4474
10824
14177
6535
7073
15253
2342
1017
3256
3268
7338
1004
9194
15729
9344
14792
16727
16729
8003
11555
9468
14916
16647
14237
437
1720
1181
14701
3640
14216
5301
14949
15312
5472
5023
6853
4883
9115
8044
14271
5183
3760
5680
16969
12665
1772
4434
15186
6662
5628
5436
3385
272
8775
16579
1723
16918
5453
8126
14729
3732
11174
10343
11396
13901
13612
7287
7891
6054
12551
14352
16888
6062
15164
4137
17020
15752
6217
7966
3020
9424
10959
9588
10569
4987
13406
757
6688
6264
12878
9976
14985
11218
11179
7033
459
4709
2059
6979
3647
1693
3829
1840
9236
4084
11158
6266
13186
14887
9590
2534
10191
7589
14563
3824
8114
16828
1541
15766
1510
1906
10550
13541
14400
2948
8208
11217
1892
13672
114
7820
3669
13537
9155
7468
6562
12101
6791
579
1461
479
12586
13989
11966
4005
8098
2891
14898
9306
7997
6086
10346
6503
9840
5695
1439
2454
7910
16115
16791
15855
14811
14331
2293
8911
15090
12943
3244
1881
14058
6775
15911
12732
3130
10223
9002
12526
5534
12237
1182
1523
9804
13737
12808
14562
9015
16333
4851
1954
8727
15749
7155
960
14851
15954
9088
4003
16489
2596
9020
8725
12300
9869
4852
7571
1787
12272
15220
485
8038
1860
15272
5713
11699
15494
9767
7154
3606
11306
3725
6539
4259
13210
3677
13417
5895
8678
3280
9974
13032
1826
3039
8779
8489
10783
13392
7149
9464
14778
7098
7507
10971
3924
6279
4191
4235
14396
13749
12666
5286
7015
7451
5851
16617
9893
9730
8450
10368
6316
3210
10608
4365
658
1641
1613
3509
8813
9990
14147
11737
16348
1583
14433
5939
9396
1239
4618
13711
5151
2482
8597
8705
7251
5721
6985
11997
6236
15349
14485
15229
4076
13921
8453
7305
8949
5292
5056
10423
15656
2620
2724
16839
7563
6667
9173
10944
2029
13391
14285
3796
6945
13201
12583
4733
8410
14076
1131
898
16166
9368
1242
5291
2853
5342
5748
4968
9605
2187
7110
4579
9077
16915
3539
16324
4080
3518
16667
1875
10963
8796
15064
16119
5142
10396
5736
6254
5034
189
3986
6566
9517
11159
7869
2098
11342
7476
15636
8019
5401
5454
12232
6881
7692
9267
11749
12244
8505
4741
9231
4641
313
6330
2927
8113
2397
9583
12412
11835
7949
3755
504
15769
13720
13436
14715
6865
3659
9425
6080
15714
10607
9082
12020
2783
3941
3846
8968
656
8642
2835
4019
2507
12673
12982
10320
5484
10071
16563
13504
1631
141
10689
7161
9675
13260
14784
623
9831
8185
14614
7530
13516
13108
9357
6724
2861
5271
5087
10520
11061
8130
5955
14690
16638
3000
2823
11208
4950
8689
6923
8740
6286
10373
8314
12872
1685
7763
9508
12920
1710
7322
3318
16671
16300
12619
5890
14061
5819
5561
6178
6725
5548
6289
4385
16056
1855
12979
10900
15840
4125
11331
8372
1357
750
15357
3556
416
3515
8103
10217
13906
541
9009
331
1331
10666
3140
16182
13498
409
15688
8039
5790
624
15325
6346
4173
10588
8105
8083
14739
13142
11383
3447
3329
13305
6049
8162
5836
1979
12951
562
6994
2452
16315
3393
14515
4323
12055
5126
9989
13272
9797
9064
13139
7847
13385
14868
6135
9381
10539
4702
5714
15683
3637
10436
7260
6446
3227
2569
9930
3252
14559
14228
12992
14416
11202
4791
1153
5850
12071
1676
7267
9270
12456
9000
13287
9851
8203
2145
8141
12469
1600
2237
12829
14442
2368
11679
3364
15462
16461
15974
1056
1579
4477
12750
13976
1639
922
10692
2367
4236
13399
9370
13352
13704
15692
16216
5181
2203
4570
11761
16500
2141
6670
10280
11169
6565
8320
8018
11126
4698
6510
1601
15599
7581
15014
4054
578
7157
15722
596
2746
15878
16066
13061
6800
1809
4624
9847
10199
10187
11361
8212
7056
2427
388
4371
14473
16449
2150
16078
878
12970
1580
7175
9339
11977
9346
9599
844
2015
1838
6884
10058
742
16775
8140
13228
4642
9763
12430
13876
6861
16619
14133
5099
11352
13039
12535
7058
12045
3765
13609
3973
234
1146
1689
2007
11323
5113
901
3885
14860
2380
13589
10264
5010
14497
11482
15876
111
16211
4569
15906
10159
3992
9200
9781
8100
405
4738
9515
10984
12349
15894
15846
10425
6490
14209
13614
11446
2266
15896
8030
6319
1950
1916
10453
176
13434
3642
721
9037
8240
2811
8129
14584
6474
11290
8122
16143
7819
2425
1722
7328
7992
2973
10474
11090
12981
5637
13891
10829
15060
3812
13700
8334
14193
14913
12917
11356
11344
11582
9241
2551
12787
8662
10482
13191
5857
5381
1394
4813
9975
14429
4170
929
734
3627
15430
13867
4295
12463
15706
6540
380
1938
797
10967
4901
8357
602
12603
15591
13168
15182
267
1777
6301
14806
7180
14425
8405
5592
12544
1849
16525
305
2055
10631
5660
5657
2675
16691
6070
6008
12804
12524
8099
5642
8319
8293
2869
6439
5208
14241
6311
8433
14862
7733
9749
16275
5148
9665
5369
13520
10736
6366
3785
2343
16829
7937
9858
6584
15087
13824
5217
4970
11151
1810
13378
8822
4416
15130
10295
10430
7809
4034
11696
6523
11514
12427
7688
10222
12543
16584
59
140
1376
4292
12216
5830
9523
13237
9154
686
2370
7043
4655
9586
14369
780
7741
6692
5645
15240
16892
13734
15125
15464
14828
5900
908
4955
3163
1550
16572
3282
11484
14713
3278
3531
1746
9243
11485
10479
14150
2968
632
16130
14117
10069
14938
14910
8768
2276
6321
15746
9532
16658
12925
7956
15
14716
11540
12926
11803
5302
11228
1026
13468
8121
9278
7127
14358
13458
16414
6045
8305
5257
6950
3554
13587
7413
2050
2257
12310
13426
15497
10145
1198
12139
15327
1136
13604
11096
14983
6468
10974
10317
13471
6988
11086
6108
220
12834
14491
1800
13100
14466
317
4304
2529
463
228
14659
16910
1054
8566
14053
14532
14099
11983
16740
15249
14197
12178
4568
16514
14523
10360
11142
704
3961
7066
15039
2791
12225
8012
14941
1815
214
14097
11725
4276
5599
15029
5215
8016
6887
10794
14087
12084
16790
14908
13963
5467
946
13425
7673
5675
14174
907
7586
16902
10127
12751
15083
3242
4212
2191
10372
7831
7979
7813
9085
16367
4783
10014
8645
14807
16863
16527
9618
8408
1445
8754
11988
3613
12015
1457
13257
4356
17017
6152
10524
6543
15533
2303
15269
4932
9641
6742
7866
13928
1926
13469
12506
3169
12247
639
7547
8917
10514
16508
561
12246
16979
7515
5209
2688
12042
11544
9367
12333
12068
3184
12658
12468
16204
14098
3273
7469
6612
13846
631
6660
14024
6532
7265
5446
12450
13379
15176
2982
3
16374
15049
15532
17021
5941
14203
7228
9416
16936
9530
5441
12902
2388
637
6706
15914
14008
6144
3614
16519
2700
14996
14541
11074
16728
7464
3651
4784
15660
4845
4923
13382
16970
6699
2951
7884
11789
13288
15901
9904
4155
3868
2528
3645
1283
2747
10212
3926
10926
12752
6659
16083
14677
9353
15945
14580
16432
707
6549
7838
8671
16616
756
2490
10041
3984
9575
12076
7027
7513
394
15717
3478
3804
9732
10878
16716
10740
11101
3101
16345
827
4501
5011
13148
3615
6414
5445
569
1407
14281
2344
7422
5347
2031
6401
1121
11743
15592
6685
10180
16585
9521
16927
465
16133
1493
16290
6228
2083
11242
1871
8551
183
13344
5662
8143
2684
12720
10669
3266
15773
9361
4266
2909
11903
11564
16562
7313
13388
3952
2458
8160
2053
5923
10312
3692
642
2294
7272
8047
54
7115
10215
11886
7833
15999
5559
16355
11766
8679
15967
3644
8000
16312
10298
8353
13851
12640
10986
15308
5318
4549
15426
3743
14622
8172
10653
3196
188
7624
7654
5122
7752
5573
6106
1742
13832
16912
7559
8976
11770
4156
2091
14589
16410
1645
3320
6866
3209
4297
6359
13418
9484
10575
13736
1591
5303
2767
15992
9888
14830
12198
9705
11328
6652
9190
14169
883
6096
11627
1661
10138
13875
6726
29
4859
10752
7061
10912
13060
10763
3129
3340
2759
12677
11297
11887
1636
7137
12132
10872
5459
3090
7644
6035
16793
8262
7598
1266
1142
12685
9503
10850
1948
4180
15409
1677
12756
2231
15373
644
246
8708
4396
3559
10146
42
6071
2712
8543
6527
5385
11763
1051
2010
16914
3707
3084
10399
14919
3394
10367
12738
1313
14957
13705
12120
1223
539
15871
8291
13493
2657
2910
2536
14175
1901
14679
7612
1511
14110
2929
13518
549
8087
2781
12897
13179
15527
9431
3646
15662
16766
12364
8729
12330
11365
11231
14571
7388
7918
4205
9395
16214
14020
4571
3818
12500
14740
4431
4473
11828
339
1974
6783
4482
4956
10102
6369
6560
15556
4073
13085
4555
10612
14594
13301
9024
3696
11633
6677
8327
2640
3153
16236
5727
6958
16999
4211
803
4367
13627
134
16014
4518
3862
13651
13977
13414
15343
5161
16767
16665
8636
11923
10701
627
11496
5498
425
10614
10236
15433
16180
1030
12438
10595
10404
12451
12392
7064
8142
4562
778
8079
10881
12403
5485
9789
15434
2996
16980
4251
5767
3363
11710
5942
14218
14082
7107
5697
4654
13816
2515
14870
8452
2321
16607
2786
1864
10679
4567
3185
190
5118
12777
8605
1505
9803
6873
1654
14961
14068
9808
7443
10129
13198
2290
14847
12457
1208
2223
7840
3617
1884
14565
8210
15709
4158
12936
8930
5798
14142
2251
15402
12790
7454
9378
6231
4596
13156
5294
15782
12377
16995
9152
316
11079
11577
11960
13961
16674
2411
8613
12374
4460
7046
5353
5948
9008
14136
99
6374
614
11946
7836
13368
15668
8095
11302
1743
266
11631
14405
3814
7045
11260
2886
2674
2612
2725
10684
1482
2000
7835
11857
6456
8156
4025
5754
8579
4891
12570
9089
16544
15110
11106
15262
2916
10500
15454
11454
4502
6718
13045
7878
16272
14583
917
8407
7963
13523
3660
11089
6661
7031
509
107
12257
14718
9740
16274
9207
947
7907
1183
13969
16363
15158
10342
12
4334
10498
4583
1294
16625
1411
15938
6407
14284
6288
5602
2761
2894
2956
10440
1322
8430
3261
7407
5617
13813
3412
16081
12629
14750
12324
9955
12082
6708
6141
14266
11553
7703
3772
15023
1370
13101
12820
7384
8963
1618
4248
9331
7766
6388
16792
7372
16129
6083
9761
12256
3839
13590
1929
3680
14052
547
10268
15534
10917
4942
14393
2348
5603
11431
4423
1138
6948
5962
7377
3248
4143
2389
10347
2005
16858
12361
11962
4094
6701
4388
16947
10327
8606
737
2946
14112
12597
12222
13754
3719
5524
3739
10776
244
9751
15900
5965
12557
6159
10255
5620
15735
10260
9681
11771
5778
1071
1605
12741
3561
5408
7837
9844
16734
12563
2953
12632
14283
15950
9073
2166
5244
7001
2818
6427
11928
5580
6951
11247
193
10918
4879
3063
362
4991
10489
2405
13440
9640
5931
15979
16111
1141
16876
16050
576
4678
8521
15112
12668
12868
2126
6358
9537
4592
7791
6472
3609
1831
6870
3031
6464
2541
3861
15973
10477
10683
7342
15962
10994
15476
8336
9390
16209
4471
7030
15123
10866
2414
12213
11875
6807
6921
1545
9283
11867
12959
13742
11407
7188
12797
8374
1339
8224
6737
13957
13920
11691
11620
16663
2447
11332
5800
9195
588
3404
8923
9461
13544
4761
117
11541
3306
160
7167
5870
15755
5117
7914
14127
6210
5330
11864
11122
622
804
3047
10923
4668
12580
14536
12380
11503
6859
4989
9446
16622
16536
1052
2876
13424
11942
10513
4346
5795
1604
16039
15572
358
9886
5047
4682
15539
875
15133
13767
10821
5867
3738
6570
6220
4933
5761
5372
694
12565
1582
2068
12578
10196
7951
2755
1481
6460
16284
5927
1795
8255
4887
7993
526
7035
1130
5435
6199
1512
9612
10927
16968
628
7294
5953
5079
9796
8592
14211
1714
15393
9298
6704
1928
16317
9600
2071
1040
8124
14509
3838
968
9800
3132
3350
2479
11007
5960
4420
2713
16400
13135
2324
14255
11186
10991
8033
9810
6114
16321
13227
5780
13546
4684
5803
13204
11588
8485
14535
11036
16351
14146
6186
9633
16440
6678
12853
9690
12100
5283
5048
5918
10169
14770
2070
7395
6119
3904
6947
12227
14118
9480
7075
15807
10687
15948
2371
6789
12642
10743
6946
15217
14626
16233
13492
9392
2988
4370
16378
5326
7256
9602
4090
8525
12083
1966
9028
15761
3383
843
14066
16475
4369
3598
9736
5091
8913
15011
9860
10573
5134
4439
10047
4586
11940
9136
8074
14980
1468
7671
1047
8706
2864
12843
15998
3827
958
13519
10938
10647
9401
14953
10330
8368
7277
4985
14333
6385
2939
1801
13284
10958
16538
14480
8350
9970
41
13050
15993
7585
16844
16087
3332
15798
10674
8799
7826
3073
7048
14002
12919
4312
1701
12521
15233
4580
12826
8742
15834
7213
15050
11110
10096
9486
5501
15341
283
12719
7430
9434
14057
2140
12706
3953
14189
9901
11842
8258
13747
2219
7403
8838
15389
16599
16002
15078
14299
4872
6012
854
8441
10039
2778
15552
5366
13461
10584
3269
3691
9533
15143
16673
7991
12935
3051
15255
6514
7889
5052
8964
5334
5689
2019
9100
12030
7689
10101
6598
7104
16257
6893
11869
12203
12416
6638
13656
15590
12087
16177
1995
1612
12452
5267
16256
2590
16210
8587
15467
17
992
7327
4178
12048
5635
7204
967
4433
13637
2944
11479
15092
8309
2659
1756
12262
6980
8115
15754
2795
6215
9469
9262
10233
10762
2171
7421
15302
2683
9646
4263
3805
16722
1090
8286
1947
15644
6243
2319
11444
8791
10076
1846
15166
11876
6085
7971
1372
14629
2502
8981
5391
8601
15453
1798
2069
3123
15482
713
14631
12356
16760
10044
14871
534
11618
6759
3883
2318
1897
9564
902
9492
7632
2762
15989
6497
2698
13835
16896
10662
13712
7352
8183
6493
15718
11207
11974
10507
5725
11563
10471
5598
16498
6952
1184
6642
16941
9071
6039
4299
9883
13133
3155
16254
11700
8135
1484
3682
16411
16017
4026
6564
15991
5480
5110
330
15235
9673
3115
3988
5853
2472
11545
16478
4035
11366
16296
2758
10099
13222
6044
12012
10407
12021
9538
6134
12953
16260
8786
5568
10209
15546
1889
16944
10015
15150
7977
10077
389
2749
14652
2262
13592
10420
2233
7887
12966
11534
7674
16778
12188
7740
11905
2027
3396
13454
11628
10766
8460
9257
4387
9928
11611
6628
8884
2851
16547
2345
12533
8271
17002
2449
11829
649
1761
373
15113
14202
5321
9224
1274
8882
17018
13863
10973
6568
7085
9760
16165
11716
7626
5245
15107
15994
3717
3215
8598
13005
1334
15098
6931
9582
12901
7511
8389
3222
8356
8492
14708
16502
5950
454
2002
1059
1453
10883
11528
5368
8373
8035
16245
13062
7493
13360
7381
14375
9829
9111
13099
239
12231
14820
10334
6727
10301
4588
1298
2670
6233
11854
15961
13594
3795
3622
5116
15764
4401
6175
4740
5585
6592
383
12122
8635
3313
16015
15937
2198
2393
643
3191
1405
3698
3406
580
866
7362
6006
9311
10846
10546
7602
1896
16865
10615
7129
706
3399
14726
6888
6937
13374
10832
13358
13215
14757
14931
7912
11399
10806
11678
4006
3247
7582
10022
12373
8313
11519
14441
414
9027
7070
187
14684
5946
5582
1218
5337
16396
14751
9511
14895
1190
11081
16037
4160
5362
11581
10725
2848
6862
14538
5184
13243
5563
16153
5879
8894
5295
7102
1760
2353
6898
1408
4391
16587
7603
6529
532
12607
6794
15435
739
16737
79
7044
5821
8983
15710
3475
13730
9558
11665
10672
5600
13557
7678
15837
13470
2630
8490
13023
8596
11124
14802
5576
8318
14822
16743
11824
7345
1769
12444
9498
14269
3072
11244
11818
7274
12558
7281
16592
4324
9068
16430
9289
14130
6153
204
1825
12134
9
3578
7573
12314
6901
14964
4523
3224
2079
11137
3524
852
16474
16112
9655
4572
9264
15732
15780
4871
13138
11568
10815
9159
16759
10643
15282
3638
10448
14569
13466
8873
5541
8108
7394
2307
3516
14165
11510
1423
12487
13157
8933
56
13741
4967
4550
14320
6036
310
13721
10861
16864
11878
5415
15616
4091
14638
14030
12145
484
728
1196
7013
236
11272
889
16666
11150
1537
7133
1156
3679
5456
4257
15276
6517
12883
14924
14502
1078
651
2950
10190
8560
9402
16085
9652
9971
3271
10979
8508
8800
15796
10733
9631
9518
3472
1952
12293
10401
15320
15455
3969
6396
14694
11580
15035
10294
4727
10843
8351
9910
10702
16072
11370
4853
8906
14637
714
990
13843
12678
16114
10186
14238
13769
736
8437
13743
5336
16726
10483
15763
21
7404
8575
16703
3305
3542
8569
13545
1496
3285
1429
5200
1921
13123
16540
871
4151
16996
8227
5818
13256
1944
6250
9324
11843
5319
3300
4484
4227
8626
14685
8638
3452
11750
15065
12559
17004
12113
8045
12043
4595
14758
3865
2655
16862
16064
1269
11817
6639
2866
11827
10626
13502
3193
13933
13708
1427
4375
11561
8532
6680
13314
11904
8198
13826
7233
245
15890
14035
8463
4854
9176
14263
5877
8870
16886
3576
3699
4790
11168
6222
4232
12017
217
14542
4735
9931
16377
14489
3119
11363
1818
11872
7218
16127
10620
5743
4197
12877
7331
10862
3194
15685
8209
9906
8181
966
2756
16088
10415
13718
16851
9691
14971
17006
11343
5824
6686
1868
350
14159
4913
7172
7420
15589
12230
12104
4214
1533
2983
1234
653
6575
13529
15811
7128
3136
7280
7264
5509
1933
5921
600
9256
7410
9698
2805
13757
4723
14250
14854
11039
6998
5909
273
5564
10652
11837
15246
8330
11736
6953
13560
5433
8889
1790
9505
2088
9960
1157
15126
16040
2023
678
7118
5270
10841
7828
3327
9179
4381
12459
12379
4116
7514
12147
7229
8106
15073
4827
12833
12109
7858
12794
8359
1035
2734
7423
11783
16753
16163
1352
1163
2645
6970
11673
6473
15675
12547
8290
7812
5859
11104
2038
8026
15924
16972
6607
3164
16959
5367
4400
9165
1061
2972
3777
9030
11622
610
1072
13888
4225
4635
6760
11888
8704
840
3133
4438
1822
6899
11409
13676
7435
9230
15926
6610
16464
4399
15740
7516
5088
10100
8482
2681
15188
486
13856
2339
2101
4979
4161
3319
2369
3208
4577
11511
8942
8148
2269
4677
11042
15947
6449
8369
16967
6872
11844
4089
10903
6268
2209
279
5751
7029
3571
16649
4048
11069
14206
5844
14184
745
11526
688
1991
3690
2024
15538
570
11091
4507
4615
11432
12650
4077
6378
951
4119
5587
2701
7888
7536
16147
3219
10603
14163
12176
7524
9509
9084
3287
3421
13268
511
2769
7205
8840
7508
14528
6099
13632
7928
11797
7047
9867
1965
15767
10201
3045
7955
15679
276
5932
4049
9711
6306
4814
3693
12090
3378
8903
3010
11802
14239
7730
15344
8737
11077
6389
9992
1046
16522
14468
13723
8576
2106
11388
12733
16645
7795
3060
9112
8567
3937
16717
12023
12635
161
6819
11184
11266
1900
4316
13975
2329
16761
6118
11094
9861
10148
6193
687
2244
16258
1066
10165
5236
16023
9142
15602
11423
5575
14043
6379
4311
7153
11250
7021
13682
6432
5090
9297
15020
589
15997
13801
15177
15944
12255
34
13819
10564
4620
969
4767
4919
12911
3549
809
14439
13551
8834
7555
2020
12057
7652
4424
3632
1918
4943
13972
8790
1276
11428
10195
16125
11976
14950
5758
15852
15561
3338
2648
3335
7497
7651
11937
6557
514
10061
11897
1748
14673
9255
8077
7081
2793
5835
4206
15432
8609
13015
799
12329
15831
2664
16007
7532
16720
14732
12346
672
11411
7080
2455
14277
7726
10567
15149
2772
2161
14494
7221
2802
6463
3901
4875
11979
12956
9723
1851
11706
7230
5972
5241
11162
9734
14356
6974
16450
5139
8698
5426
10107
8361
9214
9884
13999
12757
609
4087
7174
2857
14521
10429
8056
1834
15277
1610
9118
15331
179
15360
14388
14085
9777
6739
10237
9593
15100
7528
12822
2300
15802
10173
6559
7333
15619
12894
14449
13216
2253
1250
5025
6040
10737
3291
11651
7499
3100
11346
6344
453
10315
712
5775
11778
5802
664
690
10135
8049
6589
15372
4461
4493
8875
8167
16346
14381
9186
16358
1671
3925
12554
1829
7361
13898
11136
6754
2085
13511
3238
4696
3781
7821
14586
11475
10249
11246
8180
4760
6101
13018
15058
6239
16360
3486
3552
12270
3525
12011
12156
2430
9852
13987
12081
7862
2690
10166
14395
9809
14054
10504
1930
1495
11022
1337
10962
9755
16819
8243
8859
14124
6687
8871
2884
7208
575
15832
515
3975
6223
5198
6847
2897
3427
2696
4086
1968
16656
2063
16929
260
14833
10299
10095
16488
6815
7803
11100
11538
4719
15708
13474
5511
7231
16327
7808
3654
8104
9116
2720
4469
566
13607
15192
15977
2046
6091
11278
12395
16880
13798
12320
767
12265
16655
15565
14444
12967
12385
16417
4267
13659
1133
13691
8006
8149
6405
14363
9841
13927
5067
14420
16195
11017
12014
8013
6996
5120
10492
2627
5309
7562
10804
7538
491
14911
2252
6309
7694
9373
3577
3411
6181
2249
3369
4636
2662
9485
355
15448
10422
6322
8527
14090
14797
5223
13336
4407
11546
679
16591
7286
12277
4606
630
15275
2175
13065
2652
4435
841
2214
12702
4775
4412
7177
7746
15882
14855
15318
14643
2622
11355
5519
16142
2453
755
7557
2671
5505
13217
11968
2281
3206
7466
2771
4274
4659
7306
9114
828
14407
11335
13026
8225
312
7214
10828
12301
15842
14044
15705
15034
729
12340
15339
13159
10464
7303
1236
16140
3445
12420
8514
10397
5984
16379
2602
6302
10838
14954
15696
16561
15086
1295
6010
9623
11483
3401
9380
5973
3408
13090
17000
3156
2943
301
2017
2086
10559
9420
8869
11806
2918
11456
16186
6624
5264
16904
14656
1300
8555
10511
1996
16548
7424
14451
7489
2547
2575
11921
10910
4878
12694
13475
3484
15921
11809
15132
5712
11152
7406
4451
2672
11255
14328
7780
16178
8950
6478
5413
14434
13951
12973
15056
5146
2775
3618
10732
10012
6282
13105
16416
3352
7325
44
9196
3074
7355
2618
4240
11924
13983
2625
8837
12906
9304
10759
16807
13588
14472
9067
9938
16493
8570
3779
9365
12426
14427
6664
7810
12726
710
9216
16756
16802
12575
3007
15238
14199
16139
8301
670
186
9482
2718
11002
13635
15887
13267
2234
15664
9782
14579
11607
11206
3840
398
8709
6635
1150
12760
9838
9912
7646
8164
10189
9274
8544
7649
1664
16084
16893
1844
3172
67
2836
2486
14866
2105
16960
4824
6098
12183
3449
910
8383
13395
14481
5579
10503
3417
12422
131
9817
3439
16532
14795
1706
7309
5442
7771
2587
955
15491
15517
14987
16137
6176
14570
14621
4982
3488
13161
11421
5904
10925
4270
10153
13104
4444
1843
5060
7777
12947
7099
8724
11410
8236
11113
9907
15667
3294
14529
16956
13885
11369
5233
3999
13446
12394
2509
10857
10206
4877
11879
5529
8984
15196
3033
3806
6895
6488
8888
14317
760
6048
15860
3990
2471
4281
16801
10104
12275
11807
5328
8390
5268
10348
12995
2189
10877
10297
3419
7953
4629
10458
2301
10884
277
3228
1725
673
11112
10644
16071
12795
1232
5916
9706
60
16420
12697
15009
12498
12067
16063
16687
3841
12054
667
12239
15134
12052
7985
10638
6074
7867
2691
6618
4113
11935
11414
14067
772
379
7152
3773
2476
10406
12807
11715
3520
4974
9710
10599
7349
13785
11238
4737
11468
4349
5648
9409
3548
7210
9437
11959
13725
7659
12958
11866
5651
13136
14360
6506
2893
4344
788
11125
3190
9319
6245
2093
12144
9309
6351
6640
14712
3114
12189
1969
14834
13397
6634
11003
6244
1917
13160
941
6138
1514
988
4162
16576
2600
7116
14113
10463
14777
10134
2314
4691
7564
12835
5811
13698
916
12481
2267
5014
1656
12337
6248
6476
12532
1406
13503
5304
3933
8880
2264
3444
2305
4072
10371
3505
5210
14728
11052
14977
1814
11362
6620
5641
10545
6046
13343
5746
10826
8041
7627
7504
13263
7717
14179
16724
9528
2403
10110
5584
4067
792
13335
10054
11605
4305
13340
3448
5560
16132
15575
1842
3882
4690
12365
12322
290
14298
906
4467
8951
7817
13264
10118
11926
1986
7340
4341
9870
12779
11404
8891
16534
10238
9832
7082
4264
1473
17011
12148
13402
10284
1158
2619
9747
48
5832
7545
15346
980
10093
5666
4337
4016
15670
7662
517
12724
2553
5627
13640
3523
13571
6171
5809
5896
15899
10303
3623
2284
12536
7010
16989
15772
8853
5335
7834
5199
13449
36
5989
15493
6123
867
7390
3434
16878
14322
9920
14661
9903
15502
11894
9364
11883
15730
14942
13536
6023
15135
417
9458
1335
11154
14904
11784
2320
13396
1187
4217
3068
4940
9376
4673
7938
149
15859
13844
3722
5425
9622
9454
14457
2081
8473
9780
557
9874
14141
10947
4917
13800
9220
9735
13670
14302
9426
12248
16923
8765
4695
9682
314
4413
11578
9123
2179
487
8417
11717
15475
6284
15893
12077
9937
1460
11938
4517
13830
10793
4320
15519
9334
10487
3286
16643
13068
9266
5298
13296
5699
5360
1997
748
15371
12761
5220
10281
9977
5418
3461
2360
8887
14606
9039
9914
15296
11724
8250
1729
1882
5085
7101
1989
5180
14618
12294
1691
2658
13439
16639
10592
13280
2693
1316
16467
7091
1779
4939
14109
3361
4614
13162
15241
5957
13787
15731
6317
446
7246
5457
12401
4789
7005
12477
12801
6457
14627
10999
5259
5340
14762
14389
8464
11148
16103
269
3131
8189
1200
6744
8465
2
1856
14016
6166
12436
7561
11834
15634
13820
15439
14764
16380
6313
6929
1284
3710
12458
10651
15628
13938
11303
15003
5623
6016
8974
1563
12160
13463
6804
7767
6386
7896
9784
12698
9044
3124
13791
2638
3081
12131
16122
15941
306
15172
13087
2352
5093
11449
4521
7633
3469
3709
2032
6285
8714
2702
8509
1068
13190
14517
371
13549
4329
1396
14650
10957
11023
286
14741
16818
13968
7614
2481
16138
3809
1320
2243
15099
12617
6305
3262
14157
16704
11758
13744
2222
9743
7405
5914
2089
13144
6297
4447
13097
5990
9006
16029
7449
11232
13817
16160
818
1945
3442
3987
7356
7465
10604
15678
11661
135
8287
6375
9035
11325
10695
16804
4828
15641
12888
5979
4662
5891
1235
14324
14873
6331
14341
3150
10172
5155
10197
15257
4194
11239
4132
4278
8338
5398
2273
7842
8488
16575
13776
12088
11092
13048
5320
11040
911
3994
12159
7860
6524
15266
11683
1653
3808
8295
12934
13864
12465
8254
14236
7996
2030
6139
8144
10038
8403
8711
5430
12029
7400
605
3443
4714
3233
4906
13802
10308
14991
5371
14438
3384
14355
10948
12363
12264
11985
2949
494
14456
4027
3764
2874
6733
3263
15957
8397
1804
2357
10359
11
6793
14153
11181
7975
16446
7092
16581
6984
3607
13745
8793
10495
15968
12411
14210
16100
15144
9738
6784
11464
16933
9707
14884
11353
13079
10277
11120
11146
1293
1606
10282
11285
10915
6843
10227
11668
9921
8897
110
13029
9122
11214
13211
8444
3410
10554
1775
12073
2057
4222
13024
962
16024
8110
2356
15328
1253
4343
14359
16874
8134
3702
12453
3665
2407
3671
13662
8451
1197
3379
1212
4895
16477
6919
9659
3212
8378
4237
13796
10916
9779
14735
14498
3546
14925
2374
8997
9393
13403
6088
13926
4148
14370
15851
3935
14524
1247
10718
1638
2738
1668
3270
12442
12485
9158
3109
3708
13149
10160
16664
8073
8117
15040
6765
3303
4951
1521
3019
12857
16588
4630
6508
9019
13849
9519
13569
12918
1082
5855
12938
6249
11441
7823
2457
8733
5596
8744
7310
7217
14815
14149
13845
4711
12682
16524
3139
14534
4513
2451
9321
2820
14171
12759
9540
1764
3161
11190
6115
1058
5147
4759
10177
3544
6878
6658
8228
16184
5874
16895
14446
646
15663
9003
12900
13971
9680
9449
4792
11501
14902
10633
4497
6799
7271
3729
14527
3250
8548
11194
14791
9140
7925
1554
7159
10382
2606
14287
12428
10972
2416
13183
16840
5173
15316
8668
8665
1711
6786
13668
13896
247
9430
2426
10895
8619
10027
12634
1627
2208
8259
15145
1780
882
7049
15703
14573
8362
16421
12172
6753
2265
16719
13565
6130
1011
6623
1559
4380
16247
4126
10781
6061
14041
14251
7301
15366
10335
480
6609
5841
11558
15953
8564
15618
7719
6340
3289
4494
1325
16038
7160
13110
7935
8088
1692
6676
13400
16877
3279
3143
7495
14084
839
2094
12491
7994
10184
9923
9383
10831
9455
15361
15380
8448
6719
10538
4154
11925
8215
16528
16226
2058
13699
16419
2880
15358
12091
16861
5448
9410
1087
15596
2037
13789
10744
4921
15559
2485
12351
4247
5705
5514
9502
11996
7068
14861
4736
14772
5058
16773
3789
16763
4345
12292
15355
14512
7984
8495
4249
12169
12445
8422
7686
10710
400
16369
8503
13584
1037
6241
8358
15765
15930
2963
11891
6563
16826
5013
14086
14537
7556
4219
8436
6694
4603
1029
3188
3656
11746
13507
10699
3967
7039
11815
3991
10120
11539
11584
9101
3582
1513
12194
905
14170
12249
4351
3532
4421
8655
4464
8892
8702
12161
5708
1081
13783
12881
9240
3339
14104
6120
14291
10648
12484
7353
2777
9775
1045
7570
5029
9276
10529
12486
13244
1956
11798
2868
16770
5032
9234
550
8322
10466
8296
9228
7931
7241
611
2676
15966
12415
15904
14657
12388
4758
16997
2906
5352
3769
9191
304
14843
1736
16986
8945
14943
5991
9720
9823
3025
11071
7584
14499
13707
11524
5312
15062
15783
9894
2806
16164
14903
14290
10244
1403
3995
6600
595
145
4833
1173
15057
1702
15836
3948
13428
11504
5170
16305
16154
3681
12061
7636
3703
4298
10623
4927
16712
16197
10745
13386
7893
15006
15946
5414
10922
3821
9005
10622
6619
4226
4455
2821
5702
1904
3810
4023
4548
617
9813
3373
10462
8306
13777
9110
9562
7500
8546
4912
12965
10026
3989
3223
7332
12473
12085
5556
7478
15485
16911
5031
16218
2709
11912
2077
340
2780
8442
6495
1874
11486
5344
9330
11502
12573
15499
13823
9702
4981
9658
12553
15416
196
15633
12051
5012
1455
6372
11488
3794
9328
6
13596
15445
2744
3858
16402
6487
9972
4969
3116
13067
13689
3585
7496
413
30
13831
108
7094
13947
15982
935
6298
9827
10147
13116
16741
11267
13019
8377
13093
1739
8971
13444
5566
12304
11131
5945
851
1191
10384
5983
746
2413
6324
3852
3428
11967
4258
14731
13581
4841
1470
2727
6556
10933
7580
13167
12993
11889
753
14658
7825
14221
4302
16894
7202
14140
4605
9924
14354
15273
9442
1413
12805
14308
15374
1807
10727
9423
16799
12435
8850
6700
1174
11037
10558
5864
11933
9066
274
6669
15295
8263
16270
3122
7412
4686
2412
14600
11742
12764
604
4029
15382
14574
12649
9222
8447
10193
10488
298
15121
13304
10519
11714
1902
11722
2567
10060
13035
7577
15178
10336
3957
5111
12022
8504
4031
1261
11495
16648
15516
11663
11437
2112
11513
8559
1168
11847
16398
4821
8230
1012
2438
13608
3856
15396
5502
13807
3391
4685
15581
11793
1502
7017
14592
10019
4366
6075
11535
8426
8497
8273
5009
2516
3237
12157
8924
6031
1085
6621
16924
14240
3351
3021
7770
12957
10754
12969
2860
6939
9572
4873
12133
12196
5172
519
8877
8682
2719
3083
5252
12074
15027
8848
9023
15521
2736
1486
14801
14738
7760
7438
16306
4728
4163
13238
8990
368
14055
6858
16089
14645
13599
1548
18
2422
6777
14722
13103
7881
16635
11640
3768
5706
2386
6076
1528
8472
11044
16249
12749
2522
8132
3171
12278
15184
13349
8321
10224
16444
16539
12009
15298
14816
1432
16695
12815
16323
4476
3355
15304
9650
11884
9725
6408
15446
12654
3711
10216
1477
7932
12425
4831
14678
2926
357
8283
985
11203
2742
9352
9739
10723
13834
11718
8339
15774
12424
3848
6835
14912
11351
3095
10283
12489
16771
14161
584
11429
10207
16407
1683
2969
2159
8685
7486
2028
10393
1338
1255
13077
6327
13290
12703
5924
3880
2850
8276
14297
1964
668
9227
15638
10886
8211
7999
15279
2942
10411
8381
16331
6172
9607
319
1217
8631
16025
3504
2729
6728
3454
15311
765
14353
5814
7008
8150
7212
11145
11944
254
8304
4612
14350
128
3390
3946
7455
9951
13606
9362
1913
6082
6480
2686
11922
9887
16
11057
11377
2919
14705
4770
16689
9879
7723
16433
2247
240
10252
5572
1762
2677
4030
7959
11896
7135
1343
914
12942
11916
8854
5354
98
2764
2026
2597
13491
3508
15632
7947
11852
2268
9596
4626
13003
2824
12389
13748
126
5069
7426
8449
5963
14647
11523
57
1275
13332
8630
14340
7014
9663
6978
11811
7865
6337
16694
11130
544
9699
8248
205
6278
10642
15309
5925
16833
2689
8169
7263
1024
10671
1048
1369
10210
12282
9052
14568
9428
10728
15562
8938
7431
1060
7315
13647
779
4252
13567
5593
9063
15785
15987
4107
6025
1813
13041
5588
1687
124
9193
9525
16278
12814
12371
7482
13936
1271
13778
8112
2616
14956
2358
1314
8753
11221
5097
12209
7383
9929
11341
3538
16468
10091
9388
1833
1750
16890
12796
5738
2349
5284
8817
1526
15489
11422
8216
3275
14222
374
16885
12644
15411
8818
4771
6844
4556
10073
14463
10707
10413
15300
5486
16313
5759
7640
8693
8895
12037
12307
1389
5447
10610
16608
10198
16594
13755
12504
8055
7299
15643
10517
4739
5913
8246
13226
7086
15525
11458
5669
6132
677
7567
7071
15137
1755
16372
11226
8615
11263
663
10901
5266
13953
2565
3962
15153
1539
10616
2753
16329
5720
16744
3009
15213
4128
14554
3082
15524
5028
10836
7945
12844
2955
1688
1211
16733
4402
8722
9232
11596
2653
2206
636
3583
137
703
12204
7285
6252
12927
5150
2495
5828
582
13071
14646
5520
1226
2635
5847
1450
12671
7371
6496
14411
14246
4104
7554
6275
2114
11345
1984
10997
5137
14247
10632
6771
14995
4061
13663
3468
12008
1113
5994
4984
15474
4182
13988
3425
3079
11849
5171
8086
5005
9293
1480
456
3362
6926
13572
4136
1620
598
15120
15898
16266
1504
11222
6886
10750
8415
10178
15319
6987
5483
15317
1999
14005
7873
9187
11296
12631
15612
15423
11734
4374
13655
33
6109
9651
11470
14319
4368
3345
5634
4410
3648
15536
702
4986
16452
15221
15787
13666
5497
6261
14288
5404
7447
7269
16322
1630
9336
11723
7308
10496
5417
14759
11769
6455
6465
15447
5359
8830
16026
3980
2792
1349
13431
3893
9741
9560
2332
10929
14883
6767
1972
7250
16205
10128
10738
535
13359
8607
5260
12964
4361
3465
919
9729
9291
13532
10746
4098
11309
9824
12727
2981
16018
9965
2381
1497
10729
11406
3889
1246
8637
3592
7026
11472
11877
14642
15574
9578
15470
1754
4794
4265
1454
754
5237
11895
1494
12998
12809
4481
3028
16067
4199
3011
180
4815
13825
15908
7619
10042
13915
12370
5144
6129
13253
4788
15915
8535
10508
16157
10580
11451
2212
12731
7072
1982
9332
16413
10302
4425
13076
7025
4209
15167
921
14430
6814
9873
14651
4255
12656
7227
15465
5794
3356
8625
6738
10518
3759
13282
4961
230
3534
3057
5261
5491
238
6588
5055
9678
16998
14577
9514
6729
13058
2898
7551
346
13489
4849
6394
874
436
815
11117
10289
4672
1803
13321
15267
14116
12686
9700
8234
8762
14993
10288
14461
16565
2535
6462
13770
747
9467
7839
296
8995
3458
6263
5749
15920
13586
5597
5212
6165
15500
1811
8770
4993
13693
5812
12941
14208
13814
4622
16267
14848
13302
9360
2421
5019
6915
7109
5021
1501
14845
13763
1441
16198
8101
12259
16794
13083
4885
3550
8825
2935
12913
12615
1414
5978
7942
7824
15853
10271
9204
9696
14301
7470
5343
10628
7253
4953
10840
16939
5546
8978
2797
13853
8914
4976
10960
4115
5672
15537
10293
6097
11768
9284
11476
1307
8530
3771
11229
3997
3418
11287
11533
8918
3254
7669
1786
9876
11115
9338
8610
14960
9354
5083
10162
16702
16908
5804
2799
12922
16338
10307
2610
3745
15721
14625
14436
1704
15285
8749
7124
7
10090
6443
8011
12190
9433
2914
14305
2359
14048
2633
14547
12384
6055
971
1169
14488
1002
4102
8384
11300
14969
6058
280
12715
13347
1089
2757
4195
5854
8075
3870
8438
4992
11614
16213
13091
752
10552
12882
8027
16963
5801
7009
6959
6821
2417
15118
8176
10438
6944
13866
7537
15812
1219
16782
11248
5305
16526
16613
5756
13057
12875
3894
11632
5400
10161
14561
7754
15702
6855
6452
4752
9217
212
195
13220
14662
506
1148
14688
8756
4699
4947
5632
16651
16271
7365
9133
10777
3943
11682
4587
15553
3255
16824
466
16387
3462
16008
715
3956
16690
6164
3934
8308
8764
16530
974
15422
11551
4101
10823
7988
15436
16871
1994
1543
8842
4786
13639
4193
5690
3545
2796
13496
7239
927
15872
297
16109
4121
6722
4057
8878
2977
13001
659
1458
9563
1282
7592
4157
16974
13568
11030
6315
11730
16596
13524
8792
10941
1393
12066
6764
10975
6938
4242
1753
5106
7270
8435
3058
3694
8298
12348
5967
5737
12667
7268
13930
16746
11000
13719
8411
9452
16730
14196
8199
2336
10696
11634
12466
10598
419
7832
10562
1740
3602
1348
15960
441
6442
10378
9075
979
16366
15942
7385
15613
11547
2922
3657
3321
4135
12044
1194
3851
7796
15342
6014
15071
13356
9106
16191
3802
3078
11950
11590
10314
15198
3103
10005
8335
3052
10924
9815
13312
11070
13768
5771
13694
9121
2238
3170
16199
6094
13246
3670
1666
7182
7055
13893
1448
4032
14990
8611
2862
10680
11908
10105
5840
10055
0
2737
7542
11277
3106
7745
8092
9421
7525
14419
3911
8406
6124
7811
15053
4944
11459
2385
13873
15922
5604
8307
16605
5033
5164
4679
12175
170
585
1449
16543
2562
6908
12482
5842
10035
1083
14810
12150
9139
6412
16004
10122
6796
522
13350
3199
2157
3886
16660
4181
13758
14988
3718
2459
11688
3111
11170
6622
15477
2841
4450
1043
9801
11066
2418
3211
16950
6879
572
16495
2931
6038
9286
16672
5849
6142
9805
13997
6806
1377
2826
12898
4285
9619
10897
15367
11998
1549
16738
4526
4778
5152
15647
1873
7416
150
12024
2409
7295
3828
15218
2473
4931
3388
9315
9885
6632
1808
12499
10020
8688
14001
14289
2510
13850
15865
7023
3639
8658
10892
13738
11153
7414
6052
12362
14233
16003
1272
6274
2242
9391
7775
12187
14386
13664
12929
354
13773
7753
10969
12146
6689
16808
6519
8157
14686
5378
16255
4648
11777
13196
1949
2958
9056
15228
2232
638
9604
2042
7433
2110
5460
15586
825
14071
9450
5898
3042
14608
5022
16611
12446
1890
7108
8025
15801
16314
16822
14947
4099
2143
2450
13170
15207
2184
3528
1665
9448
11043
8947
8798
2900
7193
12443
3397
8058
6905
6690
2813
5665
9935
7487
1552
684
6502
15116
13894
8483
4289
3801
8563
9915
4928
9074
16062
9126
2287
8116
5254
8773
4041
12210
8402
6168
8746
3214
5136
493
14151
8794
12290
7575
14934
2327
7206
14490
4183
16627
10333
6520
122
11719
7647
708
16854
8382
16483
6780
2940
10566
1759
5333
13266
1958
3631
14841
1556
1657
9512
15469
2302
9042
5935
5461
7054
13818
4309
16558
14475
13176
2278
6269
923
8107
15781
5158
5510
2180
12549
4326
10502
3297
13690
13117
15332
7967
5280
3108
1268
16816
16815
15560
10337
1985
9506
12729
8788
4508
12138
4633
14989
2592
6033
660
9551
2291
15417
12182
9814
12988
4317
1751
8902
3775
14737
2160
14303
1120
3494
5153
654
8028
14143
16207
7448
1330
6504
11442
325
2464
15002
4881
8927
12125
15219
9798
4307
13147
821
9408
1726
9922
15935
11915
3146
10686
6647
9610
16196
719
3636
14706
8939
10930
912
467
16661
6198
14025
6357
6147
6663
10179
2078
2905
11382
10515
15505
10768
7939
14180
11881
6067
11658
15691
2745
16795
4768
16823
2844
2285
1821
5745
11932
6377
10388
5255
7106
9275
8341
16708
8111
6325
123
14315
4994
775
14805
16162
845
1931
12184
12887
8820
2581
1734
15623
1020
6203
3567
2498
812
10955
16297
4671
11961
12393
5744
375
9210
5096
14709
11469
5848
7641
12327
8789
337
6459
16951
7672
12107
7387
12143
9322
7792
10205
8821
4488
2004
11549
3077
5348
15139
6561
8965
4808
4122
11971
11063
15672
5583
12218
12217
11892
397
7374
15700
12700
13978
5630
6501
11311
3349
13982
16397
8941
10970
10812
7138
6179
4120
9504
4398
16041
8345
1167
853
15699
15686
6051
5652
14102
11359
13477
7370
4724
14095
2363
4938
3354
14721
16692
12513
11478
14344
14591
11957
2523
601
12013
11846
11987
13827
14212
12645
682
10392
11585
11512
12105
1672
13765
6894
7708
5216
15297
9846
13129
4279
4114
9248
13617
2911
14018
471
6891
7845
634
4840
10245
10246
621
8280
3963
6161
782
9057
15598
15748
5784
1564
11144
11178
15520
13922
6334
15293
12923
2213
12798
2148
13478
14842
1245
2626
15336
4174
11576
13354
10583
4796
3658
4405
1063
16983
15299
7750
318
4925
13114
4092
11604
13900
8220
3964
11020
16684
1209
7059
2334
14607
8863
9697
5532
6291
16097
7885
8123
14696
16675
2496
14033
10204
11372
1923
8929
3959
9981
10024
50
16234
2474
2429
15541
3565
16531
9855
6419
14032
8057
16504
3958
5039
6483
14932
12252
16347
6211
11782
8174
3568
16201
13289
15084
14428
10225
16497
9862
6022
3322
8043
16073
3503
1719
15716
10589
4096
1003
1876
10848
10261
10391
15723
8136
12243
16515
5685
16279
2051
7527
15724
2782
1629
12562
10724
12038
4870
15379
12769
12737
5064
12905
13907
6111
3392
3506
6272
5936
14681
8969
2123
1975
15728
16601
14435
4601
7093
14900
7348
13208
16764
11014
14909
1478
15969
3479
7944
15377
3197
7437
4573
15793
6347
4613
4894
14734
15335
9259
4805
13333
4354
9863
10586
1463
10661
13598
10858
5410
16409
15823
13241
10739
8480
2598
3560
11160
12098
3423
5474
7379
13837
11709
14963
16491
2202
965
10322
11624
16059
2100
7569
6103
15637
983
3464
9029
15323
6475
12626
11575
5043
9825
15037
749
8269
6924
9820
6391
8835
11570
3431
5129
13935
16237
525
14455
7125
13654
12448
11376
13531
6482
10133
14507
16052
430
12096
8037
16192
733
10070
14516
16964
347
2550
2505
8627
8158
15580
1731
583
7701
6027
5496
201
5799
6537
12409
15779
723
925
13442
3879
5615
2054
5057
13986
10313
8717
15259
7076
7244
3128
590
1592
7492
12305
9483
1624
7095
8922
9967
4541
3195
5062
4004
341
11557
7905
10572
16469
6716
13306
3919
13514
4811
9811
14198
10092
15529
12047
8771
376
12093
15136
4079
15671
6065
3604
14028
982
226
15727
14506
11729
3205
185
13234
6064
10296
13580
7981
7643
13822
13132
16842
4215
8675
5682
16831
9580
612
16299
14185
16511
13717
5313
12114
14692
15984
16654
7141
2139
2544
4044
8315
9918
3735
12605
10698
13950
4683
9185
11527
5494
11447
3226
8646
8755
10577
15673
8876
4437
3899
7929
4024
5911
10770
12770
6914
11425
2582
5041
16241
10854
3160
2512
14000
16282
381
6145
16471
8957
9417
6595
14304
14256
12684
2842
11417
13555
6823
423
9285
16569
5538
15579
7818
16836
2896
2154
4290
5364
14940
502
3088
1912
16553
11394
2355
5607
14780
12766
1588
16749
7546
2378
9647
181
1721
15543
16170
13175
5577
2176
7572
3240
13192
3328
13795
91
13044
9568
13535
5852
11457
14367
8001
13178
4701
1907
7479
11840
13051
8481
2137
12313
1162
13905
2095
16060
3887
633
8814
8484
3823
13053
15048
973
16145
4330
8661
8014
7053
7764
15329
10914
7121
12775
9316
7727
937
5515
11522
11322
12173
918
14191
12106
14890
3230
520
15224
9968
12181
9693
9277
10279
10536
16903
3621
9496
6201
2875
16126
8975
2831
11804
1850
1643
1699
994
15033
12212
808
11848
2398
2466
12546
4241
9872
683
9966
10665
11654
16891
332
382
9162
16736
1379
13675
14156
11156
15694
4525
7629
4519
10747
6611
4652
9290
8697
16589
8699
14929
641
6105
7350
16151
14046
9895
2608
6820
2186
1877
13710
9119
3714
13457
17024
16847
1865
14065
8845
6232
10582
11608
11617
10117
6586
11295
16676
8713
289
1472
16853
6547
11093
3966
2250
5464
9303
12954
11268
4929
7697
14937
4657
477
10080
14776
1117
10002
7011
5218
11390
5105
12414
4972
12545
15869
14260
6429
8811
408
6709
15784
8743
10811
10051
8270
9470
14378
13448
15109
12464
12342
14312
14164
13481
7505
6081
5543
9830
4637
12493
6949
77
12115
4111
13696
14421
7748
13430
894
16889
12537
9742
4787
14970
14835
15061
620
12676
14443
2520
4782
8139
1935
12399
16311
7077
6180
4133
14482
14368
14119
16370
1660
4138
271
14727
4300
4557
4223
9225
11440
15163
10808
14379
10764
4609
593
10791
9577
9703
12496
3579
6384
9265
4228
9279
3377
1819
11731
563
13407
7696
10568
8252
12288
2945
13781
5322
11747
10243
11010
6555
15522
9570
16308
15535
12858
1292
10328
5338
16309
12234
10405
11402
12135
2634
8317
15620
542
1084
2571
1364
4318
241
4926
10928
11616
15383
14840
1712
14418
11686
3981
7232
3125
2846
9061
8804
15927
12281
8589
7685
7319
13020
3276
4123
4415
360
10484
1095
11435
14172
2377
12823
9543
11713
14836
859
10234
13774
2679
9520
12886
12725
15347
11273
2310
6882
4456
8726
9882
15918
12930
4941
7084
3594
6897
2976
12130
13945
13788
7940
4910
6438
9819
92
3666
4187
2928
10155
10062
5213
15337
12003
4745
11579
8603
5341
2364
3530
6255
7491
4836
5670
11046
3914
5026
2986
16238
12569
11845
6596
12343
13902
2127
9685
14743
3176
2832
10637
645
12664
1326
4202
13437
11321
2651
8070
11123
10767
14091
14513
2469
5018
9545
10286
9268
12646
4706
5753
13255
3825
9166
3593
3587
15310
14294
3413
5211
13574
1251
16121
9051
6494
15744
13043
158
5655
6770
1188
5735
5787
12739
12748
5822
5833
40
5838
4159
4858
9022
5188
10426
9427
323
1144
8274
8707
8285
293
12924
4844
14342
4070
10864
4379
7190
8331
13934
68
10717
14227
344
8288
4352
5169
11666
15576
9934
13939
1887
5711
5407
7276
3930
795
4689
14011
15939
11433
7255
9076
404
5959
1538
16169
2959
15909
930
12359
3507
4978
10905
14683
8072
1492
14602
2362
8687
7980
11684
10434
13408
2432
9132
8303
6910
9177
12151
11209
4314
13311
13122
2337
4810
1373
1827
3061
9621
14280
16451
3813
15600
11826
3726
9093
12193
1324
10139
4934
6020
11256
2964
12060
11235
10266
12990
8213
14424
8618
11973
8446
12321
11693
12710
5379
7691
12861
3704
11062
11838
12839
9534
7158
8202
7016
4144
12062
8416
6825
11182
5479
5376
1506
3127
6867
9459
1023
14105
14204
16506
13398
1483
9472
10951
13095
14003
5764
4167
11638
5070
3370
7097
12075
11685
2298
6657
13413
488
16102
243
16768
8279
5589
9160
6542
8511
13240
16909
13134
12049
8440
16614
5473
565
14617
1599
13838
3595
11279
10630
5863
16472
5253
11790
794
10528
9585
6235
147
5124
10526
13578
13014
7706
5944
9945
2615
15256
10240
6090
4574
5388
10023
2072
4310
11814
12470
9958
15659
4963
16034
7456
6613
2064
8750
12593
869
5807
5204
11213
399
4897
11595
7123
37
13169
4889
1362
9308
11155
6050
15340
4432
8091
10956
10798
11033
8823
4914
14293
16686
13047
13310
7558
6364
10765
5307
4726
1402
1464
16328
9301
14619
1064
15788
924
8862
11379
909
784
11785
16499
8955
5531
3624
8153
8612
13150
14268
11307
11294
11574
10352
16183
16439
15375
6450
13634
5971
13206
396
10231
665
12730
11116
11643
2383
16838
12205
4799
5231
14181
5647
9040
8900
681
13212
4779
11898
11871
12241
13860
9625
10544
5681
16135
10057
16263
12153
657
12683
1057
16027
3232
14026
1225
6912
14286
11726
282
513
15803
5403
10931
8839
12283
8536
12494
3944
12287
5434
3763
14330
7982
7639
9349
2605
308
13925
8175
13177
15588
1593
16403
8847
6170
9163
15200
15587
13949
16855
6207
6339
16769
2340
1673
5679
13733
6869
10441
4531
10964
11357
16470
7418
1520
12460
10345
3791
2045
16253
13665
13841
292
4040
6546
4408
1206
5468
2654
9050
3241
14768
7392
16955
820
7882
1323
3541
2629
6356
8651
8659
6420
13484
15651
13575
9988
2741
6273
4816
16001
10232
2122
1289
15384
307
1774
9026
11054
16148
12745
6812
10126
4830
63
6713
4995
8735
9594
2330
5081
3517
6441
11204
11591
10697
1859
6585
3048
287
3395
945
5229
255
15437
10089
12001
12441
6883
14520
568
2576
361
6224
1910
13094
7234
4208
11373
15509
11641
4902
14823
5431
15236
5698
12236
5677
11853
492
16353
8024
12273
14564
1959
148
8857
4037
8282
3331
743
4480
10478
8590
14545
7972
5390
2092
9260
15964
4610
12611
2073
14314
3700
10755
6877
16389
2228
12576
5542
12742
8747
3950
6354
14804
7950
555
16921
9300
14767
12492
10031
14539
7863
7096
11288
15094
5550
5728
13872
11600
4876
9653
8456
1730
9366
5226
10085
11330
6367
6757
8432
10480
8476
8186
895
8182
3436
11026
12215
15488
16869
342
4536
15483
2789
4058
5499
9648
1344
6956
4829
873
10814
12978
10535
11874
8071
13914
11064
5638
11587
13443
9337
5365
6382
1419
16386
412
7734
8363
11583
9645
13086
2855
11885
15283
14936
9151
3912
9406
1318
13154
8257
8629
9229
12058
13265
2566
2277
5785
3932
2239
7609
3451
15330
1634
554
6993
13677
16128
7600
5734
5696
9235
16843
4440
3923
7663
6975
6034
16787
3859
8289
2665
16957
11506
3043
7380
11953
7617
14469
6845
13855
9059
6413
8388
12601
5884
6712
10409
13387
16624
15542
1185
15695
11193
1529
11088
9771
11669
6072
2595
6069
2763
14553
13416
9299
10659
9579
11108
10590
4152
16250
10157
16752
13622
4710
10183
10880
12952
11134
4731
16571
1867
6577
1609
12638
442
10789
3584
14813
8133
7699
7970
10270
4866
4043
15201
6631
14012
14034
16811
14254
8886
7316
12680
8399
8772
9859
11143
11375
16870
15617
1347
4800
14078
6287
14664
2947
16341
15839
3038
11880
2035
14588
4308
9189
15689
811
9757
16131
1443
16425
489
15041
8261
10629
1073
1033
16268
12811
6852
14160
3905
5646
15794
6856
1799
35
2623
16006
10869
2578
9524
198
7224
5722
9203
3483
7302
7146
13552
7540
4861
3034
13292
11773
14667
3653
9387
12431
14853
4428
14168
9281
3872
2913
8355
5285
6651
4707
989
16925
2613
8392
10989
5528
6352
8096
13251
7725
9664
14135
12689
724
1371
7427
8048
5197
4593
10084
9643
10987
16442
3277
9836
14687
14335
2731
7273
4441
2885
6362
12639
13483
2169
3325
7211
9252
7591
9253
14132
10188
4335
2261
12007
11097
9246
8752
15106
4713
7494
6553
13375
16035
14846
13056
1118
14859
5954
1853
14531
4505
16208
16434
11072
3450
16141
7120
210
15171
15701
11984
8866
13563
5527
2197
1737
16835
8919
12980
3753
7601
2788
9124
3706
13069
4756
6961
4012
8562
14131
1103
12522
16222
16953
5394
6597
2915
1542
2118
16227
9926
13996
3284
9939
1562
6043
11334
3441
6977
15466
1159
15363
13319
2044
9273
2400
6999
16057
2134
8275
6290
5247
13601
16879
1145
705
5975
3928
2819
3317
2723
9985
15258
2185
457
10571
11262
1099
10083
11831
8253
14111
2172
14585
12242
7083
315
7608
3307
10242
5463
14837
4
1404
2382
10753
6702
1025
3138
15885
9501
783
10262
52
15642
13761
12434
13674
10919
6411
16644
16239
13000
6251
1098
7140
349
10534
11284
9837
9752
15018
870
16120
3229
10670
11964
5149
15271
3480
2006
14587
1474
9440
11299
11799
10304
6415
16973
15281
16698
9108
13731
13126
13197
12590
1700
10830
6498
15315
635
4688
2183
12975
7854
15239
8769
12627
10048
13759
16185
14707
1319
14581
7684
3050
444
3564
15211
8348
8349
15518
8064
12031
3630
9898
4763
11970
16188
15450
14560
11548
13810
5424
16971
6484
16231
15197
5238
7785
2366
9611
9047
13433
16713
1679
12591
5992
3854
13889
16774
16796
1597
15677
11945
10427
6431
5154
11171
2309
9507
1311
2022
1678
904
14392
16852
19
6533
16019
2194
16570
12746
2952
191
6110
10124
3834
11065
14063
16269
12687
3288
14219
6633
14597
1328
5539
2033
13703
15440
5777
13084
11025
16381
8677
5770
16155
6629
5661
7875
10007
8020
12208
9221
12046
768
5119
7209
1437
1603
9098
15406
10263
8944
7714
8550
2279
6973
16158
6848
31
11525
7358
5168
9237
12594
2971
8745
7145
8021
12767
5966
10143
3965
7716
16405
16593
4430
14669
15026
5793
11917
10721
16302
13964
14655
6971
12332
2099
16091
13194
8310
499
1189
16176
10329
9535
15101
2487
12561
2504
6829
11308
5156
9404
6259
13940
61
2379
7886
58
16600
15741
11183
369
564
2607
11274
15284
5045
13277
2533
4487
7989
2322
1555
5535
1028
10822
16330
2543
378
1507
2125
14773
8925
1317
4742
12174
12568
1001
16711
7112
15405
5565
16118
4033
5773
5189
1498
619
2224
5750
3620
10613
7596
9709
8545
3070
9850
10390
15881
1199
14736
65
8712
2439
7502
10516
5899
14409
12774
6328
11703
14387
12432
6293
15368
16821
7729
11013
2131
16906
2751
2406
7368
1519
14975
581
2170
3867
4254
14615
6024
4717
14959
5869
6854
6126
14809
7700
16636
3006
4860
13459
3521
2218
796
7782
5108
14978
12999
13579
11164
8278
1116
15016
855
11453
10248
9305
4703
5071
9172
4545
4404
11652
9542
15511
10472
3976
12233
4383
4283
13756
15017
2075
2136
8093
15833
15457
2628
10442
13879
503
14666
16549
12555
7930
11312
15975
533
1587
1104
7373
12986
7143
14567
16640
1980
3387
11489
13510
8826
257
3766
7593
4321
14123
15108
2227
3336
7453
5282
11415
15387
6567
6113
