13444
5490
16549
16957
7665
13150
4340
425
16080
12362
7451
8644
14393
4288
7338
7806
11608
4685
6747
11137
12398
10109
6444
14693
15966
12065
12267
15956
7394
8536
15042
1149
1507
12479
199
14810
15599
4982
16822
6292
7225
5046
6636
3030
6367
13037
15249
13564
3624
9571
3522
16644
15087
2143
13991
2557
15504
3924
7641
8336
6582
11440
13259
15314
1640
13043
16253
11212
4424
6731
7757
1979
9391
16785
15832
16162
6419
10907
5219
2297
12005
13499
4517
10981
7999
13636
9411
3972
1986
8864
15961
15410
4920
9567
114
10501
8562
2566
3020
14294
9626
2015
4183
1653
6952
15883
5785
14798
14792
410
14053
3807
15125
1329
10379
9637
10669
3158
5307
6995
4689
4444
16833
9585
7227
15671
16003
6846
6413
13723
8657
1019
1940
4351
11508
17021
841
5086
11704
15285
8884
4528
13010
1611
4636
1397
15058
9948
4136
5924
7690
11340
16741
206
14698
2547
6606
1557
1057
11946
14599
10194
8602
15567
13490
4
15962
7459
11964
2711
15781
11577
15198
14444
8012
10090
1752
13372
4979
6647
16300
10755
329
8401
1973
15542
5327
16861
373
11668
1523
12987
9059
12294
10921
1778
1882
9186
15760
7118
9070
8977
1734
13884
1567
5990
10928
9298
1491
11086
13347
15129
4274
10281
3644
13148
9701
12609
9247
12393
10358
768
4701
5905
11236
14550
10140
6963
13318
4755
2131
14617
2872
11169
350
6340
8353
695
10299
14464
15441
7139
16968
11297
4811
11068
313
7016
12817
3666
12957
16070
4205
3101
9632
15184
13424
14533
729
7688
11461
2419
12413
11950
1093
14336
11133
7412
1647
8646
2996
8877
14589
6055
2480
3305
14358
9254
11173
2969
12148
14618
13371
10778
10205
17014
8453
16044
13701
8416
1702
2841
7059
9379
8259
2109
7317
2726
3133
36
2842
7791
4097
15693
7010
5408
8245
15163
10788
16615
957
16814
4879
12884
7430
9316
3370
7216
125
15173
13346
6433
7876
607
15190
5535
4317
6120
11067
14802
1900
11705
15211
518
6469
7183
5825
8169
5151
5877
8649
12626
1575
8191
10880
2718
4237
7525
9352
11979
11811
6144
12247
2713
23
10879
9255
7125
5081
10266
2241
2138
8280
1837
16388
3739
7847
5555
10843
14121
16747
7588
9200
4809
13383
4413
14826
9656
1139
10429
16604
13746
4554
8603
1990
14535
4165
9989
9326
16160
5106
13913
9744
7163
4514
2820
10676
13876
10811
2447
1795
9276
7259
14944
13081
4998
16114
3609
6422
4697
2603
9134
4761
8101
13075
8147
6218
13843
2790
312
11194
89
9905
4039
9098
12027
3846
1968
9983
1808
4787
12095
7831
11671
3344
4874
8661
15450
15399
4177
2006
9822
11024
1458
804
4936
11291
10158
1042
15229
15576
4533
15341
5984
10043
3025
6917
16088
5772
3629
6046
4402
9202
2658
9203
650
13099
16168
1896
4612
15689
7084
13610
13126
7120
6020
16714
1675
3610
16689
6215
2641
12222
6598
16228
6420
15207
12207
855
6154
9864
1326
13869
3416
15
1338
7602
6686
15269
3269
6994
3173
5676
8771
4855
9746
4190
10613
9638
14413
6571
9227
14721
11006
6827
8949
3812
12857
7547
16648
16670
6096
15162
7384
968
13459
8765
6304
11995
6774
6048
11930
16457
7051
11614
3497
10660
16540
6703
6181
975
8418
12501
6981
16220
15895
7630
12137
9758
4279
5844
4848
15071
14400
13664
7187
14560
9926
5806
274
14600
4984
10637
4672
1792
11907
12467
7144
12584
10498
9882
7278
8612
3147
13988
16654
1720
16574
5614
5985
1425
6515
9812
15413
6823
12934
7403
1482
16581
13005
12360
4959
4625
9682
844
2468
12040
6616
14428
5231
11377
8740
16025
11156
3570
16206
4208
5240
9185
3138
12469
15164
3168
8946
14013
16054
12661
6013
4056
15109
2256
3182
7036
13120
767
9118
12569
12544
4339
6339
2162
13619
10845
7483
14866
10254
9652
11523
15395
1228
7057
3620
8475
1016
1114
10673
5852
491
1123
1081
9595
4705
11264
2152
6326
2830
10677
13702
13831
14800
12367
4961
9995
10118
7537
11646
12299
8028
5318
2064
5096
15839
11507
6906
85
9110
2431
1027
2693
15131
4162
8507
7779
16807
10315
3814
12223
16686
109
3651
1309
3170
6835
3329
4744
16779
10644
4593
8916
4011
10473
12059
2788
2837
2019
9996
10929
4728
459
6328
2576
16506
3203
14405
3635
5186
9564
13501
6613
3558
10267
5567
16365
14182
9726
4108
5388
6661
10479
1142
5576
15234
8706
12722
15974
9211
14196
2522
12121
3343
4158
10599
4150
11471
5121
5251
12707
10592
4865
7031
4358
2171
6184
15449
13368
3391
15856
9978
708
12009
4456
12268
15851
11054
15041
10371
16912
10840
2193
13944
8283
7662
16691
14082
10915
2699
7067
5204
1885
15669
4362
7610
3856
4261
16817
13811
229
1317
1216
2498
8425
12502
3912
2826
9177
113
13541
4842
9162
5326
8753
11899
7389
606
12891
5345
1843
11293
12368
14999
6701
16820
7544
4699
4344
13566
3034
6467
14793
16020
58
7666
13397
2491
8996
3085
6767
3390
6305
10425
5480
15452
13727
1691
8935
4048
2786
7197
7988
7325
2870
15613
2034
6880
6588
9241
167
12571
8971
15585
14199
7493
9154
10569
3671
16108
3664
1746
10505
7771
16832
8053
1841
2394
12668
2046
8267
8858
6309
2979
3926
15401
8560
5510
9718
10493
7837
9020
305
1527
12276
7661
10164
10953
15631
7465
1323
11710
6024
1462
14441
3546
12948
5653
16444
16729
4477
12995
14764
16579
5198
6236
11172
10211
8024
14779
8541
1544
11280
2620
7625
13354
4267
15344
9752
8689
13809
4912
5633
331
7749
15516
8480
10132
2852
1111
12566
2080
7421
10976
10714
14171
11256
6456
14208
6677
5346
11008
4951
8993
16588
2150
2640
13712
11312
11056
10760
4904
8711
8701
4624
3519
10067
6370
1766
7353
9214
1807
16987
7382
13741
11426
7536
5036
6942
4847
13691
1466
13751
15539
4370
3301
13154
3547
12264
4738
16073
1539
243
16896
6932
7299
1510
1398
16197
1150
14607
7464
9828
16764
13013
14874
9675
8322
8381
16238
9874
16452
11258
11407
861
8193
8413
6457
10739
2246
3316
9858
2417
4294
4210
7369
5977
1970
9508
11595
6070
13028
11014
12250
15202
7620
2410
3469
6172
11670
1225
9813
2170
9573
8855
2847
11720
1091
4010
2266
11221
3263
14671
3581
2313
4303
12813
2228
600
6078
16281
11913
11491
2933
13415
2183
9433
4745
11909
6670
6744
12844
1997
16695
10649
119
15232
15170
4960
8116
16097
3847
1870
7240
4713
3309
2058
4145
12035
12935
14066
12180
13190
4795
8607
3134
4604
6204
6828
6868
3211
16909
2997
523
14283
8261
5762
6227
13296
13386
7094
10680
639
13940
11626
711
691
5723
15098
9749
16374
1915
5888
5092
9204
262
11391
907
1232
9679
7255
4113
5754
1740
4284
10433
4035
4825
10181
5600
11711
4005
3450
3373
6965
14788
14175
16299
11903
10088
317
11639
2828
275
8055
1468
6574
15290
2495
3794
179
2358
11355
11542
7415
14034
14909
3342
5702
7217
9008
492
4543
11658
13124
5193
7767
11017
3001
9004
14934
13472
14455
13581
15225
14629
11094
6548
10397
2474
16200
8385
211
7518
1716
5832
11894
13556
7388
12966
14452
3962
15521
10944
10707
10893
11201
12233
2900
6688
5236
9775
12380
6393
6812
5119
12863
1481
10670
2535
11182
4331
12531
2776
16638
13766
9460
11232
15177
6600
2511
15821
411
4194
14674
14621
16209
11367
6884
1816
71
15971
11254
5430
2980
2188
1916
653
14051
12073
16509
8679
2438
9693
6577
5942
362
4334
14963
4881
13225
8262
14219
10146
11759
8725
5632
1771
5778
884
14954
14084
9257
7025
7491
6307
14226
1543
16434
9271
14643
14255
13965
7027
3110
414
13479
14037
14956
8926
11390
11969
22
15963
9414
1293
5371
12300
8005
7668
6910
3838
2586
15501
12931
1092
5145
14368
11944
3747
9415
16510
314
10477
15016
13673
7180
15240
13692
14123
13859
8253
845
2796
7077
9625
11148
4939
8529
14649
8363
6437
8464
1562
14943
4746
9849
5969
613
2940
9807
15737
7753
9782
13837
8075
13143
1453
8031
9617
13949
8200
15260
6568
4997
9169
5518
777
12587
14508
12982
8678
541
8194
647
16562
14299
8408
16327
11103
6374
9412
8214
2507
676
10651
11013
14421
8965
4532
10200
1227
12749
1806
9249
6896
14998
14481
15191
15778
2186
8712
10010
5390
11470
13450
11533
11843
16032
8010
12908
14339
13363
8091
176
7719
6781
14298
1686
13792
13995
2606
12430
14845
15223
2231
9
11579
15233
1321
8880
7980
13435
1353
12894
6077
8320
5221
13197
14377
679
12489
8667
7080
8944
3207
10533
10136
4227
5729
11862
15906
14471
10551
49
2353
2533
11814
12279
2907
2809
5624
15212
3754
6022
8656
583
10284
9195
14980
16696
16074
8206
7455
9551
4391
8271
11609
3386
14744
14070
15228
10754
4233
14902
5956
14021
12558
13414
6243
10056
8151
2897
4197
10432
6141
12829
6948
12784
4181
15242
10112
10394
15662
1356
14660
3253
6587
349
9459
5504
4186
11351
14314
5794
16427
644
11308
7836
7756
16651
7843
8978
15368
2001
16190
17024
6498
4057
11596
10588
8128
1061
12169
5569
6720
3994
16335
14807
16831
4225
1590
10005
14964
4674
9770
3401
3976
13331
16981
12177
14801
6295
14000
9081
8955
11323
14500
16069
16838
780
16497
6806
6853
6088
6475
10573
15894
3057
5176
16835
16501
12231
12766
8660
16180
14017
16710
12528
300
15852
1600
14424
14887
10577
2369
10204
11479
13787
6798
4063
39
13910
4486
4484
6797
9526
843
9329
10608
11539
2247
2216
367
15934
16984
11305
6914
561
11282
2409
7869
15079
3614
1152
12593
12429
3226
8205
5704
12067
1786
1839
4026
2765
6504
1864
10308
11487
2283
15684
3159
157
4131
5999
353
4876
4724
12945
1622
1163
11980
12521
15741
10820
8766
10785
3527
8316
2389
6977
9293
10783
3622
12305
11001
14431
9219
7542
9144
398
10130
16757
2944
16008
3834
7617
5757
11060
9548
910
8857
12298
10268
12800
3783
6251
1847
6463
9025
10099
13350
13862
11591
8304
14628
2201
1456
6004
16568
16115
14480
5448
6918
7034
12087
15881
6753
769
433
13041
16970
5276
1362
6470
6107
7559
3017
6296
14922
3628
3795
16793
15765
8605
13784
1069
3712
1966
11415
788
9844
2863
14579
12504
1605
16005
8625
2391
15021
13470
8744
14450
15294
8196
10952
9602
15598
1764
7295
12859
7496
16066
8970
5865
5582
13971
12186
5735
4656
16409
4734
6761
1443
12786
9831
1136
4480
16946
8465
9348
7154
3636
3287
7696
11935
5201
7
10330
10480
467
5965
6429
16799
8394
9866
9351
15089
15331
3931
15411
5243
11791
4301
4352
1345
6512
13492
1914
13496
9229
5734
2137
3379
1268
15537
12601
5638
5697
15541
2558
8111
15536
11380
849
8925
2232
3302
3967
9716
11896
14697
14856
16399
34
324
11623
15097
643
13815
9182
12043
5342
15317
12390
556
15738
11385
4182
1295
4749
9358
3998
9404
13084
11860
10570
11200
5235
5155
5290
527
9265
10367
10900
6084
10891
2719
7516
9119
248
4933
4867
14116
427
15158
8213
15909
7600
4895
272
15271
3426
8473
13561
9853
6944
15059
401
921
215
588
3818
2625
1118
6657
10970
3486
351
11135
9823
9697
9868
1312
11455
9633
6934
1256
11844
9515
6216
4561
11249
15863
12696
14553
1134
16997
11281
11628
7912
16841
1581
4569
16359
12019
1825
10495
10971
462
6266
2326
7424
16237
10185
14613
4157
13800
12124
12869
16950
13087
10805
15717
5809
1464
2415
1800
16
1881
7818
12096
4709
6377
13196
12347
8941
7181
9458
2158
14011
3883
4715
6246
1813
4610
3219
15796
1601
7828
5796
11676
14593
16750
9665
12978
3929
9159
3218
7635
13025
5230
10245
14895
14355
4054
15210
473
11568
15080
4220
6576
10296
11324
4386
5833
10817
8392
13603
2250
11892
1515
1313
7685
10445
8266
16906
4645
13512
7570
1768
5226
9106
3178
13207
9890
436
10013
2983
3115
3857
8950
14186
13850
2722
4655
6888
12735
16631
12202
3224
2383
5637
4536
11895
3881
5239
11387
12520
308
9052
11504
4466
13567
13185
13180
1222
1097
11982
14085
12879
7751
1380
9712
417
4193
14594
12815
10602
1714
1744
3394
2813
11766
16136
2652
5527
3725
5841
16313
7166
12941
7092
8986
1043
3123
6969
13297
8372
17016
4129
9792
9311
12629
13266
3481
8721
3574
4774
1827
12913
8085
13860
6079
13047
12187
15111
8634
14148
7141
8983
13659
3698
7265
15892
7406
12699
3415
4222
11618
2704
9176
5043
10104
14898
1106
13959
4022
10376
11764
12929
6009
2316
4929
4360
14848
1573
16336
15160
14067
6746
13981
9906
12759
8886
16295
8343
10742
1095
13184
3864
3750
2478
8347
8582
14756
6071
16233
2607
7838
9643
5195
1529
3816
9353
11989
7241
3444
1522
4295
1639
13339
10026
2995
7507
9707
9918
13401
5611
489
12958
974
4238
13590
11974
16383
6614
4898
12729
14459
8648
16882
8043
12570
10581
4927
8065
5306
7397
12010
7213
14547
12542
9055
2299
6501
6671
12016
183
2052
13506
2497
12370
14797
12538
3314
1736
7561
5699
11736
7185
6738
7677
9911
13989
12008
3010
15841
14129
3326
5360
13334
16083
14767
830
10622
10372
15811
8092
15676
16802
12636
11662
2638
2577
635
43
4850
1989
5442
14946
2864
1787
4460
3943
10236
3902
11960
10009
4018
13241
5866
5340
9922
10468
1946
5675
12853
15370
9262
10500
11205
8361
7978
134
15500
6128
10856
230
1796
13568
395
4857
14026
13816
12038
5252
5047
14483
5029
534
5478
2400
16380
7550
13306
11750
5629
2192
16902
2666
2178
6916
7562
10887
1541
10948
6038
16555
7002
10899
14149
233
8402
16503
6352
893
3090
5315
7179
10223
4245
9872
9964
2529
9212
5449
13779
7643
16406
2025
12103
1767
2909
5132
8248
14911
2217
5602
16998
6201
13834
9846
10532
2126
8390
10510
10395
6321
9467
12811
15155
9819
1585
15724
13785
11920
7335
3948
13560
144
5181
8436
15384
14862
1660
7352
9651
12912
16267
5759
6210
16151
10632
8049
4475
6023
2262
4457
16204
16626
7913
11084
5822
15036
14576
6348
117
16641
13214
10913
8008
15773
903
1905
13292
3518
6511
498
8303
12232
12810
15387
13681
8033
8724
13392
3880
1193
9630
8445
8929
8152
9601
11664
14965
5001
4660
10782
13502
3951
1243
11363
15444
14275
8439
14746
4242
2600
8828
9325
497
11239
15195
7560
12248
2519
222
4394
7651
16704
10017
6699
793
15817
6425
3088
10949
5024
9100
10442
8317
5222
335
358
15365
12175
3335
10902
1359
13092
814
4180
2674
14521
7487
6673
10070
15897
16349
12269
15870
12484
15199
8787
14540
7780
1712
12549
2218
11117
6438
12077
16381
15048
3695
13749
7332
3103
16306
12575
2760
15385
1700
15358
5502
1785
11174
5425
4377
9563
2506
6715
4657
9987
2078
1131
3510
11812
11684
13486
13810
4373
8760
10452
14087
14415
9700
2234
14268
4502
8462
15798
5590
8984
487
12109
9949
6362
1465
610
2134
10023
392
7242
8409
6442
14748
8335
554
6799
13637
1478
9164
12919
5782
5798
6988
16754
5571
15965
9108
14112
9321
4789
14516
10553
13598
10446
11266
6609
4318
5439
671
592
19
5851
1682
3422
11703
4622
7158
6103
10969
13491
15305
16911
12072
15393
7501
15448
10991
12011
5168
1604
12930
10696
779
7919
15263
1911
9614
7402
10040
11597
9648
5725
13300
13333
13216
11157
16848
4381
10527
4422
6719
5004
1576
827
14644
5348
3295
11193
14854
11809
3979
12824
2914
10332
10265
7797
6890
10218
3040
790
4388
9085
2442
2860
8748
12592
8831
9719
5648
6000
12262
5792
517
11769
10912
8666
4544
16703
15291
786
30
1112
4036
15651
2665
11605
1725
2492
9627
11737
12551
13606
15214
14722
12910
10916
15493
14716
12952
14467
11300
13106
12632
12724
3079
2352
2374
33
1083
6149
1692
3258
13493
2892
4369
7076
1166
4937
41
9507
15140
2957
15558
7660
10123
6346
5154
16254
16007
4140
16541
2990
16015
11005
15793
7964
8346
16880
10587
79
5288
8329
14506
11816
9388
3315
11163
4199
8041
15588
4492
8440
6133
1488
13425
14363
1511
2114
7792
16494
6974
15262
14198
4800
4768
11904
2613
6785
5302
10488
13387
2428
5038
15739
11740
4659
15637
14865
5184
10829
6293
1939
12462
5593
4537
500
11398
8037
8920
4541
16061
8746
11066
6383
7343
14243
15563
16634
3530
7739
960
16668
5333
9468
9685
16478
9817
12603
13580
8306
16362
12814
9357
14635
2133
5443
10424
10080
15941
3338
16391
15609
10143
9317
2129
7628
8976
13772
5668
6372
5397
15093
8508
9053
13245
3752
6477
17009
3672
5330
5705
1856
1649
15641
5761
4324
2496
5997
2123
8420
7477
5091
4739
3050
16479
6359
15308
6250
12719
3064
13283
9112
13138
15094
8376
13261
15456
13798
5300
9629
5937
14752
16156
12280
9378
6025
1777
16735
2836
7490
5194
14659
14603
13676
984
4029
1099
13797
2708
9041
8218
15868
12533
8370
21
1382
10888
171
13791
8887
5660
6820
3592
11354
959
14496
4496
14250
16999
2298
4065
12677
10752
16790
14028
14742
15853
14077
9666
16321
13129
8894
11301
7914
14263
319
6320
14640
2160
7392
2791
2334
12458
12423
11825
81
340
630
8680
16897
4224
2194
8134
8519
9444
16495
10423
11762
15762
7682
5014
614
5055
8398
11011
14224
6644
15569
9042
3436
3378
13531
503
14273
4473
15361
15523
8467
7393
12585
5027
3500
3410
7308
3180
1145
13091
14163
2787
11397
4115
14570
10925
6742
1707
9058
5469
12631
13829
14044
15654
12236
10100
3692
7471
1791
16637
4805
16572
3827
1506
8621
10866
4731
1823
13410
2723
15862
16795
2380
9187
3349
10702
3720
7897
2782
4712
12486
15898
13880
4221
3200
6975
2919
7604
11917
686
5549
13510
7178
4471
2082
16573
8863
4263
16344
16261
9319
14371
5664
9914
2801
3152
9580
7000
15685
13109
6126
15573
6019
2770
9727
5471
12849
7982
10659
3307
15045
13645
11522
10876
1107
5823
13454
4986
4037
7795
11986
784
6629
7244
8
2774
5964
6186
7109
9248
16031
483
16916
1963
3327
3008
13551
4025
16910
14211
13308
5002
16193
94
14994
8784
14504
11225
7944
15280
11241
9513
7667
13671
16437
13093
6839
7711
11277
12219
15467
15891
10202
16185
16358
7074
10230
6290
6274
8546
16071
6248
12892
5103
16028
1360
2286
11095
5805
17017
7159
7708
3080
16977
15383
9258
1229
1845
3404
9924
16175
16103
13824
12424
6142
7998
10990
6185
12315
12385
464
14985
10756
1346
15949
10163
12080
3704
8835
13069
11572
5392
14639
5412
4302
7195
11531
6091
1161
4196
8254
14291
10360
13729
5147
14825
15880
4169
9223
10046
5824
5295
8054
11700
6193
15437
8221
2814
4038
14526
13053
8608
11822
10418
10825
13274
3508
645
7313
12332
5265
8554
137
2912
420
6316
11998
15977
15820
1951
16067
8905
8979
8255
13026
3865
3785
16048
2662
10071
13536
14668
8580
2795
13604
5474
12216
12981
14714
14437
5208
9898
12895
10704
7679
2608
3166
2597
3108
1711
5684
15313
4397
9450
14988
3347
8731
6474
7004
1088
4146
13191
10544
5191
5780
13187
9335
12577
819
9985
16643
10456
7517
13793
14096
4472
533
4799
832
11746
3184
16751
10126
3630
3532
14156
16012
7511
5962
9954
10766
1577
356
7024
1455
14933
47
14520
7108
8481
10483
11020
3989
13642
3348
10655
16170
8180
4693
11559
14734
14024
14654
4899
5048
3056
7288
10643
5153
15993
3002
9363
9389
6734
11891
9820
5042
12840
15134
15989
14095
820
16271
7743
15311
2514
12470
4212
12889
16699
6431
10169
5779
8761
6448
10188
14804
10490
13725
11208
1237
3163
8645
13937
9851
10464
2564
7251
8794
13406
13726
7151
2074
14410
2592
10898
3539
2720
4433
13063
14637
12327
3047
11633
12032
14256
12361
703
5837
9481
3405
2675
7882
3694
1433
191
480
2271
1285
6493
8477
12657
15466
14033
2854
8405
13579
2095
4590
10890
5680
8736
8089
13644
16174
6030
10263
8815
15978
8184
7267
1300
2671
11049
1561
14434
13516
12266
4594
16687
4607
9764
2818
5711
6031
7989
6992
5636
2387
12885
8029
16290
9400
2615
707
5225
7052
11927
11090
3663
14432
15633
13542
15854
13987
13098
15903
11863
11342
2777
11485
16613
13009
16942
10303
2093
8812
16656
6270
15815
9808
3336
7224
10985
16109
13682
4681
1203
7497
6861
9235
14388
7264
10689
1104
16683
12196
5681
14794
12794
933
14302
14518
3069
15788
8226
7981
1215
7748
2432
12870
3631
2038
9761
5895
2371
14345
3596
13156
16235
264
3447
15133
9920
12855
7140
9842
899
2017
7443
8071
15259
10474
12217
9165
8505
4826
13622
1689
16791
16350
5381
5879
5458
9520
10282
10141
11012
13403
6017
15808
5652
8938
6842
3072
1408
5816
7911
15108
7427
449
15531
9033
2301
12822
2616
11346
387
7803
555
15013
5393
16974
4258
7555
6130
13572
9270
10147
11963
4481
9740
383
2414
12297
5858
1830
11423
2883
6908
8569
1434
12596
12193
9695
66
14064
6032
16467
16158
10552
9117
1985
8512
740
10114
10730
4907
14330
11260
5532
12157
11922
9620
15342
14407
15434
16712
15301
1431
2364
615
8113
1770
11761
8904
9172
10513
2156
8174
8650
4748
10489
7787
14796
10063
16675
12918
8668
11598
3781
10398
14440
3689
5286
950
2504
10329
15634
11360
11216
7489
7307
9974
1018
6206
12671
281
15884
6538
14065
10824
13498
1599
10884
1179
7345
3978
8287
14743
12714
15398
7862
12220
11179
15874
4549
10447
5387
164
9862
7370
13247
247
13135
10038
5610
10836
15933
8723
11091
8676
11652
5693
4928
13265
6685
701
11159
7976
11536
5111
10276
15105
9234
12004
7188
3319
4529
5292
14321
13689
12993
13202
12776
11681
11882
2971
9553
10351
1840
3041
4849
3606
5283
7089
14791
12658
6775
10239
11966
13624
16461
14673
11132
934
16440
11800
5105
13427
11153
4821
9644
13077
11988
13592
1261
16192
2941
9382
11257
2324
3646
6923
1909
12621
13000
15014
14419
4545
8620
15197
6740
2793
14328
4877
13901
13204
14041
15275
8619
12644
2288
104
16455
16941
8524
5958
1789
16297
3568
6098
7618
9945
15771
2329
8044
12543
6319
10318
12054
10883
9260
16263
8816
11821
16775
6187
11462
13651
5112
11321
9300
4611
10548
1272
4775
9001
12970
12622
291
9091
6586
16181
14427
6325
16904
1871
15928
5266
15872
11961
8086
10957
16650
16869
15527
10134
567
1197
12198
13648
14510
6632
2604
5714
7810
10072
14970
7590
2622
13599
3187
15050
1071
5212
2310
1848
1322
5848
8443
9315
9612
3891
7852
14152
10224
7900
7208
5692
11827
2222
13349
12108
12364
8460
14442
9104
4043
9929
3796
9971
10392
16219
14766
14404
8889
5445
6468
11644
9928
7833
7631
9537
9193
13341
7794
14879
2130
3675
1249
11663
10982
11057
2337
3459
4438
9077
13295
10693
3501
16786
4393
2003
8139
12949
2285
5007
2479
16705
8622
9901
207
3543
6291
7979
14731
1596
13868
16456
8164
16240
14884
816
13054
16298
7356
345
458
1957
10725
12975
16719
15019
12698
11953
13451
4977
6460
10131
15119
16557
13394
2385
14411
11797
11952
11837
11196
1383
1448
6643
5418
7297
501
13558
5595
7684
15027
11481
9894
3435
2261
9131
4719
6194
12412
11655
13031
7970
6235
591
11938
16870
2175
6668
7827
5936
3946
14950
3906
6773
1361
7747
13895
789
14138
2040
14418
9706
15604
10629
13830
434
12777
14354
2425
6481
5500
12790
6315
4910
4445
6432
4788
307
9694
13562
7746
7599
7890
6752
4013
15743
7691
9826
7192
7127
10813
15095
2623
16759
11416
14770
2005
14920
10255
4566
15053
2110
5608
1023
9773
242
16198
11674
7985
9099
3779
989
13669
3261
10802
5313
10688
6189
887
4432
2945
9674
10844
2454
852
13240
12607
13546
2619
14048
6405
13920
522
6113
11058
3657
3355
3769
7655
9645
3886
14524
13024
14755
8636
16353
9684
14115
13958
13655
11158
1038
237
13688
4429
13588
14258
8177
6076
3125
955
6848
9592
227
10590
14975
12651
12828
15030
6922
4320
5708
6801
11389
439
3288
14385
13382
7239
5811
16587
4440
469
11499
12321
13483
1429
3286
10083
2743
6392
16985
7401
5214
13059
8531
11445
2868
6536
2896
13513
4341
12384
4840
4009
7410
2044
4720
11246
15885
12161
5857
193
16392
8192
4178
3428
8414
831
1475
9634
10058
11055
13844
4897
878
7738
14745
10797
11483
4246
9561
1012
8990
13253
14773
11692
6426
3418
16236
15363
1276
4516
4209
4582
10068
12821
2889
4776
10781
7041
10144
5120
7995
13734
12328
32
15824
13802
7156
9724
5556
12976
325
15465
10093
16962
8457
4567
5127
3089
13475
15174
4634
382
2873
14380
5009
162
1328
1080
13438
406
7632
6388
11238
5856
4995
6001
6252
11322
6143
12050
5215
14851
15012
5744
7398
3007
9023
3150
7287
14242
8188
16986
6683
16065
14297
4055
15532
11575
16481
10956
11861
14512
5775
16772
850
6741
15120
5605
5897
1552
680
8966
730
10352
16443
16891
585
13857
11383
16815
13571
14349
8291
13488
16367
1441
10939
5228
9574
14457
8045
2445
9456
5339
12244
14301
9963
3006
15564
5071
15829
5893
214
409
7030
2238
6557
5438
3097
4587
3285
5876
15193
9264
13027
16172
10020
7678
5229
5064
13948
2518
10171
2280
2934
15939
6886
1470
16559
13145
17012
15982
9380
15818
4117
1667
2113
4823
2413
224
7800
15037
12695
3489
9669
10448
9239
9339
2626
1512
5170
5815
11538
7785
8824
1609
9207
5846
16075
6069
8203
14184
1214
3504
15548
10616
2051
15161
3889
14542
13515
11755
11839
6507
6955
4203
15740
4399
1164
5979
7855
13750
7229
8874
4195
15417
10597
16268
6294
12033
1477
7939
16765
9779
12003
4241
14712
5200
10152
3653
2444
10539
11880
860
8450
16317
8690
15656
18
12206
8198
1191
8070
15511
14061
16700
2846
9069
4599
15345
15652
16265
7959
54
200
11467
4088
8432
8903
9714
11378
12352
12823
3659
2282
16889
12890
3112
15427
7372
15921
6726
14038
13715
1574
16857
8879
2284
11506
656
10652
726
8727
3751
5756
7710
3417
9491
13376
14245
603
13405
4851
16748
2032
5180
14842
6016
4367
3028
9080
8871
5495
5237
10075
2289
16674
334
566
868
12336
14968
225
7304
11093
14420
2964
12681
3866
3668
13142
12586
14027
6529
8899
15276
10004
16179
5158
2426
1846
1608
16394
13521
14896
5564
13839
14019
14154
12880
9434
14251
568
14278
16279
15343
13373
2682
12654
2174
12341
2295
6622
16828
15064
8931
16256
6687
15528
11427
323
284
6343
9757
4717
16816
1039
15226
13675
13674
9917
5715
5709
797
3490
2943
5854
9703
7997
9218
6173
15672
10032
289
14612
1151
4110
909
1132
16476
6005
15209
1633
15130
5613
15113
678
16221
14351
3789
4083
7887
2155
11923
13641
12807
11381
10904
6976
10924
16264
9572
6445
8284
5972
5054
5364
4880
10430
13319
309
8362
980
5760
1634
12645
15115
16375
15787
12713
15248
374
4184
636
900
8326
116
13732
5826
8187
17015
8583
10499
14073
9034
5542
2200
13249
3331
5803
6849
10364
1920
3707
14758
7362
9598
14960
10197
5659
11874
5351
6522
15751
8298
15712
11052
8419
2552
6653
4679
4598
13215
9958
11760
9930
5079
13743
6264
3876
13918
15985
16411
9155
12656
7009
9240
6700
6780
1897
13654
9966
12104
11573
422
2011
15391
10353
5862
15914
7613
9482
1160
6543
10079
15485
4978
205
0
488
4559
15386
2685
945
1020
5457
1192
5989
874
15644
6191
14040
4640
14880
1652
6057
12858
12495
7521
12755
16850
13974
15196
1170
4240
719
2884
11954
15745
2105
13377
8064
7557
11613
15507
12865
6225
664
7186
10605
11152
11830
9436
8988
7283
12519
8235
14160
2609
4100
12085
5427
3215
9750
8601
7279
12457
15779
9791
3264
4637
15748
3997
15505
10001
6289
6416
9061
8933
11706
5948
15339
11805
8943
14904
12078
5543
11993
14552
1935
11449
5454
11929
10611
3406
5628
10790
6527
14110
11616
11476
3092
6562
10822
2165
7638
9208
8516
702
7615
4572
12965
13705
10249
15526
16669
5296
6679
13718
13404
12961
733
13017
14098
4098
926
11116
9615
16458
4016
3323
12842
7531
11649
1200
11636
3941
1233
16523
9146
9756
12197
8672
2258
10740
8576
14632
13693
4073
16601
9178
12152
15428
8272
4077
14762
17022
15984
13277
1745
571
2595
4732
10694
13943
4430
8773
12164
11866
5722
826
14071
6680
15187
12862
9565
1932
14803
4831
12465
10238
11435
2397
1137
15580
14623
1501
12867
9301
4562
5604
5853
1388
14426
16914
1384
15400
4072
15069
10541
5898
1812
10641
4974
8014
6256
5921
10872
8850
7532
3293
12074
11919
16773
5146
5022
10735
3383
12758
1395
13131
3175
7772
6638
14942
13314
9631
3949
10003
6064
2748
12395
9283
652
5847
3828
1235
10537
6059
2513
14551
932
1094
1903
4000
13175
9810
9589
4780
8181
7019
4219
13229
11203
2206
5597
5083
6645
1858
12725
5546
5544
10482
3421
8544
11143
2669
7237
4001
9289
13563
2189
10439
5085
2523
2356
11348
11600
9168
14470
3483
15571
15110
1651
13858
756
5596
3833
11906
8780
14439
15623
951
3320
5468
127
5285
15040
9886
14775
4315
12173
2929
7823
10878
13123
1901
10819
2811
9777
10574
12163
4796
1999
12805
15888
1391
5077
11064
15182
9242
6219
12190
12856
1224
995
4390
14777
15487
16473
5703
419
16885
15250
14206
8216
6909
1332
13271
6542
1913
7069
12041
946
2716
16081
6691
13104
2357
2570
7354
938
15213
4664
9610
12530
12703
14888
1910
881
13805
5947
6672
7825
9967
7608
180
14364
16373
10494
4629
15640
10563
16745
3633
499
6943
2948
11443
11206
15235
12806
12082
6570
7709
4726
15172
9366
14838
2434
8222
7376
1442
16866
10256
4952
13997
4409
4729
3058
3467
8017
11581
13722
2779
11392
12745
13813
13176
16636
9048
15915
16046
1569
13670
6912
11689
14836
11957
4550
16853
1598
6040
744
15907
16856
11034
7330
9299
15750
11985
15524
11372
10399
9986
9209
3634
11702
9660
14015
8099
1445
604
7614
4896
3019
3475
14662
4647
6233
15764
7124
3185
366
543
8367
9287
1218
6047
16436
15268
13186
6337
1874
8698
6627
11267
2617
2275
8079
15323
3109
9834
6135
13236
10107
871
5269
5998
8806
1006
13646
9396
11782
8273
5903
15632
16422
4931
2405
4944
15333
13268
574
12303
3843
12962
2501
15490
5301
15859
6550
3463
13799
5437
6844
10089
13652
13385
3381
15813
6176
4812
4767
2659
7235
14815
1612
15293
7211
2781
757
4690
10092
8277
12366
4356
5169
14479
7545
674
1530
3731
1341
5066
14982
4683
578
9521
10085
10858
16963
16776
3944
3971
8873
9876
2888
5812
8344
602
15392
13281
4971
8488
13774
10213
7129
4024
11151
8296
1188
2678
575
11544
7597
9384
3686
11171
8535
15090
3267
5018
9587
720
10674
15981
11306
3190
8133
8415
13504
348
2569
11123
3643
8117
3895
3003
14511
5869
10074
10846
13134
12854
7515
13853
9486
3283
4882
5563
6349
8223
16009
7049
15593
5421
5045
2857
12160
5137
15307
12242
6094
7026
15091
15713
7990
13524
10365
5102
5818
5712
15667
9286
14117
4384
13293
4955
5910
3077
12428
13807
1849
13887
5337
3910
8830
5918
10579
16565
15938
3817
12799
16408
736
14157
9705
10339
9794
14718
3330
13523
6509
10717
11031
10420
10536
16258
14491
10309
6802
10041
9759
13625
12956
8510
7575
10842
3380
1048
8312
7758
10078
2551
3775
7908
5274
10381
8080
13909
9016
12565
5297
3540
4264
11878
13875
6097
4372
8150
12836
6496
4921
8047
15624
16214
8614
9796
16526
10162
9801
10653
118
10348
3363
15494
14776
4609
12168
4954
8767
5053
6705
7639
8210
5084
8003
14252
4151
16746
1343
6368
2784
12924
13709
1090
9897
12752
2035
8082
9525
4887
3074
10772
11625
7091
1156
5736
4815
6545
11546
14667
9806
5973
11129
1709
3411
12227
14974
2499
3039
12170
11604
1174
13618
5728
2730
4860
12335
12409
14069
495
12563
3736
6789
14055
8710
4573
9423
1772
10165
14837
13006
9309
15992
9312
6743
8118
14715
16273
11386
14759
11853
10945
12979
7950
13865
12968
16029
2338
12989
7879
12141
10292
13128
5070
6104
11414
250
1754
10877
4228
6749
13996
13042
15923
5971
13911
11269
14102
5025
9787
16811
3738
1017
8004
16532
2838
4132
16366
10504
6883
1210
7193
818
3413
5506
6552
2014
16502
13870
15721
12120
9171
4376
14469
12401
8285
9839
16969
4260
10334
6514
10666
9540
3685
16840
3677
10333
477
13825
12751
3693
7902
12453
14008
3963
7042
8703
5068
12710
5943
10116
5698
939
16138
9401
14230
6278
3362
9402
9816
13158
2698
4968
3289
16331
16804
1697
7700
16640
6601
12014
10705
1728
15553
11442
5720
4262
12256
10129
5264
4375
4868
12721
8446
6074
4833
11183
9516
13487
7888
15988
7081
10901
12597
15433
10454
12257
14188
15666
13742
11660
3585
16672
13151
9442
7323
15217
8153
12864
3308
9854
10746
11574
16346
11119
3623
14030
9562
772
5435
6451
14173
7201
8914
507
11566
13155
13269
1029
6415
2737
9393
7006
9024
6967
5881
6287
6532
970
16086
2710
9856
8722
10692
10059
14567
9002
3492
16093
10251
11999
7206
1407
11353
9980
11138
15032
12473
13885
2453
7506
13897
5131
5336
2700
5050
10187
15221
12208
11270
16731
12491
16396
8866
2187
16161
3424
6253
14832
8888
12937
15143
13992
5753
1832
12953
14782
16792
3867
15153
11032
7292
10065
1148
4777
2554
15381
8242
15551
12066
15183
11526
2859
16390
3627
8733
7971
9360
16996
4102
8878
16884
2949
16926
10341
9558
7732
11437
3945
13518
5140
737
13200
6875
15718
10964
12525
13447
16713
12547
9618
15379
8387
2849
7946
5612
3832
10368
10671
6540
1168
15478
2172
360
4093
5440
6378
7414
5049
15916
12149
4153
15445
10711
3013
7871
16607
7488
7347
2833
565
16536
8411
6519
14153
14646
15255
10380
8224
5355
2746
885
12984
12610
16252
9814
7987
6355
132
265
13370
10487
4947
14357
2792
15518
16666
4872
7808
7865
14164
1288
9763
7854
12694
11589
11404
1655
16376
8540
7817
16379
15332
8958
8665
13921
8629
14947
7868
38
16416
6604
15890
11779
12200
4510
16898
14633
15348
4458
15252
5768
6808
8189
5129
7577
5245
7411
10170
12760
12507
15710
12133
4218
7260
4299
837
4534
10172
10610
9215
1251
11724
16740
10408
8148
11127
3345
11516
14372
12199
14858
8391
12580
13576
16404
252
14780
10382
1525
3722
13323
6817
10787
12812
14205
15816
15766
13819
16126
1867
2758
15544
9266
2195
16949
10801
762
4323
6729
5732
15869
15958
15412
11560
3927
15123
10203
2951
3352
1540
13575
15083
14247
1922
12348
9457
11902
13254
15825
4905
7162
12582
249
336
11434
13782
15969
3478
2590
315
12573
8417
11271
1484
14287
5481
3947
9133
8764
1119
4415
11543
10180
11320
12877
12633
2633
393
10467
1349
5473
5378
15929
2709
14641
7504
9330
2198
13570
6533
13790
10603
14167
4112
4875
9687
5931
9037
14212
14083
124
11987
16584
787
13530
14168
12649
15283
5417
16701
2734
8132
9524
16294
2839
14708
2240
4255
3954
141
11509
806
14724
3541
12329
8547
11554
4365
4688
13324
4404
2802
2000
9007
12670
1158
14049
10478
2196
8533
14610
14200
9821
973
3992
1673
2142
13755
10227
7842
6423
16342
3964
1240
2807
10578
16548
15625
9158
8616
7291
3000
7306
5160
9448
6357
8697
6090
1705
6110
6331
15942
811
16368
4091
13040
1923
16936
13369
150
11653
136
7752
14931
6617
8972
11685
16511
88
9221
5067
15746
5405
10148
6095
352
8750
2643
9981
5955
14257
15600
4557
6263
6751
14873
4147
13429
3360
13285
11015
1352
7551
14672
2167
12772
133
16000
12178
5101
4758
1579
3806
1934
6830
1068
1965
7722
11165
12634
5647
9766
11092
14143
4289
8555
13466
4666
6990
3466
13189
3455
15144
9197
6171
15556
4515
6663
9912
10955
3371
11949
15774
1471
14929
10851
5416
6209
1135
7954
9555
12899
5072
2066
9713
15169
14288
4107
7272
16647
16784
2317
3713
12290
13166
12946
6973
12215
10729
2819
14678
15579
2898
2370
5752
14710
15186
8212
14609
5509
13939
7592
1710
16472
15554
11296
16783
3282
12608
3477
2575
7177
6879
12619
1853
13097
2853
14914
3382
6345
3669
8586
11698
12134
3186
16286
12225
692
11140
8631
4903
2030
5835
11792
2104
16923
5521
1284
11326
7601
6865
14176
4570
9799
922
9259
10789
14043
16155
15473
16525
11524
7075
4478
1895
7941
15439
2323
12944
5246
1007
13617
11840
9167
6285
2300
16186
2069
1277
4591
277
5906
7390
4231
11050
14445
14959
2004
16583
8388
13737
7001
8754
5512
16877
16302
11019
6947
761
11828
16812
12325
4540
15489
3959
6692
5415
16242
15320
8987
2016
13956
13768
15819
1483
4176
880
16614
13874
6708
14179
4141
12377
11642
6800
11276
15900
11364
8067
5915
3786
13443
2336
1521
11315
12516
12209
8251
4649
1054
8763
12907
1254
14178
9220
12803
13497
16937
1223
3758
2451
4551
4999
10712
13326
10096
7331
2989
611
15463
6793
15905
5934
5967
11142
6927
13633
13400
1173
848
3878
15997
10052
13923
865
11373
16301
11683
10779
15483
9394
1320
6655
3153
6284
6306
4546
16498
12055
7456
4700
12795
8829
10984
16104
7134
13374
11365
12322
817
15886
1708
11976
11631
9809
9150
16424
5696
9622
3869
7115
391
3279
3174
8945
3608
12825
1153
16386
4094
12940
13630
763
10511
12763
11039
12843
16312
10235
11765
927
13276
16438
15189
9965
14249
6021
4521
3021
15782
7286
15205
1794
7170
16620
9583
2834
10617
2540
10159
9432
10828
9781
244
11529
6885
10221
13934
16318
2408
1588
6837
14266
6984
7469
13945
11209
8463
2867
1190
12122
13402
15512
7775
15132
4588
8327
14489
5945
9955
8589
11338
4618
1141
11781
12075
3432
969
6351
15078
11527
2686
1519
12273
6169
16250
6214
6544
3116
2361
8243
5740
14
11978
8330
13078
8332
7824
14924
10559
9982
15070
7563
11905
5366
120
3724
5577
15804
16685
8459
1370
13273
3898
13643
6983
15194
7943
10841
15591
15455
10475
12637
8114
5094
10025
6207
14588
3850
6480
11807
1683
13520
10512
3209
234
10833
3808
11046
10870
4366
10453
16635
14986
11503
9765
12515
1775
3875
16652
3420
13422
4109
476
10627
5087
8256
5525
11926
6650
8170
10922
13893
10120
3046
5324
15795
318
6099
11332
2611
8412
9304
12291
9999
2190
6641
1550
1899
6640
7365
8068
5786
3582
5069
2043
12015
8207
8504
4271
4032
2936
14005
4297
5486
5305
12498
3922
7593
5793
9390
2537
12111
465
1278
14334
11186
7760
5379
9310
7652
8579
11500
16663
2610
12793
882
16887
16255
11160
9295
13801
11971
12482
3172
1690
8100
1971
12145
6136
14025
13164
10589
369
3496
1781
2679
12042
8264
12951
5338
10400
1022
9605
13023
6899
13446
11635
11361
6073
2715
9320
5765
5917
12105
13685
4844
6115
15375
11041
2205
7047
16798
15472
16594
14105
14565
5320
2525
822
10247
7637
8441
9141
11388
5187
8013
7736
4613
10154
8523
14938
10848
14261
3884
14893
1327
15000
12900
12069
16063
8839
221
12417
10278
16188
7429
12374
2377
5919
5718
1995
3457
8056
16730
146
3054
12915
12363
2999
16123
11643
12809
15451
12432
14063
15329
12079
952
877
1706
13282
15279
4469
9594
2243
6300
16144
16671
3996
6634
3767
14709
7821
3612
2330
15937
413
16762
5615
15973
2695
13139
9671
16120
11841
2075
14035
5424
858
3773
14099
6928
341
16203
15492
3430
8247
12797
5303
2885
9003
8007
5183
12346
12605
1584
1339
7546
16249
2436
897
6898
10232
5463
5117
12702
4856
4061
2632
10850
6873
7538
10261
8798
15121
16716
3837
14493
1393
1409
11666
890
3023
1410
13591
11701
11545
343
16351
478
5980
16873
10108
106
6891
5353
16310
6572
6212
10792
12568
9673
8061
7529
9152
16360
9824
7859
4817
15828
11082
14476
6935
14159
4542
9333
11756
4553
6053
11847
8498
3250
10521
14728
9354
15025
617
15983
7387
3398
5031
11016
11337
10135
14899
10015
12493
11856
4296
16500
2982
5144
2806
13304
5640
5909
6485
3389
14850
16551
10575
10191
10039
8954
16482
11213
8389
14406
12923
6452
5951
10369
9606
14329
6443
7514
9527
6579
11406
2976
5601
7423
16827
6537
8902
7519
7572
7368
7798
15219
5790
3771
14631
16364
2921
6929
11336
13237
160
6580
7454
668
3438
9267
5974
28
5899
1811
16623
9238
12523
6072
6852
11900
13058
14472
1983
13631
16035
11824
9937
515
2319
400
967
8813
14231
13979
14316
3511
6769
6991
1803
6698
3702
3982
12928
13137
3970
6050
10450
11799
11925
6408
13882
13482
7774
16809
1898
8357
16369
5080
3038
8371
6105
564
6080
5516
1155
12049
11948
7892
9778
14889
1440
12599
7056
9297
3933
6718
10002
16449
2135
12129
10336
8808
3710
2572
12070
8302
456
13711
4066
5599
1637
1860
5492
6553
10484
16727
11876
8231
7549
5220
4547
7932
14675
4200
16964
4911
12943
1818
9370
13716
12182
2752
3966
4474
6382
696
14729
2605
13351
9398
13119
9628
15231
8932
5205
4915
5800
6205
7043
13891
545
1302
11659
8051
7198
10186
4969
739
8451
10383
4406
2856
12903
8493
3829
16477
2670
7778
10935
12595
1403
6398
1809
2144
16485
5261
3999
4154
16845
7071
7645
13954
10417
8341
6523
8639
12387
16515
3136
4250
6165
7609
7236
3590
13238
9646
8548
3887
5634
5758
151
751
8324
1074
12179
16839
6503
13456
10161
12119
3911
2538
9451
11374
2484
5407
3655
14137
328
7116
12673
7569
96
5991
16430
9462
13057
12496
4630
808
7413
7007
5267
9476
15309
6624
9720
11910
14958
10678
337
17007
15970
9473
10014
10868
6354
9426
15522
15303
11898
405
10715
377
3697
13605
6387
4389
9078
717
108
1974
10378
13233
7839
6029
15976
10008
13329
170
12548
3232
3396
5707
11569
2528
7763
13953
15799
1270
10401
942
662
4204
11370
16284
2548
16692
1171
5687
3980
16679
14683
838
9774
14305
1726
7119
5411
12991
15128
5227
13389
6674
3369
15957
12572
9921
10975
5828
485
746
3598
13434
876
7901
12736
7883
2636
278
9307
2903
12917
6913
17008
12553
15763
15834
3377
15918
10094
5456
16232
6102
924
9861
9101
3354
14462
8350
10560
2140
12971
4519
7037
13907
4675
6353
8803
10940
1169
7781
1417
11376
10325
13219
7269
4956
276
2904
12237
17020
7290
11558
12132
16862
6621
2294
1718
13105
2309
16006
1116
4661
11897
7022
11125
2544
16372
5551
14925
623
7566
11022
6131
8572
16223
2235
6689
4122
16147
11285
2866
3918
4946
14217
12295
1294
16528
8048
9570
6612
16995
4725
6012
5173
11362
11712
16319
2772
12602
13449
13632
14006
11650
6230
5334
1427
13291
13044
13140
1236
6926
13328
3384
11439
10343
3227
9710
9362
10832
5975
2823
6666
6790
7364
828
6237
5904
3271
16183
14412
3313
6244
3877
6858
11468
10565
187
11251
14622
12418
11144
11885
6373
14890
1780
2225
529
15581
11637
155
8127
16919
15352
13034
3296
11889
1147
12505
1181
13299
2219
9064
3844
13278
7131
5156
2917
4830
12733
7866
16142
12550
1402
5487
7300
5834
14236
13650
7113
10419
531
9291
4760
7189
13437
16454
14730
11411
1103
4563
3156
15241
3679
12259
298
5196
7796
3117
10864
6547
14375
16803
14930
115
14590
16603
10809
13428
1259
10222
11640
9184
15696
8825
2346
6971
123
290
11728
15453
296
8734
12475
15972
8700
2966
7110
14916
4123
12286
5836
14819
16627
12110
8982
6813
8737
6273
9198
7439
8186
15068
4853
12433
9284
3841
12411
11226
8653
4757
14544
1296
2270
13442
8819
867
7906
2602
9604
4909
667
7355
4737
9717
14939
12316
1271
8545
3505
11429
17004
14433
13
10794
6732
12920
7063
8796
15948
1355
13133
10535
641
76
15534
1514
8466
10471
12373
16945
12838
9653
11192
1052
5284
8890
438
943
6478
16332
9228
11937
6520
1593
14389
11517
15322
10469
535
6155
6117
675
12375
7301
8747
14849
10390
12131
11139
4764
10582
10803
6109
2257
8217
15858
14374
8853
1891
3753
3443
9730
3987
9586
5128
8135
4858
11199
5233
5766
9183
9857
14604
6240
10113
12061
8429
9156
13489
13916
15545
10277
7619
1890
5451
11181
1620
569
3788
1128
1967
11808
9925
10047
7726
17000
4798
4120
11859
13375
12788
11757
1087
12007
13848
14991
4654
10324
14614
15960
11105
11124
11886
1972
15878
15338
12510
6335
7649
10986
12959
5986
6406
8027
16680
2268
4548
8962
9443
2254
14948
684
9006
2121
10827
9474
12102
16846
6603
8809
2139
16433
14656
10149
17005
11776
15076
10066
11789
3368
1418
9210
14990
4459
8732
11430
7462
13823
16616
13740
7873
1531
4988
13704
2057
1696
31
3810
7250
12156
10192
14056
14460
648
7553
1663
10753
8455
8908
5830
7417
1538
16470
1703
4642
15245
10035
10234
12712
2582
3431
725
16944
11070
16619
444
10947
9253
9074
1545
10664
14548
11534
5553
11959
5737
5472
14304
4119
4963
5008
9501
14530
7606
2822
13957
1292
5706
2067
6093
4695
10927
9096
12578
5012
15842
84
6487
12676
10732
2440
12720
4312
4966
5470
11327
658
4099
5606
8692
13795
15167
9554
3556
9063
15926
11382
16034
8309
12084
5185
14227
9435
15648
728
12883
1755
9418
8872
13806
5581
8627
10606
15568
5125
10859
6027
7924
1086
2825
3093
9250
9692
16442
735
10220
1732
7099
12506
442
9739
78
10938
1650
6518
8868
4281
259
14223
8036
13548
8310
10485
9662
16732
2483
10257
961
6783
9376
9087
1194
9927
11540
9495
7485
12392
2629
10145
11493
11195
3569
5161
4002
12407
14977
6521
1124
6146
3292
10609
11149
9889
7870
10623
6434
1180
2815
415
2812
1722
16749
908
9371
4973
6693
13221
6980
3148
5524
8355
15015
1774
10022
12282
6716
12284
9855
10736
6681
16113
11587
12574
14047
11722
1454
15085
16901
9322
3563
16851
1875
1290
15734
8110
273
14494
6375
4834
10139
9827
14556
5277
13182
9437
251
7675
7453
12664
6665
13972
16231
258
16043
11783
10983
7157
15047
10117
4206
4970
16767
4418
2516
9062
7815
7434
4170
53
2111
5788
16387
8595
6249
11231
14295
5090
1597
1589
9347
12240
2354
3480
11884
13181
6642
15063
6002
16026
11576
941
7148
2691
10073
7419
9045
8057
15699
5075
9213
12641
1739
11996
5003
294
15459
4577
13623
64
11532
13130
14989
8241
7805
8090
16545
404
10440
7199
10601
9009
12672
12406
15499
75
6255
11911
9519
3780
16927
609
14525
4104
506
3859
16931
13775
1281
15925
9859
4676
6440
4620
6648
11331
7436
6996
11497
16051
2493
15661
1062
14582
1493
5033
1748
15010
13634
1257
13540
3300
3822
914
2703
11188
16121
12331
11469
13474
3706
12680
11686
15116
11983
14106
1558
11908
8610
9464
5279
8670
6404
8573
12846
2296
7336
14846
15112
11661
11620
13102
3965
13678
9686
12789
10166
7750
15597
15458
14561
11126
7087
13068
2750
15964
7582
16278
6166
3737
13367
14852
12738
4215
13336
11036
8366
9497
5088
4769
16199
595
6366
8240
2181
13912
14581
11463
14423
12518
4940
8428
11482
15749
4854
16879
12588
1980
3452
16892
7060
1631
1805
3419
5763
10427
6803
5538
3639
2959
7408
12047
11630
2517
5976
2644
11994
13753
7468
4913
3251
6132
4282
5139
1344
8166
11350
10466
15003
13095
2668
11210
14270
2350
15530
12355
4062
15514
2745
9346
3127
11033
5453
2293
1208
73
3036
16355
1089
3535
13481
5607
15337
8728
2031
10672
1801
4137
15126
13736
8821
6951
14739
5210
7594
6314
10972
3774
236
384
16864
9838
13647
10443
1621
13357
8449
7893
8681
16210
14259
7271
4490
4498
6710
11059
669
7956
4884
15729
10258
1941
10363
2886
10103
10019
11147
3839
14753
1534
8149
2579
10663
12909
8468
7579
764
15679
15619
5887
6192
9465
14694
10027
12293
9387
3586
1583
16296
2958
13640
13765
3565
10974
10593
12848
2363
10435
1685
12261
8939
16726
7068
15335
13458
4829
14387
5138
9105
11665
7895
5108
16311
7050
1461
14147
9361
12415
7289
923
9483
7983
6859
694
16013
16543
11401
16629
3237
55
376
16398
2101
11672
4407
13071
9137
8178
14877
7948
14042
13260
441
8485
8956
11857
3014
5651
2411
11240
11490
2365
5433
5902
1162
3081
16064
10151
2037
1234
16571
10174
11622
15922
13089
9678
3892
9512
5395
7093
8399
1246
15367
156
3073
8769
11804
13284
12037
6791
810
8506
197
15913
4028
3488
16435
5838
3835
9349
13083
4600
4568
5907
9624
1079
11583
3374
7055
3456
13453
4677
1423
12764
12292
8782
3177
4890
14527
4924
15736
2424
4223
9640
3294
6561
16257
15797
10122
11763
11567
10176
14645
11464
12288
16677
15256
5380
15443
1520
16893
12932
13804
7580
15924
9690
632
5126
3220
1047
7769
12221
16002
5663
16951
15175
372
9089
365
10780
12628
15645
9385
11164
16905
3642
11450
11432
6709
15727
14134
3333
10675
1892
16173
2681
5058
2236
16736
5635
1587
14286
5562
6391
7741
2390
2563
1366
11924
12874
11330
15347
6288
10987
8969
9536
7381
1924
16566
15792
1664
3521
9860
4213
6257
15646
4580
6843
11530
10127
10516
12715
14318
12229
6313
9760
9232
12114
570
15203
4641
11274
758
16215
587
1414
10465
2639
10775
5589
10508
11063
2524
14485
4765
1776
10295
6063
15728
2694
11214
2645
8777
14484
11586
9984
16560
7311
2993
8115
16234
11279
13431
15910
3513
8444
42
13919
10183
3662
11731
2596
894
14036
12690
2729
14636
15683
6436
16148
6395
10294
1127
6261
10580
6737
13118
11883
13738
1416
7404
1310
10422
16980
7399
13595
16888
7342
966
2182
4252
7100
2789
7445
12088
6139
2471
13183
15510
7328
10389
13418
10119
10407
11677
1066
16402
13514
7470
6620
13935
12660
15327
12399
5015
5060
4400
15416
13796
9663
14126
1987
15876
14054
9725
15382
15620
13845
216
1857
6410
3334
8364
3656
14822
11229
1492
13903
5273
2384
3160
6807
11820
12139
181
1826
1122
12020
10451
8788
2816
9056
5039
14461
7673
11744
5995
4692
12685
6724
10321
7018
4164
8495
6723
6725
1473
3848
15658
12492
8155
6394
7574
16269
14280
11610
5565
5452
1096
10549
13235
9405
3068
14111
1625
8859
14344
9742
3161
11428
2562
9125
8452
2804
11170
8928
13932
50
3896
14503
484
5550
12905
6759
14572
13161
4708
6930
4008
6127
13739
142
1928
15055
8704
3777
5827
7219
15106
10798
1115
16755
6765
6067
1516
10777
6625
12426
7220
494
9502
1318
1950
4531
7136
14276
5347
17010
16768
3709
2646
5431
2168
8260
3932
13242
2714
12922
3318
11118
14125
15270
15830
9282
6333
13360
8494
15686
11502
15583
1760
2520
1217
7152
8257
8781
8018
1549
13962
11065
9588
385
11869
368
14824
14816
2649
6840
14209
6856
3791
15904
13008
4133
100
13951
14277
4156
3312
15326
99
15670
8836
12841
2127
6303
14750
6164
4803
1334
14031
15911
16415
5831
16131
5755
14300
5554
9528
10285
14306
14937
9127
4552
9012
7735
4824
7659
13960
14821
16134
10562
14187
2650
12618
12753
10816
4923
13597
1130
13178
7040
9884
7245
12113
15430
9847
15800
3167
14127
5149
5199
13707
13244
15310
1451
10763
7904
11829
15359
12203
8694
7972
8087
1098
14050
8058
11089
3700
8314
4485
15731
15602
10077
472
8019
5483
1804
3650
12434
2768
10875
12378
5287
1528
9485
14737
14847
16664
4354
12541
3648
9755
14271
9658
1250
3852
5920
7096
16341
5203
9577
9877
5322
1347
14435
3893
713
2915
12439
9261
6241
4691
14747
7122
8297
724
12686
7552
14883
10361
15673
15349
12239
3821
13208
13535
14760
16283
999
15733
7361
4958
10695
7358
9472
10316
2462
6690
4353
16956
5982
7596
10654
8340
13256
1586
4513
774
2783
8491
13908
12996
8756
4501
13878
7622
3193
12534
12224
16836
7146
13212
1906
3665
13361
14539
16045
9205
7143
8077
481
5783
16800
6836
12509
143
11893
990
1883
7222
15975
11480
10967
917
15482
412
13033
13856
10049
1833
1992
16563
10911
9962
8635
12623
7581
572
16633
12936
7535
511
5462
5343
6043
10391
9417
3135
7173
5065
6530
6921
16260
4152
1887
10029
7064
14882
10095
9951
3934
2450
13872
7248
8299
12396
14365
490
15622
16462
3956
795
8295
13938
11290
3223
598
10631
7452
5249
6555
5164
15601
3188
7813
11846
12029
3974
15688
14120
16706
7816
15899
14534
16597
13116
8786
13748
2827
4050
7405
9931
8268
14490
12691
4447
437
5136
8476
12999
8699
11887
11727
5400
16858
6028
421
3387
11699
3120
9845
1494
5172
16711
8515
101
175
14376
505
4021
8359
7061
5157
5514
13662
5941
2381
5179
13517
8618
8563
6068
4357
9107
5211
3680
8351
12977
4095
5447
9503
1822
5741
9438
12036
14522
6297
2952
11418
13663
660
14088
16578
12308
3960
12728
3165
682
799
2239
14384
1283
6558
11299
1499
5373
6857
631
16859
14597
15156
1929
7713
15315
5389
423
6814
8097
2706
12117
11107
13788
1773
16994
13841
304
6713
13534
7934
11488
12388
16890
2981
2373
6409
9251
2887
872
15968
14191
2955
11854
3904
13056
4843
7672
3212
10416
2918
4249
792
8581
3082
6829
3719
11667
1817
3437
10313
7729
3595
2375
12692
3388
14367
15691
3065
2490
14702
4818
14238
7576
7832
8685
16972
8478
12683
14619
12400
13505
8349
7194
1931
6502
621
86
93
15474
14447
16058
6646
9499
16554
976
231
13904
6177
4419
2119
16052
3571
1862
2191
2396
10999
12500
8265
5655
297
12591
2799
10585
8270
4602
14829
5056
2036
11451
12403
3961
11217
13362
8795
9934
6122
2304
1263
7223
7523
3528
2055
12454
12153
6034
14260
15237
3749
10386
1072
10713
12552
6694
15649
13639
699
4337
9000
1033
2881
6824
6220
6188
14052
9136
15668
7341
2942
16546
3201
394
14014
11145
13559
13783
16489
12508
2362
1613
8590
2173
4828
4608
14429
16504
2991
6818
11287
95
821
2651
10133
6111
15665
13963
16053
285
4886
3914
1010
9785
7350
4943
16667
8318
4463
2911
1073
9243
2778
15857
7986
4948
11915
3599
12211
15405
1120
13773
7437
16576
13621
6489
14935
11102
3245
9461
10621
4134
4442
8647
13554
15286
16152
14482
2253
1782
16564
14967
6637
14878
14769
13144
12421
3084
13840
15682
7687
12046
8738
8365
589
5747
6226
15104
10437
2697
4041
16077
11098
14754
12947
15584
13864
6959
10153
12060
8407
2583
1563
1452
5242
20
11901
10612
11235
15088
14677
1555
4616
3356
7086
5959
13941
813
4922
14978
8442
9050
9147
418
7671
10317
10903
15372
12436
4244
13243
16023
11422
5690
10918
11081
15947
8895
14651
13228
3873
2707
9431
15159
13547
2531
6897
13557
13867
371
9659
6940
700
8826
5426
9126
5365
12709
9428
16345
7889
3553
12716
8307
6556
13206
1082
3066
13573
8687
4687
15497
10283
16488
11621
15272
6762
3122
3723
8276
15366
10773
2747
5677
13719
8209
9014
8558
1109
5501
6418
14092
7921
13070
10314
13114
16516
6549
3654
16621
7737
14941
15879
9899
13890
13601
16575
5957
10998
16207
12023
2545
13578
13419
11072
7377
6200
14625
11855
9535
15946
5063
1560
13355
6180
8989
4483
15678
8182
14451
7564
11252
15423
9170
9650
5641
16244
723
6129
11916
13984
6058
11311
7595
14814
9409
760
496
1084
9708
14545
12488
9599
15409
13388
13769
8948
5912
5682
12554
2741
7790
2505
6399
7703
8557
7856
4627
7334
3445
12241
8947
3408
4479
2661
12420
912
12757
13211
11115
3311
10930
4313
2753
13012
11588
1324
5922
3055
14165
12307
10586
9869
8937
6610
14222
985
14505
16929
2937
11097
16314
1671
5874
15033
13192
8553
13122
15509
12309
8708
9691
10410
4792
9217
3199
5859
6254
12068
3141
10310
16592
5404
7035
3840
14841
8845
7101
3820
14333
11425
10684
5444
8613
4556
2967
9780
5622
1921
8790
11818
14332
10721
16022
13817
936
7196
13251
14918
9279
2712
727
13697
7231
14269
11114
15708
16014
4673
10069
5534
6039
9689
7940
3683
3434
15577
16570
8675
8025
5061
1933
16010
8246
15436
14897
6585
750
10818
13771
5511
2689
8525
14079
4396
8238
3645
15127
6664
12536
4004
4329
6941
6772
9314
9231
2475
11018
2932
13952
5497
9010
2249
7008
13553
16030
7374
12559
13713
2322
10806
5996
3140
12718
13066
6871
2211
5771
2343
13613
2327
4597
16096
3146
8138
4527
597
15758
2318
4992
3189
5006
10021
11220
1681
9406
8952
11997
9698
11047
2180
14201
948
2145
15847
8472
14653
5459
8378
8778
6546
8918
1064
10111
3937
6565
8282
2988
12598
3111
2348
14131
5000
4254
4740
7029
6450
7520
9410
5477
1133
7764
8501
646
8060
7215
8433
9278
1955
10229
5398
2312
4707
1031
11141
1159
5665
4278
14307
14811
11688
8592
68
1053
1298
800
15589
326
9680
10951
2875
2673
956
1603
7681
15700
4314
6505
8016
2580
6161
5234
9019
12431
14002
10572
4287
16322
10155
4030
10385
7509
6804
13607
5585
6993
14016
3449
2146
16539
4105
15801
1447
15823
2692
2039
8998
6403
16529
7360
1948
8802
14274
7967
715
8447
3533
7048
16484
3015
11286
16337
2985
12463
9076
3874
3129
15146
14158
8108
12258
3052
12904
11061
5021
16738
3154
16660
15005
6901
8315
13231
11943
12562
532
15180
7161
16544
13307
184
11810
6275
13423
9735
4327
1695
424
6360
6989
3409
14626
10177
12882
9272
7935
7433
161
12847
12994
9741
7680
13101
12185
4918
16320
14497
11044
16474
6435
3983
129
7909
10706
15875
16606
16739
5661
16824
11733
9113
6163
12404
13703
14189
16128
4648
8588
8368
13262
11265
7366
2601
7238
586
9191
16202
7585
3277
1354
15325
5658
11867
4096
798
7965
4942
3124
208
8922
573
11393
1976
7656
6417
7054
4635
15188
4733
12734
8566
15848
6459
6924
12478
7826
7103
1742
159
5531
204
6014
14010
11412
1108
4414
12002
6384
14086
4201
4155
13036
4253
9049
5561
14346
9919
7425
14456
14032
14192
7834
9377
6006
9364
4128
431
1930
11553
12762
9135
4975
4794
7846
629
16992
5484
10160
16847
14915
7310
4990
15844
16915
15664
8234
11189
11991
661
14690
16471
12992
14204
8841
8599
6660
8104
15566
15208
3196
10057
452
15304
11185
16130
279
9793
9095
5522
13090
16991
7926
9256
9683
6864
3076
6554
15719
5810
15464
14691
1532
3641
13527
4934
3392
13169
9959
16600
11077
13525
3732
3106
5746
8800
13338
3824
1614
192
16733
2489
2962
8865
8693
7903
15944
6626
6832
9416
7858
10665
1836
1677
7723
10178
1291
10626
12878
172
930
11071
16072
6449
185
16042
16211
13316
9440
4560
13088
6982
15635
516
5584
2076
12151
2418
2244
1301
5566
16702
1629
3256
6907
5530
45
9767
8568
8900
16308
16122
2648
846
13398
15561
11794
5099
10462
16797
8093
4464
766
12150
10683
16988
12606
3640
7974
8842
15236
15606
10538
10033
14248
9575
17006
6152
2539
12802
10287
2482
138
2026
16146
9736
2097
15703
16062
14687
10406
847
1230
8009
15204
12604
6978
3542
5537
944
14104
638
5498
1981
2773
9506
12263
1307
14235
911
16645
15284
1666
9616
2267
3594
7694
1469
12128
15388
2877
5030
447
12441
7079
12546
2033
3
1758
2677
1888
7044
15698
5733
7407
3744
2469
4266
3940
14313
15519
536
10157
13073
8109
1059
10492
16159
8410
4420
87
8611
16771
6970
15995
10076
16918
2407
6895
9578
7674
2994
10920
7916
12449
2213
1004
9790
1863
14692
11803
1717
13337
4668
3118
16688
2667
2481
15477
4202
16448
7160
12688
16855
5124
5150
1838
12230
10926
8615
5926
5801
3241
1209
1405
13177
12963
1865
10060
12314
3233
10863
16282
15908
13426
8919
17003
6834
12464
1184
6385
10272
14834
563
9452
3805
12706
9323
1497
8395
1428
7302
14679
2800
9833
3239
1570
14108
2512
9344
16744
13851
1643
16971
14903
2588
12277
9201
7717
12076
10491
11541
14652
4669
16169
1680
1490
8528
11043
5403
13080
7039
11726
11379
245
3322
15377
35
8040
9157
7448
15355
6826
524
13062
6658
1879
14422
11850
11459
16569
14627
11325
1942
9875
1679
1889
9559
403
5280
12017
14495
2798
4703
9835
5367
8290
8339
1348
4064
2360
14337
5396
15943
11981
11317
12
9941
10687
11489
4835
3670
5994
14771
4374
7633
3549
16976
7073
7947
11774
3262
8229
13695
15611
13302
721
9977
2056
9128
6782
9545
9789
4160
9199
435
12450
508
1424
11715
12000
13803
9222
7367
6066
16024
1394
3531
16630
13117
6745
4596
11931
16505
445
11329
4702
2185
2106
13896
15432
1753
13173
8791
9850
2459
6707
2010
4084
3701
5414
2128
7386
11357
7138
6779
16512
8122
7175
4585
16226
7380
13305
8775
9073
2439
9397
4991
11150
6488
3860
618
11096
1140
1779
741
12926
9709
14045
13112
10415
9802
2090
13733
1375
3265
10709
10737
11585
7727
1260
6190
1185
295
4192
6175
13522
5116
16469
9975
16213
6075
6739
7789
12021
10252
2470
11965
4932
16395
16166
10855
15168
8530
10719
4711
11136
12192
6754
6272
3027
16673
8623
16655
9609
7492
8106
6630
8985
5372
15084
2584
15460
9795
14541
13199
14577
468
3862
10965
10837
7133
2536
13170
8211
16464
15889
14097
16429
16533
898
11749
3098
7205
5885
8797
10865
8542
10354
829
14951
3588
13004
6228
10962
2406
11244
2166
5209
2079
15502
6412
15471
15629
13312
226
10293
6123
11796
3854
15122
9979
13569
6336
16531
10815
7784
3143
15994
9623
8011
4678
998
5016
10207
13555
1255
7663
12039
4058
14350
14181
15674
16920
4837
7745
7494
14319
7762
6878
6784
11087
13700
601
9470
15720
11519
10357
4583
9151
16384
12472
3024
9022
9196
1485
430
11478
3290
12048
8146
12639
3977
8659
9285
8856
11007
13928
14414
12416
16239
14335
15647
11784
12780
15397
16752
8757
466
11466
2742
16935
10062
10594
1008
2862
15932
8539
12265
390
9825
801
10231
11486
2429
14648
10874
4428
1954
9132
6298
14555
8383
16445
8906
3935
5223
7589
4949
2502
6986
10000
15469
14272
9655
8141
1202
6170
6854
15239
15031
12477
7351
2467
7204
13714
5358
7707
4653
61
7899
7090
12893
7066
1420
11707
9149
12590
16397
12093
5406
3667
11074
3798
6310
2731
14327
16078
10219
15827
16251
6238
6524
9677
9947
8076
6733
15318
5742
2680
8893
8517
2049
12326
8633
12624
7819
14449
6400
14310
6596
15990
11936
4592
11180
11624
9879
4127
147
16330
14403
7312
4059
4584
3681
4578
14124
2028
16725
7385
6033
13731
6960
5013
11076
10834
5713
4467
5679
15753
5262
5774
6605
2939
4801
15901
7214
5701
2771
4171
2388
14517
7371
15896
12112
12834
9581
8288
4967
5716
13067
15562
14574
785
15484
12317
16309
10199
16428
15043
339
6007
2487
13855
11511
782
3075
11343
10638
1654
3716
11259
9088
10584
8406
2022
2571
4161
1644
3482
15701
11310
10370
4718
4189
3351
6148
11873
3845
1676
4229
2023
5419
3618
7571
15692
11083
14732
1041
7340
13160
3580
3274
2621
6957
1738
3465
4006
2931
7647
994
14100
1340
3291
14876
16553
16407
14308
5829
15917
1904
5626
4983
5694
670
6008
7922
3557
14475
6795
14598
11088
12181
5654
270
3399
9449
16446
14331
13014
14039
10800
755
12115
10770
6369
1861
11868
8199
1956
9489
13836
338
5787
1178
2928
812
6217
14499
10791
1535
59
8840
14993
7860
8404
1769
6985
6125
805
12774
7754
139
13146
4089
15289
16154
13532
3545
16124
977
7327
5572
8604
5560
12097
6796
14473
11947
2509
17001
4493
7765
3815
12026
1205
13167
15999
4589
16483
13153
6575
2992
2749
5299
7457
9057
260
238
5271
9511
3440
12353
1835
5382
4586
4779
9933
14669
407
1297
16068
9976
4256
3770
7172
12642
5188
16794
5341
10050
9029
5804
9891
16094
13230
15330
16598
4615
3442
12781
937
5335
4086
14583
8434
2062
16354
10807
16742
870
11607
10349
10243
3402
6931
7920
6100
11341
7095
7498
9961
4638
4382
2494
9593
10847
4945
15373
11334
4328
3451
13537
5133
8720
5769
11230
1262
10869
7626
2
13879
904
11693
7915
14225
13657
6085
4863
6389
2125
8384
9206
11113
14151
14190
7305
988
13550
9369
13602
7984
14356
12334
3721
9523
14352
5436
3137
9738
11248
2412
13929
9488
13528
6528
12287
9224
14907
3602
16983
3765
4716
2209
13366
451
560
2635
4272
16459
16382
8233
4304
5010
1674
12782
9174
1623
5520
13255
4663
12687
8716
16055
2972
470
11942
6811
10657
2923
4504
3804
949
11501
6902
11184
9907
3552
11785
10558
12213
13152
3600
3729
1872
16421
3051
16907
3214
7228
10387
16924
5923
3836
3255
6086
194
12118
14870
5598
4511
5645
5293
16033
9275
1665
1021
2306
706
1432
12674
7894
14647
5134
1814
10932
666
15230
16625
5354
12191
6760
2279
11402
1242
8375
10347
2805
13317
3361
8628
10018
12443
246
8606
4523
12098
1067
11592
10724
9546
5545
14685
3536
5325
918
12480
11284
16420
7263
683
2858
16087
10640
10455
6101
209
2230
5107
3397
3768
2060
7432
3809
11815
6594
15300
9496
12866
16288
11410
9268
5361
4410
12792
2824
3131
12459
7062
8430
4345
9071
10311
10305
4827
11358
3921
2315
4753
14303
12304
14676
16116
11078
5983
3975
815
512
6633
640
690
7616
673
9938
9148
11051
12950
920
13412
5177
14615
16881
11273
10776
7644
16810
8161
1526
2027
10517
5503
2325
3748
1032
10138
3863
2260
10053
397
14661
12205
1319
10564
11328
1474
7799
1741
16280
14453
3740
8157
7840
4889
11802
1969
825
6704
13594
16589
15426
14229
839
16141
16274
7176
2050
16450
3113
6327
14214
2521
15295
11438
11788
1606
9518
9733
11219
4981
333
5686
7322
681
7695
1834
5695
7587
4121
1337
16011
8050
2874
14220
8195
16293
4965
11513
6299
6866
15257
13007
979
6831
1070
14109
6358
13629
10561
448
15020
16849
15987
775
16348
12140
13519
1729
3470
9892
3395
10431
16090
10128
8870
12442
2472
6623
11990
5051
4938
2351
6222
9140
8456
5044
16460
15550
15147
15101
15082
9109
13964
2767
1357
15723
1196
15735
16639
12638
13924
12249
168
4449
8789
10209
13127
8032
2821
14498
5863
7804
8867
6341
12154
6945
4144
11458
2890
14634
2276
6262
14921
7877
4706
11881
11069
13600
10542
5784
1733
8881
8201
8571
13287
8578
5281
3583
4306
10614
9494
5037
7734
10366
1330
13936
11833
2879
14458
1037
12254
655
9942
7966
8219
12897
10328
9011
7884
7149
11714
2065
2895
15148
5499
266
11709
5802
8691
1138
153
2118
5062
15790
14835
6356
9230
12708
13812
3119
9305
4644
14997
12647
16164
1245
627
8015
2452
11447
10375
8959
5539
15865
1503
12851
7864
9044
11408
3520
6332
10661
1274
3621
14717
11515
14927
521
16047
15425
6234
2642
8543
8427
2589
9097
15574
15802
16819
8673
5743
5886
16959
13877
14705
8594
1060
11037
82
913
5385
8448
6702
3872
10486
16468
4017
3078
4619
13315
9935
14538
7848
8652
6381
9534
14203
5781
11594
4019
2320
4658
657
5130
14515
4185
6015
13620
14569
10733
10326
69
11233
12938
2628
6411
8968
16805
8334
4070
63
16431
1546
4859
5896
6150
9745
16697
6584
1866
15402
1459
2780
13961
905
9591
2762
8851
3730
9237
2850
7329
2998
13754
9492
4671
5891
13615
13469
6454
888
6517
9365
1105
8686
622
1157
13660
6893
9129
5773
2974
5268
4807
12648
16933
5820
10881
8062
5098
12655
13390
91
12616
2733
2096
1821
11877
4822
16307
178
9768
7210
8559
3782
14799
8783
4491
11369
16184
13838
547
11262
3340
1275
10647
8534
14155
16547
16610
1373
11009
8527
10624
14018
749
13820
3495
8250
5428
16466
14768
13776
1927
6516
10503
14765
6051
14859
3763
9121
5272
14416
6998
14787
11790
2530
15152
2376
6958
3995
10167
13975
12100
1221
5074
15757
11914
2627
11813
13933
16917
11307
15578
7023
6464
16004
16412
7777
3690
8112
14398
327
9246
9641
12650
5873
1378
2835
7467
8807
493
2878
14007
13019
6424
16830
6062
9957
15418
11104
16618
11772
14830
16837
12522
7033
10110
10264
10226
25
14605
7991
13172
5529
201
11512
8963
11473
14312
8801
14868
14566
3372
7261
5078
1472
6676
293
11356
10685
13529
9699
3560
13986
5216
16871
2395
7014
8237
794
9493
10105
1893
13756
9552
14353
5232
13503
2214
7715
12705
15438
5644
10121
13021
1824
2248
1389
1988
16259
3317
2488
347
1154
10662
13827
3717
10656
16556
2179
9236
834
8924
2292
10571
3468
519
14665
15266
4509
13906
5528
3202
1144
14383
1536
15034
14670
8107
11453
15253
1040
697
3042
1642
7955
3861
357
8844
4116
2403
12031
2070
11298
14234
13060
15681
3955
11289
4722
3831
3425
9075
11743
3242
13680
6649
4298
15628
14608
1030
12238
552
7591
13286
3991
3234
4452
2905
5399
9454
16276
1308
1439
3236
1244
14094
9843
10942
5807
7812
8843
5167
7416
3544
3281
528
2092
2344
2100
14573
8001
13710
8421
12850
12270
10212
12123
12127
10550
14509
1009
5308
15706
8397
14795
5331
15810
6479
2581
6183
9290
1013
13970
10615
6174
3699
2845
1617
2018
10530
5082
7640
12397
12942
16591
8369
10896
15057
8961
15616
16418
8600
9324
15486
6081
9772
15559
14488
5819
11040
3593
9130
152
13467
10747
15154
110
12184
12126
5241
4487
6441
1077
8197
11858
3870
504
2676
2637
7316
6722
9584
14118
2084
1749
13608
3176
10658
5207
4771
4305
16681
7209
8630
12514
14169
12754
12301
11130
15761
6794
8848
14486
16844
9114
3885
1406
10583
10182
15608
4163
7565
8159
7106
16756
2149
11223
15046
8770
2975
8793
4508
1189
12359
4813
16098
14341
10543
8424
2882
1628
5093
14133
15403
14727
182
4074
1759
7298
2342
2732
15282
1731
1747
15062
9800
5466
7446
16475
8354
12576
11520
13690
12737
892
13683
16825
11456
9038
13264
15592
10426
6508
14141
11939
15102
3512
16967
7246
8021
11817
2561
4330
15846
11951
3067
169
11835
13072
11335
8964
16582
6061
8875
1000
5864
11465
8942
2335
4092
5870
4756
10335
14971
12868
13224
4293
15022
9556
9932
16371
4175
5275
15176
16041
12967
1110
15582
2736
1851
6140
4993
9532
16001
15258
3674
15711
16778
12289
7543
13679
11131
8751
2880
16426
13003
15075
13946
11048
4135
15660
8726
10458
13969
11556
12171
9478
6863
7949
2153
14382
1444
14860
2339
7126
3471
12740
7733
1547
16241
15356
11955
6999
12330
2546
7573
14864
13761
5616
16642
10988
12006
8811
7704
13201
13985
3053
14720
15675
16049
126
10344
4423
9340
1912
271
4454
16734
5376
8160
6495
7933
12678
9670
4684
6168
12382
11793
3917
9331
16092
9848
145
3811
2855
9342
16137
15312
11417
3142
12320
13294
11079
12024
453
6870
13494
2555
3016
4786
15142
13694
2527
906
15776
14949
14513
14805
2960
4883
112
992
15261
4894
1878
3171
748
10716
6736
2891
8735
6271
1211
10340
15224
7692
7102
14981
14360
12973
6628
9754
9676
11302
778
1467
2744
11375
14430
432
11669
15543
8638
15054
11730
16016
2308
1559
5122
1331
4621
14996
10905
9568
4917
16965
7500
12438
4125
6054
8785
6499
16405
10409
8715
10404
1656
599
5678
13399
12136
11187
7811
1844
14122
15491
9455
10444
8742
10703
16196
6390
9803
3919
964
2587
1390
3755
15480
14861
2386
12839
5730
7993
13931
3139
8136
16212
10206
12535
1500
7017
17
12183
1991
12972
15690
11729
15419
140
4346
9505
2077
4319
13462
6324
4914
8313
3252
12167
7936
10960
8912
5861
1553
2059
11657
14650
15959
16552
9013
8532
3759
12927
14966
3973
4436
11175
14284
5960
11498
7379
5109
7801
3800
9549
4335
16876
6631
6513
7098
16439
9153
9711
2154
16194
608
783
10228
7683
15060
4247
13452
6106
12830
6887
7321
6269
12791
12767
15855
1591
10011
3433
6407
12278
15860
15887
5981
16599
14003
4311
9509
8172
8997
15805
2553
704
12376
3049
16413
1810
4614
173
11606
9463
4333
5878
8662
3474
12381
354
3217
7032
582
7650
8026
6611
16612
2416
16874
16973
651
2735
14630
10679
12769
3194
9804
5667
6717
11694
11619
7013
2184
13018
4191
16329
5059
13220
11528
15919
5482
253
14558
10810
6964
747
851
4558
15927
11333
8570
5739
8348
13171
12513
11263
10557
14774
9784
2568
4130
7930
14216
8705
15077
15052
16842
2560
6816
10
14695
15171
4361
9190
1902
6003
2922
11518
14170
3249
4286
8822
3321
677
92
8772
13883
14596
12666
16676
1199
6124
6573
7648
14992
5298
10831
2567
2953
4741
10413
15653
12988
14554
11970
2664
593
3625
5019
10734
7420
13627
16519
7783
218
6430
6138
10269
7786
5171
13471
4243
6159
1672
15246
16580
14624
135
13721
1385
513
11871
1437
5247
15002
16922
5461
2274
2893
10106
16361
743
16323
6052
16508
3772
13698
5289
11958
5118
8274
9788
3682
16886
10682
5344
13141
10338
6119
1044
1267
6845
9514
12613
8124
6595
52
1304
11751
14616
11823
1143
12147
7207
3554
13993
4101
4364
8030
11826
11975
6462
3375
9306
7280
15789
1121
3031
15017
859
9079
9040
3506
8862
13121
4411
8537
4300
10091
13593
1487
11656
10428
14871
10959
4962
13113
7428
3564
1723
3916
15508
3826
8514
2485
14723
8482
4322
8230
3037
2220
15049
9341
6350
3778
9116
10396
8820
10768
2739
6841
10279
11202
14584
9111
16493
7463
12414
6484
7863
4292
12873
5197
8688
11073
6197
6301
14379
7072
3216
15520
7082
14606
823
3526
7541
13898
10540
3647
7664
14246
8561
3169
13950
9597
4080
8669
620
13892
11651
17011
482
15066
8713
5328
11725
2161
1364
3733
16708
14820
9425
13758
8269
3299
11316
9392
7716
7363
7190
1619
8325
2141
7121
13298
2956
15791
3988
15281
7951
15836
321
12560
6083
10520
13239
5402
2906
6363
5890
15615
771
16806
6590
8356
11521
5332
1958
732
7233
11557
288
16593
10968
8022
5017
13039
12990
12787
1908
12371
2227
6011
16129
11030
3407
4138
6211
2696
7337
13407
461
16101
3365
4686
12731
3879
10914
1325
15278
8144
7296
8896
8550
14781
6872
4869
12643
9619
5141
9173
8994
856
8121
8275
1336
5568
16060
16921
16535
13544
4265
16127
9544
11420
862
13267
3950
1784
2759
4976
7905
4908
15833
16247
1182
2705
12796
10198
7720
10633
13983
553
14611
8484
10190
5270
5311
5493
6792
4437
8696
1917
709
8915
15621
15218
311
9466
15680
5871
7759
3502
3604
8286
13463
1751
11754
7105
14197
6526
10873
8437
15092
4188
16218
1350
10618
3601
16843
14390
1699
5041
10634
10345
10301
576
1449
8596
10449
2477
12138
15429
2042
502
9192
12667
3605
10933
10882
13162
665
10307
5620
8934
212
16718
3266
11879
14900
14741
9721
3894
13258
4651
16304
15596
863
14020
9395
11454
15424
11128
11798
4427
7809
15953
4526
10793
15028
16796
1266
1790
7584
6439
12750
14193
16682
11570
8617
4735
15814
5429
12748
9500
8479
12402
15157
12545
3761
4564
6608
16659
5617
5095
1571
1542
1376
15306
14601
16530
9988
15626
8096
12460
14778
7257
9302
8818
5916
16328
428
12476
15742
6282
6245
12744
9797
2073
1358
1430
15009
8423
10765
7829
9188
16947
1936
3376
9576
322
13159
6920
6615
7112
12771
15422
2831
16899
3462
16678
14571
9636
15238
14093
16150
16272
15216
5294
256
8577
14103
14686
15374
12071
9647
6757
16770
14684
3572
3745
9829
16149
1763
633
4626
13638
11584
3303
6869
7761
14940
10823
3766
6953
1505
12001
15755
16993
14853
6904
9277
14855
3086
8358
9654
8308
7568
8426
1646
8513
6876
935
7878
13430
14507
13814
7053
9313
15744
10342
13509
15273
4953
8382
3276
5178
11551
254
12456
6695
3986
14177
13107
4500
13914
1253
1129
6877
11294
13248
1239
854
13032
7473
8126
6778
3584
2832
12816
5507
1984
14680
3358
4118
11368
9480
8073
5258
16649
12354
1659
2404
1220
9751
3240
7276
16867
5954
402
12837
3923
5666
10037
3660
3022
74
9427
8718
2245
11028
16076
546
14869
14908
9343
7634
5076
5110
16632
355
9547
15440
4285
2024
10036
6662
5557
429
1333
5165
5592
8156
5929
7768
2840
13049
8190
1183
4027
10997
1498
3617
2559
6889
11775
15201
7612
8891
299
15845
5409
2290
9769
1658
12969
443
8640
5350
8278
10993
14957
1075
13611
5316
5559
9728
15117
4773
8474
14320
13384
8745
10414
3364
4441
2366
7440
9067
1264
7927
9837
16938
13538
10142
6157
5817
8838
15206
13280
2986
1273
7266
10934
16658
10977
12275
6
2272
8567
4871
972
6564
1648
5256
4273
6833
2427
14004
9046
3882
8321
14023
11735
16291
7925
2124
4503
13587
6330
4605
6137
11851
10102
6317
3484
6041
9338
11366
14772
16019
2120
3901
11403
8799
15287
688
10600
16522
4721
4380
10216
8035
13343
10892
14338
1961
15065
605
8852
8131
12481
6997
4236
5278
13111
12700
13310
11253
11314
16808
2041
542
12369
2534
3953
4239
13789
9887
10388
7326
4935
11004
16059
15251
15166
1056
5357
8063
15039
10012
16246
7961
895
6380
11934
1175
7478
16403
12939
6494
3429
1368
2585
9359
8674
544
14078
16777
2810
13226
6323
16609
7578
10648
16908
3453
11767
8171
13653
4791
9613
9903
1508
16863
166
14195
6065
2020
2647
9715
7960
11510
6258
15614
15353
11721
1894
6771
12350
1026
809
11460
16089
5849
16441
12746
7438
4023
10362
3247
1311
11801
10743
5845
15882
9328
3243
13861
16661
5413
9734
11747
3743
4628
11457
7230
14979
15979
12283
11371
11278
14362
8281
11678
16050
7755
1
3853
14733
16084
7770
16878
5649
11758
16262
5961
16095
2503
12871
6599
11283
693
3589
15136
13846
548
10989
12274
2117
13353
7003
7058
1719
10377
14757
12310
16955
219
1943
6056
4338
13977
4579
3059
15360
11593
14132
9783
15178
10963
7670
7658
3228
1945
3412
1735
11806
3957
1065
8046
8119
13720
2598
4723
10966
16943
8338
15118
7605
12372
16728
14945
1195
16617
8909
5656
13290
5143
12861
1381
13696
10319
9035
3591
7653
8951
1607
13818
9950
11564
16813
12723
7426
16205
14340
6402
4482
13015
8333
3071
6428
2764
3208
6892
77
12445
9356
13210
13760
13508
1231
5026
7740
14952
13668
7020
15334
15274
6223
13046
12898
6281
8883
10460
754
5323
263
13217
13899
9557
16774
10356
2054
642
1960
7252
8173
8038
14326
5536
7309
6567
8208
10630
479
5868
11110
6684
46
16133
3742
530
13666
16514
11603
2550
12234
3575
5993
9873
8749
3487
11313
7262
15809
9027
5764
4434
5260
2473
2984
12030
16520
8518
6010
15044
6199
15114
10253
455
2465
15351
14090
11590
8360
14074
13665
13794
7155
9908
10300
9226
12012
2099
12405
16389
16135
1765
4347
3009
12921
3045
16821
6276
3275
3091
6766
4802
12902
13322
14241
13770
15296
15594
1146
2392
2977
7953
9723
16694
9051
4408
15936
16953
13125
1265
12826
7977
332
6179
9840
10411
11679
776
7508
7607
9269
15650
6386
14955
11932
3012
9066
525
16743
9446
864
8642
12356
16117
3044
15056
11956
5953
12172
3676
4522
12561
12246
9498
4957
12540
9923
14140
12451
1670
11582
13994
12408
5250
1479
15612
6224
5588
6092
13313
10288
5432
2594
2233
6881
13730
13016
14114
4617
16709
10784
10476
3503
11025
14185
14843
11634
10992
11475
6979
6635
15141
16079
15220
13393
7165
11396
8000
16112
14913
3638
9180
15215
11101
13967
4159
5867
3485
4325
10646
8702
4103
2303
3230
9374
6268
7994
10124
925
1701
10980
2672
3958
16818
13777
16432
302
7117
3494
16913
510
1627
11718
3573
2938
1788
330
3460
9667
2449
44
4797
14311
60
7447
14161
11641
4461
6541
14324
2757
13990
8158
14563
509
9893
2654
3688
4071
7938
5291
8292
12253
2769
6082
15595
1167
15415
9998
5935
8643
4603
5255
8094
7281
10055
8380
8319
1198
10030
7522
1996
4470
11053
16447
11738
7952
1678
8258
2844
9538
15610
10943
9368
11247
4047
14348
1212
8876
15607
7910
15394
8204
105
11525
13052
8885
11222
5319
12663
9068
15316
15555
9093
2053
10871
12116
13735
3849
3509
15986
3099
12091
9337
12617
9909
2251
5020
13365
8917
3567
3448
15124
1435
3942
13157
2910
4476
4665
7714
1580
7097
896
11161
11977
4565
10720
15732
2901
15227
15557
16017
12025
9732
10270
8897
1594
11178
9273
8509
5213
3033
10830
6968
7646
5927
16056
13048
9036
6711
10908
6905
11100
15838
6308
6476
13433
9968
268
11436
7937
12743
8834
6447
14218
11691
6819
10906
8175
6758
996
2756
5476
29
12980
3473
16883
4507
15200
16693
9805
14823
5630
2894
654
2136
10528
6764
2081
1975
5839
14119
15775
1993
8624
10919
13708
1463
15546
634
1226
7474
7285
12765
2047
7728
4499
9181
4919
6874
7669
9166
12146
232
15714
7275
4395
15843
16363
471
174
11852
16451
4900
15378
6728
2532
15893
2655
316
1828
3132
10507
9399
2457
13677
2242
8393
8804
9179
12833
13359
15319
13549
13163
7324
4870
1998
12218
1565
16018
5329
7627
12954
3231
9017
3632
5932
10767
14663
16872
6035
15380
15630
3155
7567
16230
10463
9142
15007
11419
10434
10596
12447
14713
4785
15396
13980
9607
8995
4087
7744
1925
10895
3062
11555
16826
1051
16229
3061
15024
1489
7898
8768
15376
12285
1873
11770
2968
6962
1618
8913
9888
4512
10547
1756
5163
7476
165
4307
1964
15547
14029
3687
5950
6939
10441
14973
8632
3310
15406
8991
4906
2978
550
3985
10758
14228
9032
454
3534
7128
10708
12886
11224
5674
580
12255
5814
1556
2215
11134
16419
5603
5987
7383
15780
16722
3063
3797
16875
2265
11318
4891
2593
11405
16189
13982
10273
12345
16513
9030
7586
3523
13614
8719
13445
16602
303
15655
10298
7701
14446
2725
7078
16217
12383
12228
16690
14309
10189
10852
16157
12468
14735
6465
3304
3514
3905
15642
5883
6678
15835
10196
11940
10393
14237
4497
13246
16423
8755
13061
16182
9639
12379
16586
12916
14107
11441
1280
9863
13332
158
5282
8103
2913
10821
10461
10699
2766
3525
15783
15754
10024
1379
6950
10438
7891
2455
3603
9281
16782
886
12684
4259
7776
15803
15264
4901
3507
11218
269
16139
14089
10054
4069
3760
8641
612
16303
953
9960
1085
379
6156
4416
13352
2368
14910
5386
5464
4759
4277
4139
11162
