7832
8899
7295
10516
1593
16344
9852
12279
15032
5990
13534
3609
4633
8966
16234
3731
4208
14943
6849
142
5055
15924
6275
9708
758
5778
16764
6122
12909
341
15880
8719
7028
2301
10558
15140
750
15144
3229
11945
14876
11416
10329
5664
3624
3130
3823
15444
225
16394
6930
16962
4533
4797
5537
16132
11298
6501
7098
6114
12664
6398
11606
15858
14102
7106
846
5520
6418
2365
8896
14947
3922
15332
3195
102
2686
2824
15488
8932
12611
3182
4817
15062
6989
10800
5347
4058
11157
13946
2355
6521
6496
16020
7861
13393
4006
12656
7606
1529
3637
12903
4860
4919
3498
7501
13158
822
16198
2026
141
3567
8016
1092
6794
1910
1864
3911
7854
5329
4101
12359
26
6861
6016
16287
15348
10355
1131
10442
2294
9289
9272
13615
12652
14366
16809
13943
14885
13736
10926
8322
8973
9554
11797
7212
8047
16872
7219
15656
10254
7406
6732
15207
14942
8546
8015
1355
4576
15097
7757
8192
9214
8017
13355
12615
15215
7837
11817
1095
10093
5553
8042
13806
9309
2879
14708
11043
13489
3043
9667
11803
4112
15810
15781
8783
9986
14894
2851
13650
6217
2178
12061
16796
10488
3610
15046
7939
13673
13942
9141
1368
9525
9407
14453
9748
3298
4793
9436
4007
14477
1192
8060
700
5032
4626
3765
7154
15464
250
2563
860
7495
9224
2576
8643
997
13712
15670
4491
13954
10405
11098
3415
1112
15075
15274
2966
2897
7881
7156
4316
4662
7838
11355
6651
6562
3978
7887
14669
5464
15203
1737
13433
5581
10836
16948
6148
12731
1859
14291
11819
9489
15103
4785
11706
1719
15205
7072
8389
13646
5704
2363
39
7436
3232
4153
3848
13321
5596
8746
11414
12233
3996
13434
8089
9956
1631
3022
10575
11796
6005
9616
11037
1136
3606
13259
12388
1083
11456
12869
8635
1267
3112
14605
14054
8909
11053
1922
2911
12563
9707
6615
4314
12935
287
10244
1118
10825
9953
9351
7840
9825
12441
8810
8234
5578
11800
16101
16246
12594
7222
11410
15316
1971
12662
14977
16262
12665
15485
9285
4955
14438
13136
944
4248
2433
12792
6068
12474
5358
13919
8925
2863
4193
1684
6817
6568
2181
11402
9568
12310
3540
2340
12103
6052
13538
8117
15085
11601
13643
897
399
9035
5148
15366
1605
16753
9376
2996
5519
5450
8059
2760
1755
6199
11625
12807
5663
15155
707
8280
10862
15583
14121
6160
10638
7678
10112
650
11978
11338
7636
8476
17021
11048
1407
12321
14094
7535
4680
9349
11011
12955
10029
1805
7454
6171
14010
858
13184
5181
10157
14157
8975
928
12139
14019
13953
15265
12747
12017
2853
5109
57
8164
9369
4654
11243
16304
13517
14637
4770
12950
5856
13696
9971
3884
10158
16777
16900
47
15007
10750
1663
4424
10607
9483
11784
8520
8800
13748
5952
1409
10729
12055
12553
10110
2426
9032
6099
15695
6650
1229
4642
3898
9982
12451
5653
4708
9856
14153
4889
12142
8459
3353
16307
12459
1268
1130
10051
13772
3044
2917
725
15646
13301
2326
16779
5738
2675
12115
1278
9306
1141
15486
1464
12739
6529
1738
7807
4026
14373
7139
2219
6895
16267
6012
10996
7728
3003
798
7718
7650
7555
14580
10492
5566
8079
1572
14665
5855
153
15892
3302
10386
13102
3638
1448
1863
14743
11413
7505
13962
10913
13882
3916
3704
16768
1852
2735
10101
12247
1554
10964
13873
16683
7638
12744
3739
14557
11915
8827
11127
4479
1454
6658
14247
8676
6059
7005
7411
55
11228
2013
13483
7979
4696
1008
3371
2656
15473
12444
16075
14898
7490
16532
3071
10712
3552
3757
8619
14362
3857
4056
10272
8661
1716
1565
5433
6161
6254
12761
2414
1798
13559
467
6602
7521
10592
16560
352
10950
583
15725
547
13268
11725
10616
9459
14446
5611
11674
14370
7833
15565
1154
8392
14083
7337
10726
5395
4446
2672
2500
4519
10907
8430
12116
7809
10154
6623
14419
4888
3702
16081
1699
936
6470
9659
9821
9066
3766
118
14044
9619
16280
10155
9942
9784
4933
9908
8013
5658
3802
6243
16648
821
609
5313
4781
14341
11245
11492
3907
15369
6272
12605
11746
12420
2364
5147
8377
4752
12316
14381
2467
6026
15153
2463
6517
10034
13950
12121
15149
926
9704
2802
6051
7137
14192
12489
9569
6216
5414
124
1307
15129
6274
2862
3588
12535
12716
5954
8971
7588
12690
10720
630
11738
8194
5225
13898
6507
3276
13123
13258
3745
3593
14427
5826
17
1998
11999
8744
8497
886
7420
12232
2252
2040
12630
2325
1414
6113
13296
14945
9582
16689
12646
12034
7090
8874
9551
12791
6924
10734
4379
1072
10724
5411
2852
1921
4872
14374
3489
8371
3388
11855
5
16722
10381
6346
12515
7532
14994
14234
969
12293
13074
7529
16665
11476
12225
638
13252
9552
1644
7193
8710
1542
13617
8767
15533
15992
2305
13933
10722
7779
4054
3969
10665
14960
4494
16727
4128
5565
11900
16573
1003
2783
5294
7378
9511
10764
8501
11901
11475
8664
8610
8109
5841
5048
11471
5326
11736
10119
11000
4610
4111
8285
3555
9378
10020
1919
13284
13108
13698
11031
11998
10892
13496
11339
10711
10843
16447
5091
15011
15813
1818
1802
11003
8040
9493
6759
12551
10777
16279
9542
7338
3749
2538
10883
14132
56
9460
1843
1193
13089
4274
8526
7995
16587
8524
12060
5248
7605
15182
13330
1846
1116
3597
5924
9413
8785
5934
8214
3528
16242
3632
16347
1233
1788
13019
16838
1292
7721
12852
2090
12
8183
7999
5307
13324
8429
5899
14379
16690
8460
16542
5172
6228
13840
16349
10144
9674
10949
8310
16787
239
10540
16467
12896
1659
8760
3654
2633
2741
7801
9251
4377
516
8445
668
6624
10245
16669
14300
1127
1339
13671
5574
2900
538
7467
12683
10583
15445
15582
13520
12639
2395
12661
9387
14581
16949
9848
7864
7730
1939
10844
12088
12604
13908
5259
10953
7347
11799
12794
7649
9169
1466
9887
9621
1518
9749
14389
6373
7163
11256
5504
11484
2714
10614
8007
5817
643
4993
2447
6185
13119
1842
4524
6251
13546
3263
4024
14048
581
12082
9115
277
11318
7274
10549
6750
4725
1943
6866
7264
14563
13956
12632
1389
5330
3397
10994
14571
10636
3074
5214
1751
10615
7560
16714
587
635
16343
16591
16117
10826
3318
3165
429
15273
16745
3596
3029
7302
3252
10622
14817
322
3151
9951
6384
14844
10148
12675
867
13968
5438
12401
2929
12366
2278
1947
8494
6178
12007
14597
10779
8077
6596
11292
13832
511
7480
8343
14107
10161
2492
11104
9054
16773
9217
14846
9836
5787
7405
10586
620
11333
14498
14072
11117
16220
11259
6744
16001
6982
2998
6951
4890
4489
782
8407
7567
1657
2669
10921
551
14461
8133
13146
6225
6789
9422
13417
6607
4134
5272
15318
13900
2115
3634
5681
12537
959
5564
14572
293
10527
4257
16638
14353
10229
9382
4580
12395
3979
12502
14933
16580
2191
9685
266
2472
1617
16823
5117
15056
16269
11215
5487
13620
3844
2975
8835
1893
16826
2549
4959
11415
7155
7627
4094
16396
11931
8488
5538
9128
9485
16359
9626
12308
11010
2376
5714
9520
11091
6465
221
2412
14284
3799
15373
16463
8522
1741
16623
6258
10626
12162
10482
6936
15718
870
15708
6928
16867
13018
13634
9223
9949
4535
13046
15936
16830
4909
12370
9579
4835
13313
5013
16676
4504
11165
9129
16191
13028
1620
9937
5542
13699
1958
8789
5937
15503
4564
15743
13316
8678
14687
16477
7826
15711
5058
10723
816
15564
2905
13458
15541
7231
8742
13996
5702
16765
11433
4754
3420
584
12200
4984
9895
6490
5076
13073
13596
4676
16929
15624
15524
175
11056
2328
11849
4485
13892
1903
2203
8778
14771
6292
16426
13711
2553
12050
9467
12442
10396
11906
15688
9173
15218
8095
5264
7468
15969
9492
16064
2164
15941
10855
13981
3941
524
12052
12057
14017
11177
9375
3416
934
2399
16698
16244
4975
13437
58
5696
1641
12244
15999
9409
10611
15474
16423
10633
15074
2916
15387
16439
2450
12298
11103
12242
10293
16474
13970
8627
826
14336
5546
8964
12759
10914
6344
14701
9013
15828
7922
14101
3871
3391
14763
12629
16694
4183
11652
7924
6437
5025
5311
4881
4285
14413
1914
9466
157
5539
13162
11299
14533
4264
16651
13154
7324
12058
214
8436
11724
16180
13051
5280
4996
14415
14594
8978
15108
5823
13455
3305
4440
3822
3866
11734
12813
6082
14145
12394
2054
9388
14662
3946
14164
7142
3893
11160
10048
7705
13052
2466
16748
8667
1889
5528
13843
9859
6885
14167
24
5875
10695
4948
14206
5418
14971
11809
6109
13115
11236
7366
3140
8857
6035
4037
5403
8383
11126
12206
6206
2358
4475
2769
6589
5670
2979
4938
5190
3545
8005
5085
10813
2868
2524
6467
3169
12681
3114
3648
11645
13230
10218
1849
11973
3064
2271
5244
12861
12559
2297
8532
15009
2195
8879
10650
12764
15242
10252
16718
12433
2435
3723
16007
7942
6290
6565
11055
4651
6298
13265
14769
8716
639
16935
3629
6163
10927
8354
8108
22
11747
2606
15866
15778
5067
7002
4685
8163
14440
3909
14905
6933
13214
5903
15643
5363
7062
10033
2791
6822
2603
1691
5206
4292
5800
10874
11450
5159
2886
15132
7598
1400
964
16771
13746
7016
5680
3714
16688
2132
6263
10945
50
7381
9899
9043
17008
3237
1603
899
16812
3162
2932
6755
16066
15731
211
14984
2522
1381
5265
8395
1704
11684
106
15220
11185
10814
1148
14975
14814
469
6660
6787
6318
2385
4425
16166
11477
14306
9294
12280
5673
11593
6714
9807
13616
4587
15294
15508
14781
10212
7932
1918
5966
8622
1678
4032
15681
121
5586
13549
4142
8432
11367
10426
16406
15505
12968
1654
384
7297
11920
14899
2870
16988
2921
2045
1580
9830
11896
3679
5493
7997
15841
13603
15167
14976
13152
16158
15030
2899
10131
16292
2530
11673
6305
10344
9490
10320
12275
10687
9593
11515
14189
6571
10437
11965
7323
1483
9488
16530
4738
3360
16404
16873
3881
7583
7489
9714
11420
11753
9538
10498
2540
6372
13796
12691
6476
11303
9968
2019
9449
13198
15896
7714
2727
15251
2390
12846
16233
642
5484
6195
3875
16509
14243
292
9774
9832
5536
59
9341
3694
115
12095
672
10849
6879
850
5008
1090
1766
5335
15916
2751
6553
232
2262
14060
10473
8914
5057
11274
7099
14707
12684
3115
9014
2114
11990
7766
9420
7955
4138
10868
3563
13093
3568
14334
1545
791
2601
9605
1458
16030
2436
114
9063
12435
3803
15025
16258
12022
3178
12878
12243
6316
15981
13961
1453
10759
16374
4325
2175
9604
4940
8150
13505
10888
3532
3487
16469
13112
13192
4681
16956
10201
11240
10707
2267
2374
3039
1482
2217
14870
9263
3236
3550
8170
2629
3939
16724
3138
6859
10106
5425
13547
14170
11002
14492
605
12454
14490
408
4920
5768
8397
8883
11255
16321
7300
7619
7032
16938
3163
14785
13563
15680
10882
15563
7192
501
1132
6198
3141
11997
6661
16424
1238
11378
11823
2617
13448
15195
677
710
4775
13516
1306
6456
7042
8921
5107
8616
16961
9590
951
7725
8515
7054
6717
15229
9357
1833
12724
15845
4184
4010
4969
11445
14974
6060
14018
6967
5071
7946
52
8702
4272
14802
9398
9922
15787
7992
7068
11851
15442
6918
3002
12770
6837
10140
5728
5956
543
9697
4311
1676
3885
5298
2894
11648
11619
14365
5594
14190
7409
6858
13551
10884
13688
10292
4167
8106
15422
876
4250
9288
4510
14309
14878
16653
5143
1429
10146
1085
10901
5039
10077
7651
7543
12149
6754
8305
615
14906
8417
4365
16084
7852
11086
15384
1224
2887
8152
301
6952
3261
5157
1333
10124
15997
6609
11481
9522
2725
5500
7476
15235
6313
13079
275
12178
13399
16992
7684
12517
16161
6420
4567
16554
11158
13376
7320
3249
5642
13058
9233
3841
3951
14242
13508
10517
3559
6543
3401
6560
3639
6145
1621
12425
4749
5263
4807
11273
5647
9633
6721
3584
3166
16207
2869
5532
7873
4606
1537
15355
15138
15846
7504
7941
10053
14690
1727
14931
6374
7548
2754
2225
9333
12858
7357
12234
8261
14633
13176
12333
16090
8833
9120
13317
9926
2846
774
10054
11076
13091
11783
11952
10005
1438
8472
12872
10937
16035
787
15730
1372
66
4731
11731
4671
1923
4751
9081
831
13117
16185
5174
2777
5783
976
8805
16791
3804
1628
14959
9089
603
9034
16466
12438
1635
10495
6653
9104
12651
6604
5106
12989
8959
4846
8161
14333
8563
14950
2360
8126
16664
13291
4064
9896
2064
4635
1531
15364
8717
7580
8357
10240
15642
5205
15749
8138
11188
14872
13654
5725
8290
16271
13410
10939
14290
14812
15640
13463
9620
3037
5547
2763
11742
13886
910
5318
7742
14921
13837
2956
3339
270
394
6584
14371
15404
2810
16824
13474
12468
13513
10050
12363
10072
2130
8595
2073
3072
7696
8495
11312
5212
13343
11238
15493
12134
9670
5064
11353
8323
2844
11821
14540
1944
9820
7524
125
1892
13353
13382
15199
15937
13790
7171
12778
9368
1058
521
6446
13131
7715
16869
2943
1474
7370
6901
15299
8211
4810
6388
7994
16767
16980
16263
13691
8292
16760
326
9516
15679
11381
13887
2785
10216
9866
863
9539
7849
11842
9442
905
1104
351
5515
12173
11661
9929
15809
13966
13443
15102
4005
7581
1690
2651
732
10387
13751
11680
1673
13168
12059
2595
6796
10587
1972
11635
4898
1063
679
14773
8139
8478
5051
15738
5412
14084
303
13916
14266
7656
14124
5482
9190
3572
7912
16058
7288
4414
12826
3217
7060
8356
2477
12274
8648
6778
7326
1290
3816
1509
11332
10332
7740
1383
11359
13742
1004
14024
1356
10412
2704
14202
3798
813
12077
10327
14695
2970
9142
11386
9736
11936
1337
3089
15991
10064
14534
16392
12988
1455
5252
2380
2822
6827
11790
1069
6441
12964
14317
2663
10612
12947
6383
3167
16528
1653
7215
1955
7277
1522
8116
9145
53
1915
9153
1486
2172
11852
5965
1748
3270
10865
9358
6577
11763
6334
2950
2417
12231
13697
1418
4131
2850
10989
4061
4816
15700
2539
1695
10506
811
12010
13008
8492
1287
13049
9371
16333
2160
13633
6350
10999
13854
6047
9763
4197
4601
13110
6987
6715
1917
5999
16478
2836
16728
12389
690
7822
13795
2548
11405
7631
16655
5208
98
3445
5559
1708
13328
10362
16203
1669
1142
6197
16841
11448
5413
9690
8496
11605
1730
2314
15817
12255
2919
4472
7870
16109
16034
2964
7382
7931
15518
6270
14397
13199
2494
8195
13002
9024
6464
12590
14825
9208
7086
12809
4400
711
10941
5765
5888
10981
229
11062
16361
13044
12839
11554
8642
14007
6504
15208
6136
14414
8366
16597
2572
11780
2690
1977
5590
11087
9939
89
11300
16697
4397
6282
4019
13925
3930
3809
8994
9728
27
3307
13769
15388
9897
2222
9098
7799
16620
9720
3942
16890
14880
11491
9765
11248
8454
1959
16706
3156
15532
8779
11189
14889
15752
10012
5155
13121
15150
7800
9226
5121
7260
1366
10247
4756
7974
15455
3960
3058
10851
1329
15740
6013
812
16437
7816
15795
14799
11675
3437
16924
474
4020
11208
9944
8243
6522
10561
16955
1256
14948
15462
1395
1745
10450
382
15047
412
9444
5973
14531
5467
6030
1412
463
10748
13567
12916
1206
5597
16986
5037
5460
5141
9431
13670
10552
4050
15623
12918
12368
7000
11743
11859
12824
5370
10078
8684
3281
5712
9586
12483
1140
16682
15593
2771
5660
4453
13237
145
2764
4637
2558
15701
16712
937
459
4182
2596
7221
9087
6257
7492
11241
1555
13552
15722
6022
8756
12020
1845
16486
16802
3099
4716
7898
10602
6117
10823
3938
3336
11604
13871
11001
93
15611
16814
2734
2375
3218
10256
4520
13905
5845
5029
9790
14099
4584
3143
16793
406
4013
4410
7112
11737
6262
4522
13995
2892
16649
11516
9920
7049
3231
5891
14879
622
7960
10179
6825
2432
6352
13000
14920
15954
16236
11534
10539
12592
4233
8131
13821
7769
5271
2084
6771
2745
12371
10170
13109
4087
15191
2542
11511
5880
16387
13169
2600
4359
8609
13931
1494
13097
395
7896
1484
6442
16916
12364
11596
11873
7275
16036
16619
4232
1562
259
13827
3421
4
9239
9160
9364
5654
1756
8067
3998
12844
14142
2881
9863
12616
14213
16535
1976
776
14156
14314
4262
7600
9875
10398
14131
2334
771
280
11197
2860
16481
11828
15591
2839
4647
982
8191
11869
3186
15362
854
16578
15757
14494
12487
15917
11603
8288
2078
722
10653
12174
4929
5331
16721
7438
15931
3772
6106
10120
1062
3230
12488
10207
954
2997
14655
4113
11995
9228
5897
10441
7708
1025
3923
7233
7645
9995
15649
3793
6566
1176
16865
7617
13890
5348
8169
5589
14587
3441
5687
9317
2876
13544
5423
1017
137
13920
14248
11388
8251
8811
652
9486
11962
11287
1850
7741
7814
8448
13623
9278
11232
1997
15414
2953
4868
14891
3995
11954
12196
5648
13979
10380
8795
11351
1950
1828
9712
5749
14806
10454
16849
13381
9506
6342
14793
313
2984
8516
14294
10597
6954
10789
7586
2620
16928
10455
2588
12941
14169
15873
14229
6120
432
14343
1170
5941
12222
927
7733
11482
7349
3795
13297
16740
2134
6749
7797
12241
11656
3970
8755
13935
11989
7940
13645
1525
2007
9881
4548
6728
2118
14653
10910
14026
9107
2190
3234
215
6484
3481
15964
7641
5410
10832
5336
674
99
1992
14749
3069
5599
8338
13522
5798
12165
7827
3854
11804
16087
8302
10082
4119
217
6865
15478
3635
14149
15570
16363
16411
4229
13525
11919
16348
248
10321
2697
11254
8374
13757
13965
6343
9192
1926
11862
1637
9261
5894
10114
15850
15270
10628
4556
2940
1858
1106
6
6414
2393
16021
16397
16969
4126
16380
608
9911
8303
2182
16173
2490
5291
15897
9634
13250
7729
14519
14459
11446
5831
7642
12832
11829
7174
10278
16981
13704
7258
6756
8775
9065
5278
7169
2425
16290
10605
6586
534
12465
4226
10373
5925
12682
13056
9691
438
9798
9536
3406
6753
14861
13059
14818
10680
13416
13064
7238
11571
10528
17013
15664
626
11050
8654
7558
4822
13877
12090
14049
11751
8023
7891
3952
16077
9220
5010
14576
13599
6550
15561
3122
14691
5662
4561
10080
4051
5982
15949
269
13096
13163
12213
3097
13459
8735
6041
396
11985
14855
1879
8312
15716
9767
11041
1608
2457
2993
11663
6017
13718
13326
8748
4495
734
12780
9274
10971
2531
13340
7776
13967
486
5530
15729
1701
11166
10623
5470
8639
1280
14210
4863
2874
16995
12608
3839
15946
16154
14996
15628
15554
15534
14172
1734
8048
16672
14952
9314
13653
7319
1467
10487
1598
16677
15687
2344
5286
5720
9491
14275
14499
10407
9810
3919
315
16134
12386
5969
830
11782
12915
14659
11617
12495
2511
13032
7871
11134
8142
3869
7021
8006
8041
11749
6523
2814
7977
11005
2888
13749
11036
6898
13307
11728
3275
10109
3066
11146
4204
14955
6149
15519
12825
1147
3079
10563
10345
3057
2955
17016
15802
16278
3790
2501
1935
11894
15720
16547
1640
5828
3332
9905
5543
11346
2151
9084
12411
14217
9181
7561
12586
10175
1283
3277
442
7511
8439
3879
12143
7787
13782
14053
13576
10508
1875
2464
5435
5919
3118
7039
14709
2103
3643
5832
14718
13261
8313
7578
5709
7791
17004
1868
12743
563
9567
8741
1502
4124
6575
3109
10513
7213
8603
10260
9974
4263
11560
5860
12114
999
3796
388
16581
13591
1576
15779
6438
8037
10555
5988
350
4251
12107
6269
4488
5908
15938
15919
455
12466
13789
14824
8927
4035
15592
14909
13006
10025
598
14449
16642
1973
9654
15899
9177
930
15555
12513
16400
12230
8461
9688
327
1214
4983
4832
15735
6984
67
156
13934
10409
14727
8689
9507
12404
2347
3486
9362
16858
2980
6239
8441
12253
4141
11174
9800
14582
3526
8182
14639
4098
7350
4068
2934
13781
11664
14624
15634
3160
13585
14352
9629
9936
7044
8475
2797
998
13958
16604
2022
14595
11885
11922
4664
15933
1203
12768
10019
12334
5569
2292
14764
2331
13304
14015
7947
4467
8645
1773
12823
5009
5858
9632
3372
13373
11441
9683
4827
4357
464
2070
15468
7421
2875
6910
13287
986
7804
10975
1646
2250
11034
15173
2526
3808
2409
2046
15044
4076
12880
13170
9880
1586
13101
16533
8730
838
14285
14684
3161
16989
2242
14626
16178
10037
14196
10634
3769
7018
16761
2171
1823
647
5124
11362
15833
2627
4668
4335
2544
16725
14813
11542
3491
1613
5592
4650
2197
1173
11847
9950
6516
15767
10880
4376
13613
9812
82
5381
37
11528
10300
13363
7518
566
16976
11621
15851
12666
7038
16106
8651
13783
6435
15723
6205
3324
4613
14472
8738
1553
258
9918
14045
8569
16245
15750
13681
2060
197
5104
6564
12239
9402
11417
11789
7722
8030
10974
14165
12856
13478
10279
9102
2740
6535
12603
10982
12703
6760
9275
11707
16833
11574
5277
10239
15805
15621
8223
5821
7020
10821
5257
6768
7689
13876
4965
3272
409
909
1611
8056
3730
2131
6391
4009
7051
11624
2811
3553
8504
7786
6110
9097
16738
13903
3330
16519
8956
12659
8957
16049
15222
6681
6462
4313
7618
16181
4879
11703
2671
14287
645
13655
15101
16917
1618
10731
7227
4563
13481
1236
10878
16050
16534
13914
15327
14863
10367
5889
2767
11020
13651
14141
17002
4622
7698
3464
9955
10824
15233
11430
1138
2519
9031
11904
16386
8124
2424
13286
15907
16536
3535
15848
1675
15253
13702
15415
7228
8390
8832
13071
15446
7473
4594
2272
13998
15960
13672
16680
13844
7734
1772
2838
621
2677
4474
14176
2550
3144
7083
8347
7771
383
3921
15935
10560
5376
15234
5026
4541
12776
12859
6362
14450
7806
11085
6132
7374
10471
12324
3515
12574
9114
15655
10403
122
1247
9858
13527
12315
5042
5405
6704
4432
6614
11424
4636
6230
5517
1078
9391
8115
4684
5401
582
14470
2157
14558
16561
1433
3502
4568
1274
10639
4498
9101
2318
970
4703
7980
3974
14130
4177
1259
6233
16331
1014
10325
11204
935
8907
3235
797
9842
167
17023
13473
8370
12369
308
1473
16294
12445
16018
9396
16645
2204
9931
10137
10947
7445
16390
441
13320
1491
703
13963
15291
16059
7469
3883
7515
13138
7566
1797
6962
14675
5126
3849
14873
7683
7744
3991
14642
5406
6531
8999
2218
15431
13778
4476
4362
12973
9144
11064
11434
1030
1305
5154
994
1299
4466
2534
13246
8804
10304
14267
12446
9050
3260
6221
1408
14390
10948
11814
14904
2520
8332
2309
2300
9198
14350
3673
14421
2367
10522
3566
7285
1573
16462
10962
6965
12765
11686
6597
12700
15874
2622
16228
678
11466
586
8552
12584
5100
9096
15549
4632
2699
11072
5261
9600
12262
155
13784
13372
16646
2680
13191
1139
136
15304
6063
10755
2106
11969
15789
2891
11133
10392
15660
6246
2941
16982
10692
2750
11163
2270
10554
4480
1064
62
5284
11285
5862
9225
13067
556
10979
16835
13765
1422
5867
11375
13893
13208
917
3729
12345
2052
10576
13465
15133
9137
6847
834
7465
16910
7587
6487
9425
880
14848
8620
16323
12828
6322
9675
5509
9796
9015
12568
491
6820
4299
1026
14736
16045
4628
9732
6104
13334
13579
16968
16785
4012
443
4139
3863
480
15821
465
8218
14917
11535
10548
10289
14570
10411
1250
5163
3145
13947
1567
16342
11247
10848
13342
13029
2608
15909
10505
6260
3711
11469
8770
5873
11928
13608
14404
15158
6140
1517
8177
7148
9792
11933
1241
3257
4402
13663
12041
13722
11550
13358
9037
7550
13179
3042
7736
2321
4739
2257
7111
14231
4806
10787
9265
10319
9437
9395
14968
9193
5852
6422
15618
6224
2421
5136
5028
11025
6598
13872
1696
11258
15918
9286
14463
15036
4123
2246
4487
10584
15171
15636
5030
767
13435
14949
6497
13755
8435
16352
7654
7841
2730
10299
13352
2258
5050
5730
9253
13209
129
10693
14703
11898
14367
16609
4214
14232
8193
10410
13839
1817
10227
6401
4602
6045
14801
8174
10663
14298
9150
4100
15397
11128
12960
10754
11145
1043
11377
6811
2438
10236
9529
8291
11699
6211
9061
2537
3001
7081
8260
1460
1413
699
11123
5951
7321
10208
3988
1204
14332
5394
6125
6323
334
5268
15622
3365
9617
548
15557
12579
4603
11131
14967
6071
4104
9052
6479
1061
2654
8317
6242
9345
7124
10774
130
11529
16633
12097
1706
6547
14079
1055
9117
4277
12701
2981
9546
1121
10480
11396
14103
8506
3442
8740
10683
5627
15104
1197
5561
2959
14753
1013
1158
1172
11047
15115
15451
5219
11453
16945
1965
14302
12323
4057
839
15469
8239
2491
3375
10150
8791
14091
10223
1235
10688
11917
11079
16862
4945
12443
16259
4513
13392
5197
16086
6452
7184
3503
6483
6735
4417
10107
1149
5498
7584
15746
7279
6192
8349
9299
4962
1820
6105
11397
5471
4323
14630
864
14831
2442
9769
16713
5980
7965
15359
6321
16429
11934
10593
5084
6261
15693
2333
7773
14071
4911
10282
16446
171
12612
2518
1082
634
15620
16699
8320
10788
5942
12198
9660
16631
13510
685
12969
14163
8018
5838
4372
2449
4586
14183
1651
6227
13627
16521
15782
2666
14442
1732
2261
17007
9298
1439
14316
4143
10494
13600
4129
1084
14600
13346
4941
15575
4837
619
3040
4577
653
14544
16452
15214
14398
5912
15371
13404
2264
5624
6800
5992
12309
5991
10766
3050
1114
16143
3424
14116
5185
8173
13852
6805
10356
13830
8412
11944
14471
4729
13271
4174
6552
16736
16984
15619
4501
7601
14360
9033
1430
13835
3527
7633
8250
15603
7194
7895
9071
5784
2280
16151
1609
4463
6725
4155
12760
3522
1674
9036
10784
1187
17018
16019
2342
5816
5521
3455
3682
9415
15091
2306
3271
3585
2269
7672
15255
2913
16799
16176
2074
7209
8119
9313
127
7136
7761
16227
16169
10507
3914
8362
16480
16311
238
13254
11960
1347
692
7129
16856
13636
15887
12888
15019
9246
3373
13253
4821
14225
6018
9733
7069
13219
5077
10460
4936
1937
3721
2465
6701
3620
11349
8295
6426
10180
10075
1753
335
16540
8977
11286
940
6862
2214
9318
7640
11325
1390
10909
5526
7719
8308
1342
1750
4727
8542
8352
12999
10117
4046
5623
9076
5473
2843
3098
5616
6641
8915
13126
14554
9183
8970
11467
9716
6956
8044
16846
1550
16284
4334
6348
13438
5833
9119
1956
1243
2776
12808
16510
2403
14828
15377
15987
5113
9438
10624
10812
4063
14834
7644
12202
12156
9049
6629
9016
14819
1282
6250
12398
9545
4199
4706
7007
15337
1231
15908
6977
1760
16054
9889
328
8307
1886
7176
14565
14005
2017
4956
13319
660
2423
5913
6668
610
16436
2816
4371
1685
12214
7984
8965
15111
2925
4997
9243
7949
10263
14136
6395
5312
16383
16782
6905
8940
1865
3999
5646
4022
15943
9248
5631
11818
5173
648
6077
4150
14506
14186
10284
3850
13523
2906
3829
8772
898
5061
14326
6828
4172
11061
5620
16407
10716
13734
5052
12037
16834
11281
7899
5557
6076
2945
4674
13302
9809
7093
11282
10466
4317
2660
14858
11018
11781
12511
14095
10738
13628
1358
11841
6767
3966
2937
8086
8082
12375
8279
1128
16579
6839
4528
12322
10690
15217
5710
15347
4812
7985
1370
16565
8324
9559
1153
12070
5640
16098
8912
824
6502
7477
12958
8831
4820
12715
11835
3493
16113
6669
6151
11153
9952
6690
1160
15625
7647
12210
13010
10954
3251
10841
14537
14527
6389
9563
4592
10966
15925
9846
16385
6405
16114
2224
11497
2961
5529
3027
7577
8045
3290
12654
1046
12144
1602
4669
4711
3953
3604
14092
11427
6664
2459
11090
5727
4826
10675
4163
4865
10378
10961
9598
10991
15122
10970
12300
6929
2085
10562
1759
8026
9669
16329
16082
15497
7245
6411
7348
15076
3651
15223
12390
12602
12229
14218
113
8315
3016
3265
7092
15502
16172
10837
5949
3385
8286
15820
10375
1963
11711
9068
10065
5128
5506
15784
7024
14056
7304
12756
7522
14951
143
9247
10673
16152
12658
2418
3448
8967
12577
5638
16076
12804
3404
3734
13490
14090
7621
15724
15747
16079
10591
3763
9703
15705
2644
6126
772
1319
4265
1478
2753
3657
2123
14517
10067
10887
3948
1552
4179
6336
4748
13408
5684
3177
16448
16974
6945
12793
3595
364
16828
9556
8908
13593
1088
12290
10335
496
5512
2067
13999
1074
11509
8196
10457
878
4146
11770
4398
10870
7232
16860
7755
16456
13639
11315
7699
9643
13685
3674
1222
13333
9381
952
4683
5763
11524
8876
2041
804
12001
10302
14159
13220
14075
7738
844
14507
15783
16788
15033
3340
691
2260
13156
8373
5752
224
7
15418
11045
13662
13553
2799
6646
12245
15457
11356
5780
7353
2140
13118
7196
9681
14276
12127
2001
2379
12163
9903
13756
10682
4507
8500
12469
11152
2000
4559
309
15358
5385
15125
12176
16695
472
736
16800
12588
10786
7513
8360
12697
7860
5548
5393
317
15109
14194
9334
7422
7004
10162
5063
304
8558
14746
4621
12842
14956
6408
15447
585
10322
16221
10433
10232
9886
2027
3524
3891
13823
12204
2448
4089
13543
1964
11929
14860
12353
4490
14198
3695
7301
8379
13938
7938
14337
2015
11766
6530
1052
15698
15244
8708
1227
4165
16460
4709
7828
8111
12403
10357
9411
12620
14138
6366
1920
4192
1720
13367
7416
13737
2216
779
8780
3831
8253
13710
10167
3600
7246
10906
14063
6119
5302
1096
5907
5049
5235
12125
10489
15728
15284
10746
1979
15776
6340
11218
2819
1271
10194
13248
3944
10188
12505
519
5082
3579
7914
763
7146
347
11660
4874
16350
11850
6157
3174
4543
12963
15547
11017
17001
38
10504
2266
1791
16897
2726
9268
16566
4364
16996
13969
16923
12470
3824
1093
2696
14312
2607
1134
2796
9979
12671
9595
11801
5554
5056
10352
16582
2174
7677
9814
696
8499
14548
1493
10944
920
9397
2793
10445
9417
15069
1839
1804
9235
7276
6396
9671
877
13775
10416
5359
7502
12754
9612
11399
8881
5732
12254
16903
16747
9699
15890
16131
6891
4091
11807
7119
16118
5892
8669
1604
4031
14871
1005
16723
2864
2942
2815
21
14910
7595
8104
12415
16715
10311
16314
119
13831
5446
15885
14958
13106
9348
2170
5510
9282
1521
6921
16135
6548
2407
5194
12356
11233
4970
4437
15531
9419
12182
15647
12524
12598
11149
10803
1948
12860
10700
781
11671
13554
6546
6382
8617
9499
3805
4620
267
11321
14646
2441
6751
1384
9746
1556
48
14631
14553
15947
6147
15861
14033
4883
3870
2235
16919
3101
15644
2348
8537
1540
7200
4148
3678
192
9713
5218
4600
7376
2867
8413
5996
16327
1103
7195
9477
16454
9073
16693
12539
9426
8942
11270
1500
7878
3105
1479
13023
9377
16370
13759
4477
9739
4427
9652
11643
344
3427
13137
15755
16332
4368
594
5449
8100
1925
891
7286
7342
5270
2768
5202
11223
11676
5072
14962
9705
8630
11244
13984
1081
1111
894
16750
5038
2233
10894
5726
12821
10449
2766
5691
11726
13537
246
8276
9996
4154
5069
8828
6115
15860
3899
6821
12378
12910
4042
7706
7463
190
1978
10374
10827
6029
6363
16
10281
3475
8127
9414
11097
13624
922
7114
1041
4740
11211
9322
16317
2227
10511
5354
11834
3547
9762
7925
206
4897
1538
10519
9914
13239
2183
2517
4560
15286
5221
6942
7130
15523
13035
13787
7959
5671
2848
530
6339
6314
7603
4252
12699
16775
2676
15216
11546
9933
8471
7711
12189
16381
456
1904
15956
1185
4918
4103
12542
5274
2058
16038
5573
1862
14518
16972
4891
14619
4382
4223
6648
1614
15178
6194
7774
6663
1169
14327
9011
14357
1812
8134
16408
1245
11939
14568
2561
13913
2176
9053
15854
14109
3411
5766
13845
4987
4245
16062
15753
15256
7693
14711
16600
12504
13377
9891
4937
8517
16652
2705
1715
5588
15309
9423
1385
16674
13808
8452
12558
15835
8246
8668
11376
13061
728
2693
6854
1906
8118
374
16458
18
11488
11122
13232
9213
14783
14113
7425
16063
4876
16704
16037
13581
12089
6652
2370
2528
16017
3716
11592
1159
6167
8083
12093
3296
2324
5813
7368
9326
7464
5777
6890
13482
16507
4914
7140
4973
9789
11380
14465
160
2845
11573
10553
101
2188
12717
6871
738
16288
12843
10960
12763
2486
2974
1597
2357
10145
8424
6830
1167
2611
15383
10544
6814
12023
2336
12278
10011
1157
5378
9678
6116
9355
14259
13276
6799
15439
2411
13
12432
3576
9170
1137
13129
8598
16214
14041
11250
8947
7602
13055
13070
13203
14252
12018
10163
13428
13829
5904
2212
12787
7707
12820
10073
7360
983
10262
343
6337
3124
8046
3696
2251
10740
1211
11345
180
14766
7491
1579
9802
13731
4693
16845
14320
11971
9055
14803
16886
3117
7437
15552
14426
15661
4950
7034
3483
6880
14617
2315
16806
1743
2711
10898
10103
87
10191
3913
13868
268
3644
422
2088
12190
10857
14155
13104
4447
1415
8297
1622
16422
14135
5882
7121
16476
10936
788
10234
796
8709
7075
4455
1533
4041
9350
12261
8361
8521
2684
7607
1547
14963
16661
4581
12496
10778
17019
5755
12252
14643
9661
16029
3791
13388
13889
14816
15016
9088
16556
2499
1437
9470
9723
15117
6545
1327
11347
7483
15465
11283
3530
6108
12457
4829
16092
11651
13197
14009
1490
11602
1851
4235
14491
1338
14295
8477
13048
9091
1232
6534
14972
8636
9319
8713
3510
10654
6510
16318
12978
4290
6049
12418
15923
8468
532
6612
16735
4096
13629
14098
2198
10963
6829
13175
1045
11880
6872
2478
3820
8952
3733
2470
1933
1210
11327
12138
974
601
13122
1813
9218
3892
1633
10815
7853
11613
13997
10444
6070
5541
2670
111
1209
14462
13140
8293
7572
14586
8989
4151
8843
6069
16985
11740
8818
3472
5987
16102
13085
5502
5495
7037
12554
16811
14372
6003
13910
7710
7341
11150
11101
10757
13027
14714
2236
2237
13442
11252
16966
4509
9044
5310
13139
5556
16662
11547
15546
641
6710
1296
1101
6832
14456
8938
13557
3077
16379
11472
1800
7461
2972
16538
16922
3198
1569
9201
1436
14893
6300
12796
13193
16272
13716
8314
10641
8072
14532
12477
5416
5639
11636
12131
15678
8698
186
5602
5327
9970
948
7875
10100
1405
12597
10134
7056
14262
16559
10177
2495
2742
7266
12609
16247
13824
7663
7384
10608
5282
7759
9635
2646
8990
15901
16755
14780
15437
9548
15226
13556
5364
12271
3736
13231
13348
11615
6907
8825
10869
10288
16193
13124
4390
14114
4825
9840
11833
7352
5688
11616
10895
5740
5323
11877
15310
1002
5399
2276
836
5080
14184
7843
3009
1322
3773
15650
11739
13572
16914
3268
16628
9719
8895
7884
2382
2428
1350
14941
6625
9989
10645
8400
13666
3732
8380
1293
12810
11741
6213
2408
6154
3705
11198
2207
367
9692
16720
9646
14255
8557
12396
1457
14125
14203
8137
14902
13486
9540
6345
12228
15542
14349
1826
5089
1960
14428
3434
16829
12295
5652
14739
3038
2746
3927
1102
16443
9007
2498
1783
7460
4492
15762
9166
1927
16060
7961
8690
1860
9287
11309
16133
6916
7128
5094
11582
4039
10524
11175
10799
9244
10220
5476
16884
16395
16301
12503
9574
10765
3159
762
4322
3216
7585
6785
8961
6037
16832
1179
6588
6412
2440
4227
7164
8588
1054
12509
7831
373
15128
1471
13004
12727
15816
15742
14589
6381
2559
6998
365
3956
3052
9252
5700
3980
9906
6158
693
7270
8321
6633
16993
16878
12523
6335
1557
249
14866
6675
4136
7888
11575
16711
6128
13960
5570
4566
16146
1393
15381
5926
9464
13183
2039
5011
15429
2581
68
739
188
10550
11768
14150
3447
6458
3577
6004
3223
3148
2721
5672
1276
1606
4088
15164
708
5731
6355
4468
9990
4025
16212
6001
6731
15673
9628
15300
5431
12777
1303
418
13446
9308
14672
8581
1754
14006
13700
16908
14035
4735
13180
3266
7344
10382
15578
16668
9498
6645
7623
4982
2747
4550
13212
14258
9947
10760
6480
15043
5686
833
1198
2878
14887
15247
15015
5465
12238
14747
1954
5824
15877
3701
8847
7287
525
3153
7449
11407
9637
14752
3828
1378
6508
16701
15702
3419
13909
15551
16368
9343
4552
4423
15243
16305
3450
3551
15123
12314
16032
16913
10421
7243
12710
13172
628
16206
2369
1244
16944
7972
3740
14263
7551
5535
3436
12512
6780
4505
3049
7534
8387
2679
11942
12561
7157
2384
7752
100
11418
14882
2145
6944
8665
9793
15804
6673
4907
10102
13235
14759
14728
15980
92
12591
6793
6638
5445
778
8298
4436
12942
13325
10681
6370
14549
11765
5580
16592
5981
1444
9916
8594
13753
14901
1012
3516
9726
2248
9550
6331
6975
16491
10922
1260
12307
2503
11042
13021
5645
13849
3180
205
11777
16558
13940
7746
11291
2473
5204
14985
14235
16733
3691
16449
13371
4728
4723
4643
13595
1427
1975
4160
7526
10758
11638
9429
8571
1564
1746
16630
8749
9755
15808
10369
10897
14104
10676
14883
12692
15958
10111
13087
7470
8467
6539
13403
2818
7045
2279
11326
8481
9059
13881
11049
14254
10189
13236
10662
9056
16417
7182
3575
15298
15601
3031
10790
4484
13466
13975
12519
12440
14768
6512
13941
8505
8484
11100
16583
12649
6229
9188
8868
15283
8143
4518
1787
11172
4737
10448
13564
1310
15202
3788
1362
8062
8583
14385
5977
4083
12907
4110
7546
852
4411
12634
8646
7911
7519
6788
6054
6741
13988
8069
13461
2011
7135
3599
5315
16372
13135
14391
5746
5947
3325
8190
7927
6410
5342
6101
3754
10565
13937
4176
12767
12934
8675
9541
28
10074
1316
15389
12980
16473
9404
13273
8919
11775
2239
14274
6848
3508
15756
14386
12172
13065
12926
5961
16155
3605
1452
3488
9578
15264
2020
3669
10933
967
12284
4741
9645
1330
4242
11474
3842
12062
16011
3758
12291
13526
12906
10018
14375
3735
9379
10523
3343
3474
12974
9902
16240
14915
11106
11119
4794
4430
15342
7930
1896
11054
4078
4745
3725
10470
5251
7253
15867
4665
15184
3544
625
7385
15689
14833
243
16360
12696
1080
3191
3396
11403
7487
7986
698
11653
5629
8787
14230
4901
2652
16746
6528
8489
7273
640
746
12427
10618
403
8474
8991
7889
5087
3787
9186
1714
12521
16226
9346
13732
8924
900
9039
7180
11044
16031
7015
1744
2650
12818
9519
10568
4358
5886
8242
11022
16702
16998
5721
9862
11908
2613
1794
6670
8167
11183
5905
14612
3890
11761
1670
370
9750
4819
4418
11968
5454
15282
1476
10268
1075
13013
15441
15834
11021
15977
12641
10424
9328
15421
2345
12945
6400
809
1667
16204
3965
4912
7188
11614
4267
13866
12479
11600
4508
15417
6937
12053
13926
9321
1196
4426
2992
9734
8404
5300
9222
8655
12021
1016
2715
5224
12538
11642
10185
10809
7455
10595
10955
10342
3400
13425
9973
3094
5676
9648
9998
7377
3366
3059
12704
11447
11935
10684
5716
13574
4833
11028
3834
8278
1873
7579
4353
6302
7404
15771
14029
7494
3764
14980
3713
2508
1156
6089
11943
11191
8121
3342
7117
12575
4733
6040
2642
3028
14875
1757
6689
11451
1722
1022
8008
1334
9380
4202
5744
11950
3046
3901
16200
8536
16545
775
10580
2904
2702
1098
1028
790
16836
12475
11371
260
2253
6415
7116
9079
7798
14857
7506
5241
7783
9148
1297
9791
4493
8723
13811
6284
10946
3912
16216
12042
16465
13207
11831
3525
7916
5305
12476
3492
3760
16309
4847
16459
3753
1449
9332
14645
14358
1434
7284
5773
3625
11462
11266
9665
14215
7886
13896
14681
15682
14154
8097
16071
4880
16842
13578
3569
2231
11713
2787
14120
8855
16104
10159
9826
11164
3137
6574
6776
12015
3589
3316
8564
1284
430
4074
1440
2536
204
14670
3929
5920
10428
14134
7466
16790
11372
8729
6111
9133
1765
13034
6716
802
6424
5110
11251
6692
11791
12011
4023
3700
7712
5384
15652
12419
11513
6876
5398
14233
5215
7289
10401
7996
5014
14588
4531
13949
8148
15224
9799
9171
10732
5945
9555
6988
8875
11926
9985
5366
655
11861
4972
5683
8943
14538
12501
466
1905
11051
1578
413
1968
7458
13397
8882
1180
9482
15021
5870
9108
3506
1528
10577
16758
4450
16457
15521
16763
15803
5290
8281
4667
15525
6608
11836
12799
9435
1994
11478
16707
10714
4395
9165
9051
10461
1323
4779
7424
14602
7070
15028
7620
12908
945
15569
5505
3693
11363
4590
15785
15577
7890
12381
7191
13529
8602
15844
7453
13800
15594
8061
16523
9930
7817
1658
7299
11521
8862
2335
8455
815
4015
453
15610
4282
16205
15733
5333
6557
7850
1848
8284
9517
9028
14338
4952
2659
6513
200
12805
4218
6896
376
9641
8511
9320
4625
14173
4157
5138
16634
16033
15882
2320
14632
5900
14760
1143
2914
13743
5108
9340
2673
3172
3293
8328
15544
14731
10347
1990
15959
16425
7883
16187
12928
16613
8846
4675
5262
16043
8265
13205
3752
12845
3582
6685
11590
13030
4412
14912
5242
888
5705
402
7500
6309
1051
2665
8969
11774
766
3759
7622
2268
1254
9981
13060
2632
3519
10008
12733
4659
11406
1079
9110
8043
13658
5843
7614
5125
4990
12631
730
11956
1785
15092
7379
13609
12305
2065
15539
10640
4931
2706
6791
16168
1721
15290
9618
8399
8263
7819
5527
3523
13747
9041
2880
5975
4273
6098
7333
8854
15165
3299
3815
13430
11679
7724
10986
7435
12287
6782
15823
4286
10173
1377
15853
3517
8406
10703
14784
13788
6212
10196
6619
15443
6906
14382
12758
14854
5427
15566
15306
1809
16067
6587
11409
871
3133
3082
2965
11508
10168
4121
13201
7208
16543
16068
13436
3504
15017
16983
10436
9207
10976
8186
3767
7387
3073
13329
5306
12894
5748
16412
3139
11951
15717
16461
14973
7088
13664
13309
15494
4137
1680
8078
208
15181
6963
11092
11331
9297
172
6867
8997
10091
765
1135
8277
10443
14377
15228
16171
10314
8514
10969
14383
1577
14867
600
7695
12757
10315
8797
14892
9962
8822
4763
12091
8319
16283
16051
7902
13487
14705
7829
6682
4523
3367
13485
559
17015
15529
12348
8821
16656
1423
6573
7079
12900
9210
12680
16409
2786
15898
9785
13431
6850
16282
15037
2158
10226
15020
285
8465
401
1643
10136
6376
12540
818
8604
13565
15606
11426
14475
8535
8120
7198
14354
12085
12600
16189
15477
7444
9754
5391
11112
10594
4882
7945
8983
5188
15400
2682
2169
12270
11887
5789
11503
11830
7885
6169
6679
5434
15744
5362
9400
4105
8210
2404
14031
3060
1443
3548
5812
12755
1117
15626
110
9005
2091
14126
857
1510
2826
9156
16871
17000
14220
12135
2100
16163
5793
896
196
16285
14237
3135
15699
2056
3603
11787
7280
10630
1067
3347
8510
7229
10838
4118
15627
2192
4787
1263
1367
3784
4529
8601
15098
9029
1713
13990
13335
4682
11279
8071
11288
16186
7934
5036
2104
9797
15957
11925
3221
502
16004
5436
9363
12771
4514
10047
5375
11927
14722
11465
14396
9390
7058
16319
9943
13452
13592
10538
11384
14621
8722
1911
848
4900
6903
3707
13692
15870
12186
5369
5040
10049
6527
281
2003
1668
1421
16053
5308
2089
16223
15929
6595
780
174
8953
14335
4241
4792
7628
13308
10308
11438
16875
11099
10087
1884
8247
15579
2373
14648
16887
9077
1844
4776
11518
16820
12306
8605
13419
5967
11572
9250
3986
9194
16012
12170
9008
15275
7452
12272
356
3507
3906
2779
3458
10459
198
14480
1040
6150
7563
2461
13750
4830
9702
11265
3354
6319
561
15466
2112
6055
12992
14900
4666
3209
13177
3291
7538
16637
4884
15986
4244
14236
8003
12706
12473
14864
3518
5959
15872
14704
8629
11027
4470
9508
12751
5169
16888
2988
2827
11940
4980
7851
7597
15261
15329
10510
8799
2893
3463
9069
8396
10058
8679
6649
15895
13706
16522
15585
17024
1729
8786
3154
3457
12508
1234
761
6466
13001
16598
14476
1402
5003
11792
1857
2621
12069
4583
16015
14197
15048
473
3300
5633
85
9227
5601
12728
2612
7414
2310
2774
15385
10341
10798
14869
11729
1181
2302
11111
16453
1496
10968
13819
256
913
633
4388
3636
2108
3384
13976
14068
16356
6403
10432
12889
10438
11668
4270
2731
5657
10081
13398
3755
4730
843
15538
2223
10206
14663
14569
13936
8102
12870
13215
4389
6399
14418
889
6088
12938
6904
11260
13217
9813
14710
9212
16069
166
6283
6471
462
5842
2092
12351
5846
15363
10988
5523
11458
6434
7398
13453
16376
8949
9890
9353
10283
11910
4719
6304
3322
14211
5231
94
3743
11109
3910
9928
11872
15847
2147
3279
8633
570
9531
3278
12864
9454
9083
4963
16742
9344
727
16843
14937
3889
7592
10804
2855
5301
7390
8503
6882
9909
7991
6190
10642
16373
8948
1291
9775
4813
346
16525
12152
9064
16444
6256
305
12423
15248
13081
15096
10190
3459
10715
682
485
2163
7447
10590
6544
1376
3977
2969
10439
10138
16129
8053
4910
11710
3014
11068
6287
1776
4109
8316
2707
10296
9523
14599
1952
10718
12123
7216
4048
5086
2275
14935
14515
295
2529
12357
10098
8222
644
9456
2664
9234
14128
6804
3422
7537
5607
5868
14523
8066
8337
264
5795
1504
4800
8080
10753
6102
11221
3954
1815
5567
12566
12883
3254
13166
3321
14100
3983
7993
914
6620
11912
6509
3715
11555
2284
13847
5685
5534
15268
6369
6864
3670
16124
12718
4573
319
5035
5382
15884
4611
6836
6694
5697
15829
15590
9752
9853
14286
981
13652
14927
5422
12830
4000
10354
15811
13213
14777
3781
2137
13502
6118
13134
3327
15024
103
16464
4239
7893
11073
7768
13948
2757
12208
10867
12781
7530
2139
14108
971
6166
2351
10203
663
9338
8365
10863
16401
16040
8671
3134
11246
10763
13610
25
333
15939
853
11967
6394
6931
1424
14085
4238
8020
9666
8154
14322
4363
5228
8480
5243
12098
2398
4871
7105
9878
14122
13879
5955
12795
1492
6870
14310
16046
14524
5254
2954
9558
16907
801
5392
8054
11437
15068
8788
14792
10090
16780
16882
16568
16757
2591
15118
8451
15114
2338
11263
4690
13099
14721
10697
9174
9592
11360
2079
12494
12886
1511
6884
11911
1561
15346
1431
414
5247
2847
10929
3728
15456
9432
16957
14770
9230
9724
5389
91
6733
11440
6580
3465
3874
15169
12868
15751
689
8470
13151
10709
14520
8694
13921
4913
12129
5356
12331
6563
2967
5970
7427
7847
4831
2623
4960
3337
10569
11720
11744
10312
11520
8519
6773
14564
706
3646
187
14219
5792
10113
4877
11289
13384
5901
12218
3665
10255
16599
3344
9729
2513
6765
16295
8333
7629
5743
12946
8732
8171
15349
16794
7825
8287
9783
3623
12064
12160
2359
908
13125
16654
3950
12865
4979
7910
8657
7544
12580
14837
546
10486
4845
5047
9231
5170
6812
16039
2949
10388
15393
4582
1563
16103
6494
8632
16369
15588
9361
7702
13917
6795
3446
9639
13223
2295
11155
3480
7010
13851
154
10691
14590
2662
9138
883
15012
904
4428
10149
12550
247
11549
15079
2758
6277
16121
1876
10530
3556
9837
1938
5861
15005
5409
6656
15314
9206
7671
4047
9401
6320
9352
10447
7675
11264
14511
6919
12891
253
10972
5893
1373
4008
9638
2817
16891
4903
7962
7100
12117
11701
8443
4536
12979
10040
7006
665
15365
15576
4106
12815
11423
2573
8803
16520
14348
15399
3381
4853
1462
6421
1261
11721
7298
5152
13088
15857
8715
15227
15654
12854
4461
5655
16673
8093
9537
7271
16177
3598
5656
10376
4545
1195
9580
16975
2093
4904
15305
9130
14761
15360
14692
13985
3190
11681
13290
8236
4082
5613
3333
4419
6592
9709
8824
14733
9075
140
15156
7624
9828
16759
8311
12490
6610
10977
3285
11190
13480
16362
12410
12179
11138
15376
12183
4166
416
9356
9283
4442
13991
16201
4698
15928
15902
6844
12347
5760
5984
8683
1795
11683
14896
4989
7456
13280
12161
10801
3982
3348
12730
676
10371
5501
10086
12984
11341
6941
9462
16110
14573
8681
6455
9179
3303
15435
134
8422
12623
5469
12145
943
12633
6048
5636
10030
12399
11955
1218
7784
515
10156
12506
5518
15026
231
10257
3484
3684
3146
2575
16157
6096
7040
3469
12482
9946
10872
5962
1980
12220
16643
7919
4191
3323
3785
12294
16126
8567
8201
14521
12385
5192
4766
1053
10193
11193
11903
6873
15589
15232
13573
1731
16346
4308
11404
11206
7332
8241
902
3934
3859
16933
2948
11135
2808
13341
8513
12514
14356
16615
3940
5560
8813
5703
323
16421
6729
13368
4596
15616
11305
16940
11858
14043
16505
8853
193
8562
3090
5694
6627
5651
7540
12573
5839
13277
5810
11070
3853
16009
6223
16819
5092
9625
2858
15840
12548
11767
5178
5635
14868
8624
12455
15459
1934
15953
15994
8712
8570
16257
6766
2482
946
13245
8734
7328
3056
1807
3357
13364
4190
7732
7179
10031
10666
9323
13225
7293
14364
13444
12822
7335
2199
5299
3220
14660
16080
6708
14545
10187
450
4328
5577
3943
8870
2119
11088
4517
13210
6946
12193
4393
15836
9383
5022
10573
11970
12076
14775
9151
11891
10822
8817
6247
7206
11788
15586
8858
1808
14628
5156
3389
6498
12373
338
13378
16320
4298
9392
8662
11094
7782
13026
14651
9503
4224
11622
7906
5145
9330
4462
6061
1047
5878
9301
7431
7235
14207
9113
1639
15545
6064
15035
6095
3108
15379
5876
5890
5079
15574
5948
2840
5193
13729
297
8340
9277
10514
8132
15894
7426
8901
14724
15239
9777
14289
9312
417
13460
6155
2240
1703
14423
13450
387
15438
7731
3546
7402
15189
6781
3334
12725
14403
5881
16544
2469
9806
827
14611
536
8002
216
13077
15831
5531
10735
10384
9481
849
241
16605
15812
1015
131
12929
11006
380
6667
479
8094
6554
4011
13420
12965
14182
15105
5736
12990
9501
1779
15726
659
13602
5043
2185
1626
7625
6594
16864
6092
2930
14342
2102
14432
3317
10429
2202
2504
13812
4017
13504
10453
14610
13907
11480
255
11336
9479
12223
10028
15651
15341
15739
6843
10143
15396
14032
244
9149
7030
11124
669
5149
1146
13498
7282
10139
13274
15324
13332
7373
359
10420
4080
5183
12912
8268
1129
1763
16675
14162
12779
862
6267
223
8649
6902
12679
2944
16174
16091
4260
7310
16622
12169
1770
11024
11267
15509
8063
764
4456
1182
8035
63
11584
7789
8301
15807
8252
12049
5859
513
5993
5345
8162
9513
79
1543
11457
15982
13570
11392
6499
10877
10885
4152
11432
3905
5936
6863
14822
13462
7127
7380
11983
7637
8718
14214
5822
3429
10717
12497
7777
662
5632
10509
2985
16709
162
10099
4612
7834
13640
11105
13344
5516
6706
8623
176
3872
10649
4066
14800
13127
10816
13836
7957
12096
4798
12199
8765
6599
14525
12400
15196
12546
7181
283
242
8485
1359
3181
8507
16208
9849
11533
13157
5153
4333
3207
5249
3392
14058
6842
7667
11519
10097
10467
392
8341
508
4059
7686
11923
15713
1655
6271
1380
4221
2649
6892
12431
7517
3282
13897
13586
1397
3776
4180
550
3461
10275
2788
11216
11697
6333
15632
11470
12967
95
13272
8720
1652
6019
1570
5667
4302
8849
7877
9255
1932
15330
3541
6894
11594
9770
7821
15838
553
9443
5132
14311
14441
3292
16410
8165
4549
3886
12599
9324
14089
6705
5297
4540
6112
7662
10127
13675
8227
5540
1374
4629
12740
3379
7161
11586
5715
16610
5649
15710
9893
8721
11350
5296
14862
2150
14720
8518
13391
13479
1692
15343
16502
15814
13449
7964
16874
7762
2820
16402
7183
14110
7956
16681
5622
4396
13558
10925
6835
16644
13856
15737
2947
13723
12256
13901
14448
12628
15186
4923
3152
14823
9131
4370
16686
14561
7525
12657
13859
1459
2012
5579
3471
4949
13528
8538
11307
12167
14387
4759
6445
6184
1485
11504
3247
4072
15871
7844
949
1855
3197
15170
2968
289
6429
14301
16312
12774
2121
15796
7516
16270
16616
13318
5576
12212
2903
4305
10166
4578
8714
1242
2794
7615
10217
14281
3378
6307
702
12188
3062
7078
9060
11012
16016
8913
13200
2086
14737
1951
2033
4486
977
15657
16159
11400
15453
2780
7085
8012
2406
6402
1831
6360
5884
11235
15499
9182
11081
1011
2080
8751
7291
9003
345
11505
9764
6654
16979
7334
7830
16786
16070
5722
5797
1672
1909
4324
12068
8022
16276
7281
13007
5367
2898
2628
7313
1810
16315
15862
12110
9176
3627
817
8172
7306
11844
8585
7935
12991
12638
956
12919
11125
6742
1038
11657
14614
15974
1841
12954
5699
13196
6994
16013
12689
4858
12921
1784
12422
9023
12277
8523
16781
4958
17011
9374
15454
5514
12555
14059
69
14407
15420
671
7632
12302
12709
8158
10531
16182
7061
11212
3395
10547
3558
11173
11210
5741
2515
3005
10083
15635
9521
2643
13084
15765
15595
4565
12982
12707
15405
16936
9453
851
6703
6621
3393
13834
11633
3690
4981
10057
16028
8544
3888
3667
3904
15865
11687
12024
11161
2245
6734
9
11019
8615
12582
16107
15416
4617
2614
11757
1321
13414
9304
16954
14634
8829
5610
13745
12840
14546
8936
1371
5319
11883
13285
7735
14877
6028
14443
4726
12712
5847
7029
13833
12688
6032
2371
16751
12452
7858
11779
15289
3931
1985
10323
9416
12155
6959
6737
1982
12192
4164
7214
5090
8294
8771
2639
884
3496
3958
9095
10742
84
11714
10463
1987
11856
12175
15900
391
8103
10805
2167
8144
1571
8114
16621
11151
12729
16730
542
773
6932
11607
12507
5938
768
4336
10399
7236
7351
3402
16650
14224
16277
3311
6889
9757
11758
15301
3241
11234
6291
11712
10818
12349
13187
5223
7720
8893
2722
149
10725
6457
4784
1110
2902
2579
11214
7554
5292
2533
2497
14240
7165
5390
14888
15732
1469
1596
185
4953
3443
10446
12073
5739
15976
1285
10363
1223
5764
6671
14088
9850
5352
321
4338
13676
8568
16475
15142
3262
14500
16199
3727
2692
8820
13667
10542
1520
163
4995
265
5459
2691
9575
13386
2455
16297
939
13426
6423
4768
16739
306
1352
8225
973
4261
6718
1928
6009
11421
16479
13744
2755
1647
17009
6303
6700
15472
14434
9042
16685
476
5761
3176
5273
8995
7418
13535
9564
500
10088
2400
12340
9684
12775
16251
13226
14238
3703
1601
2153
13164
6983
9609
2782
2097
1174
9999
6010
12931
4373
12800
11752
11644
14789
8579
8113
5267
1488
1507
8531
2228
16868
5549
11639
6628
8963
757
16127
2165
14481
2933
1638
6583
16341
6493
10423
7442
5711
10657
14756
9854
5131
6474
15188
15476
13279
15788
11879
16093
2958
3423
4615
11269
9901
14797
11627
15411
8010
2451
452
3860
9725
13506
10820
1346
8444
14216
2720
11545
1541
716
11632
14934
11284
8092
9963
3107
4452
6949
7401
16657
15629
8065
16920
11364
14697
14988
9178
3917
6231
6084
16338
3011
6286
6819
9094
14584
8984
11343
6392
12387
15888
61
10879
8872
9434
15581
3032
6869
1021
753
6379
14307
2282
16696
407
12857
9829
5314
16892
5377
11794
10370
6813
14148
8147
20
5144
427
10564
11168
3864
10317
912
1336
16906
15325
4293
12207
14547
6826
8530
13855
6551
1981
4991
11032
8428
10478
2713
16577
173
1124
7410
6100
3852
7257
8125
15210
3386
13884
4306
3607
16726
9445
13918
15515
13440
11058
6066
4234
1345
596
5195
9461
11290
12072
2032
13982
8699
4767
14484
9475
6647
12694
4760
3242
2416
16684
6875
10677
15526
14913
2116
12997
6676
12644
15302
15237
16357
3362
6997
13973
2586
2259
1856
14420
15121
7094
16488
5074
1632
11762
7166
14682
426
13354
3310
4873
96
12904
11419
8580
2545
12180
9803
14744
14881
14999
3015
14245
11579
15587
13630
2736
12994
10775
5854
15859
13678
6207
12166
11988
6038
2658
6265
5834
8180
6025
355
1931
8954
7149
9509
15553
10027
1387
11324
16150
12510
13826
15084
6188
1941
1288
8410
13103
15484
13195
2288
16308
8229
6576
3024
7240
10122
2025
6702
5923
545
353
12562
4922
15433
10854
7764
11677
10425
4065
14052
5837
5618
3868
12132
13033
2076
7327
5432
14666
9630
5799
14575
9339
3975
2002
15280
16254
3894
6044
16496
1472
1318
3997
670
12531
14829
7259
9161
11611
6281
12458
7110
9874
8586
4714
14147
13400
16848
9831
2377
16122
8806
6964
15143
5380
10578
675
13224
12766
2143
12194
14466
12124
12527
6495
12708
2909
4894
14676
3243
10417
445
9808
9080
3259
16705
14992
16096
9086
5661
10270
16524
715
6121
5012
9293
1295
13098
4534
12670
6273
11237
2308
12814
4278
5872
8203
2109
4369
10485
14629
11704
11717
13063
2708
16667
16162
13867
3264
4122
14552
1581
7859
16298
16217
16072
14730
4300
6887
6234
357
1392
12635
15608
10219
4337
8637
14613
10334
1742
2034
11886
15639
7269
3573
3345
16202
11442
15467
16003
13031
15004
3837
7265
673
4189
16514
2589
14696
5819
8656
1700
9662
11526
6139
14726
6688
15770
4954
5717
5836
2283
16608
9815
3602
9078
3283
4928
10105
7394
1854
3123
15662
3084
13464
15696
13255
8693
1607
11532
8088
9788
2356
2484
11361
7429
10225
11693
2193
15667
10287
8359
4744
13739
14087
4469
4762
11760
13036
11358
9009
7365
4718
1379
15254
7071
12292
8014
9594
4951
13842
14013
13240
4095
7590
9572
3708
8551
169
4351
11449
7976
6133
9502
1115
12397
15130
3361
16023
15147
9700
8992
10186
8369
12932
13604
3164
11394
13798
12453
7760
10629
15287
8996
12328
14025
4213
11468
51
2991
13912
2053
11958
2619
10462
10810
15078
8473
14683
8304
14809
14489
6475
3008
1774
8607
3688
506
15386
5004
12299
3048
2241
419
12863
6189
3650
12071
8238
4383
2322
2062
5734
2724
4802
8556
12613
2047
16300
5883
1320
9157
12251
7027
8968
3467
11253
5791
5753
14843
13865
12897
13542
6341
5448
1642
10904
16420
11750
11357
2372
15412
5250
9310
13050
10238
2977
6280
15615
8068
13062
2667
2592
4841
12276
4004
23
2051
12875
1099
16847
12966
16810
123
9067
903
12721
15351
2061
13720
16140
13637
14193
5781
12203
607
7375
7151
6772
6137
6308
14444
12893
14000
16025
6057
1762
8001
8074
3338
10908
8807
1029
14841
9159
12557
574
13922
8573
3018
6585
14244
14607
14680
4429
8796
11629
14911
7441
10172
15426
3128
3407
9122
6053
6806
14592
14066
12884
5922
5229
6385
10483
9143
12996
3880
10152
7794
2908
7248
5065
16393
6798
4942
10643
6299
10358
12705
7978
12898
8888
7811
431
3356
11510
12567
9302
4700
1251
13468
4546
1221
16569
1150
3435
11870
14129
15764
760
12722
14598
482
14464
11464
12526
6002
7249
6444
16024
8266
12079
4391
11294
11658
14811
16388
10422
10545
15193
13944
3346
12051
218
262
1363
13809
10085
5179
13841
2698
3671
2630
14786
15580
13092
5497
6957
13575
12533
16209
7210
11666
5496
10761
6187
14001
6914
15038
6407
14762
12827
1694
11395
5960
3761
11354
12678
11994
2910
11813
12439
11608
15597
5818
6939
10603
15323
13818
10231
10126
8577
16625
12667
9650
11866
16805
14795
3780
1100
13300
3295
8434
1793
9408
5754
10585
7952
11082
8528
5088
12377
7575
6713
7325
3417
4758
11373
2244
11201
15659
12593
9229
5742
3219
7508
9195
7419
8394
12030
7336
4537
11342
15979
4844
2427
7329
3226
11961
13665
7052
14991
10359
2883
3006
3179
15460
7190
9200
9125
11857
2036
11296
8845
15139
7599
11483
16754
14429
8358
15614
560
7339
4304
11748
2556
7971
11667
5095
15520
393
7011
11921
108
10896
564
5068
8240
12773
14305
17017
15567
428
6926
13929
13791
4169
9527
2594
5093
800
15027
14027
12998
12350
10079
4271
1019
8355
16678
12695
227
14644
4974
13494
8589
12181
8941
8212
8658
717
10164
10706
503
578
6506
2075
8850
16953
15556
14954
15163
6532
3194
6809
6439
15213
10452
624
7346
2999
11692
7268
16851
16927
14700
12924
15955
10749
273
723
12248
10475
13243
6631
15402
15598
531
13878
9027
9717
1665
13456
13726
14503
2394
11702
13771
16889
2748
3053
12153
12330
7950
7074
15535
845
10125
14408
2124
6763
9465
2454
8479
10343
14654
10372
10141
906
592
4627
16934
12693
6432
16116
9271
2571
16952
6020
14791
14347
16027
3867
10751
10598
5387
16965
6461
6611
9771
16567
709
3460
11689
299
12406
13875
10484
2016
8345
13181
12185
7564
5166
7792
16839
10095
120
10000
8205
810
7255
573
13066
10721
10395
6519
5844
2066
3664
15511
15766
2795
5234
7202
12849
7488
13204
7857
12784
14918
4347
9780
3244
5545
5757
16148
5943
7241
14118
11620
1275
9241
3617
3129
15160
9855
10221
8809
2128
12876
4885
1796
8334
915
8561
6090
369
11412
9940
7775
9549
1724
9399
12769
3744
4149
14615
15906
16000
15989
13439
13612
8608
1239
3827
14392
7399
6144
14856
16399
2938
3147
2350
8724
16125
1255
8220
2516
11810
14077
514
13045
3132
13512
1508
10013
13047
13409
6127
15374
1161
8937
8939
11431
16827
2835
2685
6431
12817
8697
1269
15064
10339
13605
4834
3964
11544
14914
2580
9761
2598
15336
6792
8463
9354
13952
7862
16552
7767
6046
4289
8021
8157
144
11116
15790
13221
1871
8933
4761
9474
623
4638
9885
9284
2640
6878
15490
5332
4140
13959
2293
451
2422
13142
12484
5123
3061
10338
2254
3470
992
11334
3724
7823
11864
2030
4496
13532
7969
7815
9048
924
6838
14264
16894
8652
16852
9451
12648
1698
8283
1248
1946
14514
1664
11297
6058
5160
2615
4415
2381
9924
6129
16531
7400
15054
9560
8299
15180
11541
13339
8450
3462
1087
7657
4049
2474
15271
3641
9787
354
16898
5233
9045
13657
4530
4055
1575
13024
988
15176
9512
14106
13860
3972
11588
13577
16506
6301
3430
3213
16822
9994
16821
8391
9698
15763
13814
7576
4572
2792
3622
2009
12358
16489
7053
5328
15279
9518
10007
6238
13794
14838
7318
7345
11527
8024
9611
15876
13690
1821
10600
6279
2220
7330
4605
14447
9384
11479
15510
14647
16517
11187
4404
13983
2303
15356
13776
9672
3957
8931
12344
77
11304
6678
13883
2117
10298
14754
3896
10169
7073
11876
4985
15754
12802
5033
15331
11498
5958
1624
5351
6081
15179
9012
2430
5927
11996
15053
16431
522
15920
13768
12829
7003
1589
14042
14174
5452
6325
9772
2700
10039
11222
16224
4052
539
15605
11436
13590
11610
5321
2434
15145
9168
12319
4801
10003
1996
11798
7126
10235
6747
13588
4117
15141
2638
16970
12187
10328
2896
9710
10472
3539
12013
3756
4722
11976
13945
2330
1822
12545
10266
1451
12806
11169
13387
8638
13310
14261
8149
6413
10551
8840
3865
13475
4038
15370
11501
1752
16074
2687
15676
5877
3856
3668
4380
11598
14402
11229
14222
12338
9921
2789
4343
5499
16537
8146
16803
7745
4895
1999
8326
2049
14536
489
11159
1582
7230
10893
11148
76
4691
7785
16618
11888
2781
3205
10491
11755
14023
2136
5281
2004
505
6973
1426
16190
14439
13904
14204
13987
10995
10096
13247
4266
12040
13337
10249
3326
6268
1527
15311
10875
16225
1895
15120
12128
13472
9861
14021
9524
1020
10224
1335
6450
14097
9647
14688
14112
12461
6332
11878
2186
4194
468
2701
4043
593
4360
10276
14908
577
10985
16494
5625
12478
15512
4998
16483
400
10253
14609
7474
4211
14064
10529
5950
2569
11840
13717
604
2127
8587
7125
14512
5379
2405
10160
11186
16807
10727
8998
4279
7185
9673
15633
6196
11075
5417
3204
6938
10364
4408
6680
13057
6981
1428
16056
1890
7692
2215
11966
9154
16861
12882
8905
5216
7723
15527
4661
5444
881
6569
1264
5167
3439
15863
13194
10768
12354
8979
554
386
7147
4030
11537
2353
14890
2809
13083
1630
6683
16008
14723
6447
2866
13165
8122
12601
7704
73
3023
8555
3196
5595
4115
6698
4130
15948
13295
6027
14339
14140
683
1313
11195
17020
789
15260
13080
12120
7267
16731
5820
987
13281
14852
16744
10658
5083
7201
6087
5463
15042
4291
11899
8934
1375
7781
14277
8112
10515
5200
12905
12074
12054
704
11063
8951
4526
10044
10128
2392
694
10055
14003
14677
14409
14168
288
14874
11837
991
8375
16770
14679
1272
6482
1357
12326
11727
10
8376
9570
15878
958
1590
15489
1710
1740
16111
11561
2095
2485
11631
14758
1228
2142
8512
4341
15970
3314
15095
10940
15187
5758
16415
8910
4649
16371
10915
16926
14400
9281
11732
6295
2476
2546
2208
2446
9155
14495
3100
4240
15984
4287
15712
8972
12216
8090
15638
6810
4206
8590
11202
6451
16749
10762
12151
1687
5946
6460
1661
7294
14152
5669
11538
4161
9473
6726
16073
8033
2125
12289
5005
783
10952
7780
6738
980
8641
2995
15392
6285
8135
6995
6687
14606
8798
9487
4569
11306
9441
10635
10794
6306
5075
15734
3004
15522
15200
8851
3520
8621
5587
4326
15077
13695
8993
5857
4870
7990
7608
3253
10430
4034
3065
12136
3514
4977
15875
1184
9132
10068
4677
3150
12372
11822
13864
2493
475
10957
14650
13374
7880
2479
10546
3256
1782
2602
6943
3660
6039
12224
6991
10679
9452
3903
12492
8490
1481
10792
8757
1049
3019
2562
2859
6393
2978
337
1056
11136
14460
4481
11275
11811
3476
572
13822
12711
179
961
15704
1006
4319
4511
13407
14011
8363
9776
10415
12911
11224
2149
687
3304
6365
9257
3529
16367
5935
10261
3689
10557
9480
13514
8219
6758
4243
5690
12084
823
6065
10026
11272
2986
10659
10942
11669
16939
5932
10066
9913
15471
5472
12939
1216
14246
6162
10934
15119
7596
3814
2362
14618
10246
7102
5024
4352
4551
579
10916
6240
4431
15361
6693
7009
1024
1086
6492
1728
12788
10052
10277
16398
9745
3222
8179
16192
6659
16382
13793
14363
3778
4366
6264
9957
9528
6086
15856
10831
10631
5453
2861
15617
16741
14050
7646
15504
1887
9756
13853
16440
15881
13014
11982
5161
14542
1189
11227
6626
14671
1145
8306
14719
15003
15245
3818
8216
9406
6986
6312
16557
7022
6097
16572
11655
4886
595
12902
10076
13891
15666
15124
7765
680
6409
654
16526
14735
11682
9988
6123
11230
8101
731
755
10130
9424
14265
9607
8777
7134
2661
4544
4750
4416
11200
520
15922
3557
3645
5324
6915
7635
6616
8419
15057
13359
8262
7371
10532
5582
6536
16434
16120
8235
10699
9260
1018
646
12607
4631
5621
11257
12141
12920
14178
6976
7372
3590
5747
3454
15436
11865
13911
6927
12485
16252
8378
16218
1512
6177
10958
252
14161
2565
12109
13298
12948
13597
9085
9514
10771
10060
7963
1535
6430
1897
9025
4694
2761
8859
11393
10535
332
13369
13041
8860
6386
15146
2505
15055
13713
7926
9164
5853
13068
4186
14331
12871
14188
14577
7872
5338
4246
5928
7573
1126
6485
874
13262
13132
3640
9817
3051
13725
3878
8405
4790
4237
1912
15530
14953
15571
6143
7659
3949
2567
16418
2582
3933
13715
10215
7446
15559
12320
8731
14526
6739
2506
8917
16941
436
9017
7186
11319
13288
989
11953
714
12736
11525
6252
7989
2983
9146
7132
7152
2098
517
14815
1060
15641
8670
3121
3806
16167
10435
9430
6578
11121
10258
14279
1498
5368
11130
15940
65
9240
8578
7097
12663
15709
3433
10330
12742
11805
688
7533
195
9835
6709
1201
3570
9695
3649
7660
16325
5921
2833
8696
1702
6743
3273
5779
3026
7312
4384
9372
5041
439
4964
16756
6808
4808
10661
2689
10228
6000
14923
12312
4459
15926
10038
14133
11322
4623
16487
2194
6079
4253
6911
5114
6643
16563
2166
5802
8904
7434
437
6720
7197
7217
15944
8344
9276
3748
15168
10360
5776
6459
15250
4145
3359
4516
15192
2946
9706
236
10672
8928
6846
11328
15562
14016
4558
13418
1403
3398
4599
1924
8245
15045
7975
7205
16635
4173
5708
15968
9292
6468
4589
3364
8545
6131
5619
339
12111
10686
5750
2655
3993
1566
2069
7311
13012
4634
8574
1065
9175
5953
2849
9100
14689
14821
13130
9447
7812
2982
16215
5719
5127
15099
4392
4862
10998
6364
13977
7497
2775
14081
10200
4648
7367
11695
6454
16905
14794
12723
8270
1497
7531
5772
4836
3861
4852
16564
11369
298
3095
5175
8155
11690
7856
10783
11566
12045
6824
11030
16516
16548
9249
13143
14020
4344
10390
2126
12407
6253
2535
11083
16468
483
13888
13915
8898
8560
209
2313
15950
4854
1983
16881
6164
10852
13611
14551
681
9758
12437
3586
16971
15891
477
7611
9631
5963
1191
2323
11959
5911
6727
15403
2590
16792
10864
10745
9576
13312
11387
16508
14529
11140
8525
1226
8892
6359
5551
1891
7682
6232
6912
8539
261
14940
14556
1536
12086
16518
9057
9232
13264
4200
6971
9795
1144
7820
349
14411
6852
15029
54
14143
6091
544
15995
7739
10210
11778
15560
4497
15175
1364
16235
34
12429
11595
15706
8727
7778
616
7403
11033
1456
3111
16268
9587
5682
15094
2038
10656
2144
14755
6015
1360
13641
13589
15719
8208
11536
4406
15339
6358
12332
7900
9533
12819
11543
5940
5371
15230
5641
16105
6603
446
794
16222
9839
5222
10610
13218
8631
4033
9058
5735
41
290
14393
10856
16088
9664
667
15692
8258
4687
5317
8237
15219
1361
6080
636
13153
11916
11142
10935
5288
7842
1308
16837
9496
4614
9778
12892
14993
9917
1516
12790
16708
15951
5199
7472
4713
12624
1277
11875
6888
6845
40
14355
7589
7355
7159
16769
10652
3505
13293
4001
3750
2616
10481
10990
10606
14932
9386
1768
15690
10418
4769
1487
1832
16336
3020
5019
11512
6489
1177
13402
7967
4500
11035
14422
4604
8576
212
1077
10377
11311
7358
3173
2057
14698
13957
6440
10016
8275
8416
12750
9216
13233
12500
7835
12936
726
12686
11170
16570
15721
3228
14146
8073
1328
10698
8085
16130
4773
13361
2059
571
9191
7115
12235
8527
8296
2829
3710
11495
2957
117
4320
3214
2694
8409
5213
11963
254
14321
10858
1188
4786
4934
1966
847
8553
8273
13584
9711
14457
5650
3653
1591
6925
6174
410
4660
11147
12405
1551
895
16999
8769
4712
8920
152
15378
13299
7118
3482
11280
10209
8050
7448
6841
1872
15263
5451
12835
3081
1546
5458
1219
362
4422
2532
3206
9290
3521
11630
4329
8838
11379
7616
3033
11881
1726
4724
1988
15868
10599
14468
5480
1066
9504
1693
8768
3127
17012
3017
13679
16165
12578
11678
16141
16138
13263
13719
4780
9833
11650
14528
8950
6006
7013
14990
15818
14897
16413
9315
15058
8986
13421
16813
7905
3086
5201
11506
4815
666
14998
8096
17005
4994
12036
5678
11261
1649
1057
2043
16596
7493
16334
13495
11949
4125
6996
3737
6222
3900
12811
14297
2842
1468
12376
631
2574
16503
1301
916
1592
2391
6011
8469
12587
3380
9112
7158
4356
15463
4090
13484
2177
13571
7485
12266
13802
14926
8325
1789
10184
7096
4850
2496
15313
16658
537
1388
10747
7082
7954
10408
9938
11848
1382
8151
11162
2201
14995
11455
9124
15344
5489
9020
13885
4108
12285
12004
3453
11184
6220
13625
4132
978
12520
8269
7317
1125
16611
4355
9002
6922
11425
14840
8425
11825
14751
14774
16281
8289
1801
16427
7503
9021
13518
29
9004
14981
16930
7593
5339
13470
13120
11213
2610
6378
1558
10752
10197
7316
4789
11816
16495
15967
8453
15558
3719
7973
8659
825
7457
16485
11559
1258
8634
7669
12643
458
15423
1495
14916
10251
11820
12874
792
11772
13454
16435
10431
11490
15780
15528
4734
3642
16614
12621
11178
12801
9722
3959
14674
9747
7983
5805
9603
16671
9187
3509
88
5203
13728
12981
8231
10035
11217
9865
5933
8244
5614
15668
13383
12785
9584
13964
695
6684
1816
86
112
1953
15691
4458
6226
12164
15450
9954
3687
7175
13622
744
13427
8826
11756
7948
4887
13894
6886
1671
15083
12687
12655
7048
9687
2683
10104
15672
3497
5023
15157
8980
16893
5176
12027
16997
3078
2523
10265
2990
5957
2337
10123
11486
9588
14270
13424
1824
13972
16441
3211
5320
8418
15893
16164
4215
11882
5490
16416
14652
13807
12087
5355
6697
6909
1044
10873
2343
7763
8153
5511
2487
4127
10204
6677
4855
11057
16139
16594
10397
10903
529
7057
942
240
9152
11716
14830
747
16501
2935
4443
10129
2732
9295
11337
597
8070
16057
13760
16022
14304
1957
14412
16061
8031
16377
2828
4532
6326
8184
7557
14593
5692
15183
1900
12392
9941
2778
9738
13075
7988
7001
5902
4788
3
8750
10496
5287
6948
13256
1717
6210
12184
10617
3501
5150
2895
7510
14732
5874
8776
5293
16389
5626
425
5120
16801
7076
16450
11517
12147
9834
7109
6179
13754
10307
10965
435
9585
2678
10404
1097
3452
10559
6503
11038
12318
16052
8384
3937
7396
3208
7685
16925
11580
9180
14269
13037
4345
9135
15221
11007
6940
5209
5441
11718
16640
1475
1215
1834
5689
12837
5186
14271
348
4811
10474
14567
13128
3672
5533
8232
14458
14292
5408
2770
613
11902
10627
14560
1094
3382
3091
1786
10497
3887
15067
7343
16921
10834
8487
4774
1168
13314
8209
15051
7674
2378
7670
9311
15748
1861
2924
11370
12105
541
1681
7225
8793
963
12046
10567
5971
5572
3843
6874
5695
7604
1930
3685
2480
1315
7498
12000
2184
16432
4079
4539
7172
12014
7981
2475
16482
6990
12627
64
15602
14939
1585
13763
15492
8614
14493
11564
1836
5677
6153
230
6215
6518
3542
11719
3984
16527
10566
5135
8491
5420
2719
3110
7639
10704
7836
4483
14782
2717
10115
3536
576
5289
6289
4120
10886
9915
13582
9876
2082
15090
1410
11182
14574
7751
12952
7520
12685
9468
9105
471
4081
3656
5835
8955
11665
12100
8401
1830
14212
8084
381
12650
16330
2507
11567
4067
3581
1662
488
2583
6488
16149
855
5865
6674
10309
9781
14550
735
5558
15008
4158
10318
9303
12384
6142
9495
1627
14845
14082
14073
16055
15413
8687
104
1882
6014
820
13111
7104
15206
9786
8331
2213
2551
15921
3747
13580
4040
6935
2063
16497
15333
3399
4016
15507
7059
2939
4506
12626
7970
10394
9389
6237
1027
14501
4294
12714
11688
9737
1240
3612
12622
1175
12297
15080
6632
11499
4927
5018
15320
6072
16493
4361
210
13114
5863
5295
2806
16428
10032
8464
3683
7043
15932
3203
14241
13816
2960
10796
7630
11659
16772
7805
10014
12008
12215
4075
7591
8628
5139
3976
9882
3925
16854
2354
13451
8385
15983
14603
13656
15448
1300
6897
16378
11046
3274
11320
7035
16943
4435
13260
5253
13305
8447
2637
12887
12668
10613
398
4332
5774
14729
12606
13275
3335
10819
10861
10664
16144
12748
1171
13815
1037
10250
13385
10943
4943
1636
1178
5232
4465
9964
4433
16901
11078
16078
8187
8554
14205
14924
4071
4464
7594
7223
14847
9622
6640
16973
13390
2410
5134
15212
13471
5606
3574
9975
8032
13761
15772
7750
11979
5931
9494
7033
15714
5304
14191
4340
3601
6387
4562
13401
9070
4986
9976
1899
2243
5840
15296
8692
16504
10795
549
15607
8812
2923
13801
14757
4350
1312
7019
4168
3726
5357
4421
9162
9822
2445
10414
13167
5146
12753
12713
181
291
14767
14944
8743
10791
6582
2752
9894
2265
10900
1940
9686
7687
10440
10213
7173
15537
4764
10346
245
4170
15134
14982
13327
2597
5466
358
5196
15238
14378
1435
14741
278
1105
14260
13955
1089
1246
4896
5279
366
10808
3131
5896
15637
13174
1059
11941
6165
4678
4547
8761
9259
9898
80
11947
3512
10006
4460
5164
5421
7876
612
887
3054
14313
5112
3495
14478
9877
6840
16825
4181
11089
5044
4283
13362
13635
11203
966
2
15401
7055
5811
14922
2162
2653
10340
1416
2718
170
4093
13560
759
11507
4947
2366
16546
9370
4077
10243
3418
11824
12048
11557
4303
6972
10501
11599
5388
3432
5210
11647
12092
16776
10267
8264
9945
8486
11444
12581
16354
4670
1489
6639
138
16250
2387
4588
629
8402
13100
8663
14601
16817
3825
4672
8204
3063
756
12944
5246
2560
271
12304
8808
10866
13228
12959
8433
7308
1506
4971
9640
1600
4378
13607
7845
16584
2296
1645
828
10993
7545
6293
10022
12862
11932
7613
14283
14319
14185
6288
3119
3698
14559
16083
2865
14384
13541
1548
9455
1249
12637
11485
16877
13721
7929
16248
1186
9184
165
5119
16959
9689
9583
13661
10574
4478
617
11730
15277
8877
478
6958
12031
13249
15498
1036
7412
2912
3309
2458
15368
12737
340
5850
13511
3451
6797
13828
14627
4225
3661
518
6779
14805
3992
1560
14779
116
4866
7296
1031
9735
12286
15826
8309
6644
6868
13445
7909
15677
4236
14256
3045
16574
12197
9696
13148
324
7361
8754
8027
5462
9405
3810
8790
30
11390
9478
7356
15942
4645
6031
1735
10009
16636
14930
1677
7177
568
6524
8415
3835
14925
78
10316
3511
3782
10625
11986
14807
12522
8705
10297
9925
6783
16438
10637
14187
14485
7439
11226
9870
12816
1499
1163
13694
11843
892
13394
14328
15487
11826
13555
4099
16692
13752
9744
7415
1634
8711
7933
10393
7913
5479
15398
5790
16991
8547
7793
13216
10291
8674
8423
868
3426
5585
5986
14410
220
1880
10199
6172
15927
6635
15172
15240
4144
12993
7292
4409
11867
16855
12413
11239
13766
4387
2626
15962
3770
13632
3267
139
10648
12530
15830
5887
7700
3315
1349
15915
14158
10912
4944
8565
933
15307
1711
8739
11225
5207
3225
9463
3811
11913
12379
15461
9072
8249
2907
8327
7553
13076
15985
1949
13503
3494
15297
3681
2099
1771
15761
9019
3171
10987
3030
4394
9867
12133
8900
2570
14424
2915
7031
9827
6043
16762
2541
1048
14376
6934
2023
11459
2327
8398
2179
12741
4070
4196
6985
8745
8863
842
11609
8353
13848
13601
14346
16752
12786
16442
713
6953
16239
5508
4092
11489
14469
7120
5724
11662
7008
11892
15513
10924
14395
6276
3157
10349
5142
5997
12983
11401
12205
12614
6786
325
1881
15483
16264
5198
15990
3068
7655
2976
9972
11562
9109
15996
14938
1225
1712
6947
9965
5101
4439
2444
3587
3554
11016
8081
16783
5637
3012
8136
15631
4315
1629
749
9197
6695
2028
14640
411
15321
15612
4823
11220
2014
9753
6748
4309
11585
11314
7536
15262
12901
13880
7937
10116
1539
12249
2593
14539
11271
3680
2452
7653
16430
2648
10525
2688
13923
423
6428
9163
10305
1353
1792
16175
3902
14199
4968
12339
3830
11530
1610
12732
15065
15827
1866
5455
6600
12447
10918
5869
6801
14522
14452
16005
770
302
979
276
4861
7459
11095
4451
9907
12660
3410
3915
1705
11812
12645
10348
7389
11769
13338
11846
15154
11242
985
379
8816
10767
10520
12044
7818
15819
5468
8254
4673
8962
11067
3168
237
2877
4679
1477
8175
16946
4717
12268
5666
13053
7364
4707
15407
10802
13315
6856
2812
15135
8819
2625
10178
1688
385
12879
14787
4018
8685
5236
9651
13587
8368
15249
10089
805
3626
13488
12448
3245
1394
5814
1969
16798
16266
2587
13491
13294
16310
15452
7556
470
4842
4699
7462
3280
6425
12560
2037
11108
12564
1325
618
15424
5929
3531
1023
14541
4284
2319
3618
13241
8482
10205
8606
3351
15815
1803
15480
4295
10290
4915
5525
4525
13086
3355
1183
8386
8197
5168
509
14280
13003
10063
8393
5353
14127
9199
13993
996
2096
5437
8773
8886
7150
4247
3855
14175
12925
10770
3655
14516
202
5133
14616
8867
5550
10464
10668
1883
14117
6186
15495
11722
2471
6427
6722
10773
11884
12159
12463
13764
2784
9718
4869
12803
8181
5111
5775
13190
15353
11382
7795
6657
8653
9801
13638
8897
3428
1351
2148
8677
5939
14638
14208
9082
11052
14790
13932
7451
12343
16230
3413
580
15613
11487
11854
7609
1042
11987
6605
649
10500
15295
8408
8004
14555
10847
16818
2631
11171
13813
6021
15252
9307
13022
7626
12467
424
8335
15322
13155
7145
6353
14034
14486
15998
8985
799
1309
3647
71
4579
2804
9644
4014
6920
8540
2800
2156
12890
5693
494
12462
11194
11984
10108
14772
177
12456
12698
7478
8458
12930
5825
13642
10211
7162
3666
7701
4857
11074
11129
14482
651
13356
14062
15152
16142
9219
2205
7998
5105
3308
1898
7772
5486
14804
6315
4321
2024
1878
15070
9134
3376
4867
15911
5906
16232
15211
6538
15081
8200
7496
13009
14435
10534
70
7432
14039
2083
7143
637
7199
6472
8140
1650
4804
3478
11709
14778
947
2971
14965
8981
16500
3036
1588
14093
15506
15073
10182
4288
4258
10853
12532
2155
16241
3826
3331
9694
10071
3199
9118
13530
590
7903
11523
3918
7928
12541
6034
15658
3294
11374
7944
12529
484
6357
12106
13709
8019
487
2514
11385
12640
12833
4765
6107
207
3774
1829
11023
16196
219
16490
15000
15040
15839
6745
13924
10151
15648
8839
10581
6960
15945
15241
279
14451
16414
6417
3633
9610
11715
7770
7064
13389
182
5944
5340
6707
8930
15201
16484
14299
729
14177
12543
9727
5078
9359
8466
8456
7141
13069
371
8267
15354
11069
11029
1709
13189
3087
13501
565
9427
16364
6259
11205
16195
1331
10476
15971
8781
661
4992
3187
8339
9561
9450
10002
158
13366
5016
2291
9106
10620
12081
13707
5562
11551
16273
16274
13521
4702
11640
7314
769
3608
11496
5211
11408
4571
15319
13874
15086
13306
14635
14510
10477
16912
5628
13619
718
2871
2101
2468
16351
1612
15707
1544
2161
1447
2756
12259
12583
16967
12677
16732
6815
2737
14166
2564
7679
8058
16795
13447
8029
14957
14002
8107
10458
9958
3440
13705
5978
4799
12745
2989
15428
15269
12409
14086
7189
14678
12263
12303
16335
2008
16617
415
12246
16607
6979
12217
14997
15391
7869
15061
4542
1070
4646
9805
7272
12258
1208
6613
11313
9779
235
1465
10997
7562
15727
16511
16576
4935
9040
5583
6404
14273
835
10781
3692
6297
1230
9565
16555
4607
1523
3840
1304
5915
2729
12016
13173
752
14425
5269
13531
363
4656
12970
9074
3158
13727
5593
5062
13805
14455
19
9760
5770
16275
10708
12847
9116
9589
11860
1109
11754
3055
2141
2825
15288
10811
13234
9751
3771
523
5386
8559
14200
14509
10556
13396
10737
3534
2211
10931
16451
14636
3543
6514
540
3709
2928
1207
15536
4732
12962
12789
15367
13159
9932
1993
1401
8272
8330
4618
9273
9841
9205
5998
6152
13899
8498
1825
12148
929
1270
8852
3444
1736
454
228
10860
6371
4838
331
2920
11348
3994
6416
14221
14808
11115
10670
819
16603
16831
9121
13289
15988
3561
15760
12850
10383
2311
6349
12848
15516
13113
1442
7915
12219
11723
6214
7697
6591
13303
6757
12472
3341
8199
16627
12360
4917
14115
5426
4663
14919
9457
15843
8923
719
14361
1501
14065
16095
316
12113
226
5803
12544
7690
4296
15517
4162
6500
4839
15372
15630
6802
2936
251
6724
2634
11694
1761
4084
528
13980
107
2798
16660
7261
14388
457
9961
16575
8885
14750
3738
6537
9824
493
9410
2081
12078
10165
6917
1340
16299
16978
9458
8
14036
2738
4375
16156
16089
15645
8945
9196
14903
8128
567
