2690
3955
1874
2437
2483
2061
1149
819
1344
3622
2847
3535
2910
2689
3544
3882
4132
2228
130
2808
4330
1265
1462
355
2685
3598
1592
1571
145
596
2796
3098
616
2445
2241
3740
2576
3845
2668
723
3719
1932
2425
1272
334
483
4169
2888
4210
31
3890
1339
3581
3679
1987
4234
421
2390
3075
1699
3121
990
4259
1331
3306
4301
1872
2107
2993
4152
1781
2695
2032
3051
484
760
3914
3
2366
124
2372
3294
2816
669
2641
3764
4271
3148
1348
189
1655
1279
4453
4018
1110
901
2754
2294
2113
633
675
1957
2672
3720
3868
2631
1142
1165
3781
278
2793
3810
2314
818
3947
1944
3201
854
4424
1546
606
830
471
1773
2813
2115
948
3233
550
3260
496
3247
4504
1096
1581
3005
2371
3370
1444
1109
93
1440
3016
1034
2389
1309
4199
3387
3023
170
2224
2978
433
737
3073
3015
1543
2352
2784
3616
3185
1480
1964
448
2431
1603
4032
3139
988
820
2285
866
4299
72
3027
319
2014
2770
2646
882
4128
688
2088
2627
3657
2063
3547
2394
1356
1551
1520
424
3557
2752
314
1896
2966
142
2386
3275
2637
2422
1005
2261
1403
892
3776
2454
3865
3840
3392
2407
615
4112
4180
661
3979
1181
3463
1756
3464
627
3730
3270
2824
1397
1807
1867
2911
2087
3399
2598
2812
2216
595
3755
400
2494
2237
3913
2334
503
3045
683
4328
122
1765
4138
2541
513
613
4478
839
2378
2833
4430
27
6
4014
646
477
510
3393
2549
659
1131
2671
3330
2635
662
1797
1416
516
3346
2117
151
2150
1495
3224
2583
4322
3619
0
2376
304
1950
2169
2605
4015
186
121
552
653
88
3211
3161
4464
3624
1382
1019
4263
3094
3214
2383
1490
1557
1318
1467
173
791
4029
3650
1143
3147
2976
3160
2271
3199
787
2410
1040
4102
116
4499
3190
558
4334
1114
687
2338
4038
277
2260
884
3296
846
555
1439
463
4477
2066
1857
1515
4474
1330
4403
1528
2046
2438
4454
2653
101
383
4416
3327
2331
4455
849
973
3660
3078
1823
3963
3556
3513
2534
1956
3554
2133
3711
495
2883
3768
3623
4217
3255
4421
4159
960
488
398
3863
3902
4304
2823
896
3666
2488
2877
30
2185
1371
3654
2292
3737
4350
3019
2899
3954
945
692
52
2746
4024
3508
3569
1209
3416
961
3820
4080
2599
2409
1645
33
1433
3873
679
3577
1244
848
99
2512
212
2472
1898
801
2298
3558
43
1622
2461
1596
272
1074
3049
3748
439
306
793
4335
2010
2427
2053
2545
1425
2843
4097
1845
3439
331
1853
320
983
2667
4051
925
1766
3611
135
107
298
4491
3742
1707
3751
1730
651
1396
2649
1295
3715
1891
1532
2139
2762
2585
2730
4070
3478
2680
1112
4174
594
2658
1262
418
2679
2785
1974
2838
337
3959
2600
1478
4366
3131
4090
780
3257
3632
628
3074
1771
982
300
1432
370
641
1236
1626
1968
2726
881
4144
3676
3371
3982
2837
120
391
4448
536
2024
2607
1856
3515
3300
2852
3678
508
1552
2779
3101
3331
2602
1992
4125
1601
543
3059
950
1282
2554
540
3841
96
1731
2928
2924
538
419
1698
685
2174
3145
703
505
3662
4118
4026
2821
929
2625
3295
1828
387
2002
2721
138
104
736
1923
66
837
4502
965
2085
1350
3476
3854
1111
3595
3227
1241
82
542
46
720
2082
180
3197
3127
2350
2723
4001
1484
1438
4470
3239
2303
437
894
4279
3696
2773
339
3293
2755
2686
1671
2335
2850
964
4022
3266
1660
375
3355
4292
7
3899
2155
1931
3097
1803
2392
4509
954
3445
1409
4441
4411
3627
1216
3321
3606
716
1821
2914
918
4120
416
3655
1747
4376
2202
2918
2506
1426
280
2044
4362
690
3347
643
3905
1320
381
2828
3795
292
4266
2319
3766
3844
4312
4280
813
2379
2728
1049
4105
565
1934
2678
1448
1682
4372
445
3823
2349
2288
3502
1868
1311
4154
2801
1554
1937
3848
1526
2798
1370
3568
1077
3860
3791
443
2045
4027
1727
1201
1326
2981
4480
985
2479
3585
3164
754
3530
4117
4459
1292
3756
25
3004
1522
246
2033
2189
4005
2504
1124
2080
2165
1464
1205
758
537
2990
1782
2529
1050
2800
2539
4347
3384
4457
78
1402
309
2012
4185
2295
2569
1238
102
834
1881
4207
2792
2353
3625
1385
1208
1134
318
811
2129
1702
4073
3998
362
4176
2482
1154
2391
2118
883
1719
461
237
2909
3425
588
729
4488
2629
3350
3646
1973
3834
1679
2313
2502
5
187
1
24
1357
1948
4023
1058
478
1446
3747
4122
528
1053
1169
4472
2907
4371
4382
4233
2370
1998
3304
1157
1269
1625
785
1598
2397
599
4261
3578
850
2961
3118
1632
623
2724
3367
3958
841
1016
844
3248
2570
2121
190
3878
2589
1895
897
3518
2447
4091
2857
3566
3939
3586
642
8
2304
2343
1831
2542
266
3714
2344
1343
4221
2240
3847
4249
2591
2244
3602
2664
3705
1379
1466
428
4343
492
2766
67
2158
991
4494
269
4434
3240
2031
709
3070
42
3825
4297
4184
1861
697
4429
1068
2592
3962
1847
3135
2740
1533
2072
1150
55
1726
1015
3799
2875
1186
4212
4307
3897
1791
38
3386
3885
12
986
1983
2143
4293
2551
4298
4383
2856
2530
62
56
494
1303
3698
2036
3870
977
1021
3498
2913
4046
4493
1710
3000
3157
3413
3808
2180
4277
3601
3758
1584
4296
2175
2515
947
1574
3543
3322
2337
2214
2982
4000
2423
2302
1954
1436
2935
3793
4220
3496
3423
1270
245
1421
1907
2562
3922
3124
1588
2533
3759
2577
35
3589
4130
301
2351
3893
2151
2731
534
2904
1314
2377
2074
1644
74
2751
2000
3009
356
1826
953
3462
3299
276
730
574
2809
2938
2299
1188
3790
3777
579
532
321
2023
1020
4126
1082
3519
3091
3989
1618
1938
2003
728
2544
3917
853
3522
262
584
1104
2688
1629
3195
1942
2861
3833
2342
3746
2521
4253
4388
312
1654
274
44
1041
4044
2146
2587
290
87
3941
2324
2361
1518
3444
4428
512
4139
802
878
4162
2493
3184
2135
2419
2699
1865
2364
3002
3156
631
1297
649
2830
3325
2238
2005
1473
4067
1355
1556
3703
1649
349
4320
1012
11
4419
2306
3816
3446
4037
514
714
1261
3364
249
4407
4318
3855
3435
3886
1406
1663
4145
382
1904
1914
2453
2962
404
2596
2090
3981
764
3718
3345
1148
1351
3434
886
1830
3447
1007
1354
864
2156
4010
4264
3690
789
1802
1483
4148
1659
1184
1734
2863
3570
4021
440
4414
1081
1617
153
1535
3943
4246
3431
3673
3541
3613
3137
1294
270
859
3749
454
22
3706
1879
1332
591
3733
3338
877
805
2495
1378
1380
3686
673
1118
3738
1212
640
632
199
2073
2138
330
1394
2327
3374
2666
1198
1147
1361
2520
16
2616
725
1549
3400
2388
2384
1388
1849
4358
2508
741
2405
347
2246
1871
2446
2901
1547
666
2543
335
2079
2311
165
369
4042
464
3836
1597
2626
955
2341
1218
1231
2026
4275
1651
1289
3120
1662
898
724
1434
4016
442
1641
3880
1135
1246
821
1422
2759
3708
1352
4088
2523
2612
1600
717
157
3410
1183
2442
3084
893
3284
1794
4190
268
847
2417
956
2836
726
1127
446
2040
1133
4332
303
618
4083
612
1089
1027
1827
3441
4020
4451
3427
4373
234
2091
325
4053
2385
3594
1946
3245
332
198
2412
4004
2546
4223
4294
4186
2188
2719
2519
702
2490
4009
2564
2879
4006
2056
3047
722
3138
3835
3354
2358
2704
2404
1716
2084
3894
4500
1003
1912
926
3550
1024
109
563
2475
806
1075
4060
2163
3053
1285
3797
1805
1042
875
4319
1364
235
2142
2196
359
316
3067
4331
1521
593
1499
2464
141
2126
2804
634
3036
3024
161
3042
2628
4269
800
2128
71
1176
1715
2368
148
3291
4189
1322
3754
2006
4289
9
738
2791
4056
64
1661
3264
1958
3545
562
3037
2219
931
970
2930
2248
832
4306
3454
2203
602
3109
3884
1059
533
740
4467
1290
1545
4025
2273
1612
2096
3546
296
3261
4346
2451
2898
1561
1536
2946
4059
3527
1485
521
3152
417
1878
1213
4040
1994
3753
2527
630
2193
2182
4098
2920
1893
1264
1063
1670
914
2485
1009
603
545
4295
1769
2413
2957
3819
2449
2355
721
2052
1926
2321
3701
3644
3645
68
1595
409
1000
1562
2215
2268
214
861
354
1400
1337
921
3352
1675
313
2312
638
3966
843
238
992
3080
2760
1108
3495
204
4219
1529
2424
958
2201
1447
3285
4404
1709
1892
4308
1503
1820
1468
1461
367
253
169
1758
1220
4496
1098
3642
2195
1501
3937
4329
4465
1755
809
4379
2505
1690
2293
3542
3192
3178
4206
808
423
3382
103
2330
3889
1479
1509
500
3128
4286
3468
201
2059
3933
4047
3289
2921
4175
3231
1498
2406
407
1960
2945
766
1398
1206
1621
1267
4030
1036
1729
3491
3639
916
291
3404
435
2094
4007
3034
2308
1155
4135
2722
1414
1091
1122
845
4490
172
798
4099
3651
3246
2842
476
159
1454
1962
51
1427
2871
230
1850
2716
1970
2860
1514
678
4064
626
2396
1664
1811
1568
519
3798
3970
2478
1070
2818
3643
4396
4284
3920
3333
4461
2831
3107
1011
4123
2889
1119
323
2236
1564
829
139
2869
2443
836
2369
1044
3533
3985
357
425
83
4380
3083
922
3249
1630
3412
140
2522
4157
2790
3786
4187
2054
1646
1347
4216
1160
326
3365
3967
4103
1139
1594
3778
285
751
2859
708
2613
1579
3126
622
1922
2108
1977
257
1919
2632
1836
1088
3155
3971
817
3780
467
2900
2476
2887
2531
3026
452
1567
3560
2848
4116
876
2328
1835
2112
2681
380
3986
2374
704
2608
3924
3041
2999
707
2187
2408
1329
525
2
4119
1949
458
1504
2009
420
989
1386
2886
3665
2578
2991
1902
2164
3020
1182
2648
4191
171
3280
2152
3957
3173
2421
4282
655
1623
3125
1174
1991
3582
1801
4311
2561
4497
1599
1591
462
2733
4224
3309
2213
2356
1839
1025
2794
2281
1873
3697
4093
3200
900
2729
3456
1728
3895
1253
3366
1245
3177
2882
239
3136
1151
185
4002
996
757
1517
4257
4412
1540
1615
2683
1844
1300
3787
4447
1207
733
4468
4121
2387
504
3726
1429
1035
98
3699
765
2041
3743
1002
297
3469
1669
1221
4442
115
1935
4326
4170
3801
2484
2799
3974
3102
2503
1748
1423
3420
3813
3451
1989
762
3524
1576
1714
3288
3159
2622
1580
3298
518
2775
2159
1525
658
3297
1610
885
1586
2028
4341
2703
4425
2765
1733
232
2491
1527
2926
4181
3391
2650
2764
1323
1368
3670
4108
1022
2209
2535
79
4203
3460
2380
2558
1859
206
4142
522
4094
3930
1312
1277
4248
3256
1787
2263
1028
3771
3925
1890
682
1229
1026
1090
2039
3003
951
3765
3030
4471
3600
2862
4172
2701
1123
827
3153
3452
3652
2323
3168
3465
85
2630
3983
4150
2400
3087
1316
1722
1759
2552
3243
3987
1833
650
3898
1116
1680
45
601
1537
4361
767
2329
4355
3565
4104
4171
1254
1039
1280
727
408
3342
2895
1064
3406
3448
3520
3181
1071
3348
2487
2433
3653
3044
1256
1887
4
3567
19
621
3815
482
2315
4508
502
1762
3385
4147
2011
3805
2753
4440
1249
3818
1190
4375
1656
556
1585
605
3182
782
933
3011
216
1999
3717
2763
2062
1060
4033
4317
3276
535
2849
1788
3534
1883
368
2943
1808
776
3761
1092
4413
3490
1055
1481
2725
3814
4389
644
3785
3484
2415
2582
2191
1775
3843
3054
4063
4251
295
2908
2141
20
3961
2992
4028
4262
390
2160
75
566
797
3100
1866
3443
3928
84
2550
4124
2111
4360
2923
2995
3750
4342
1969
1978
2098
3206
3826
1642
891
1572
1676
3421
3258
3372
1674
1435
4445
499
4327
2884
2682
3564
2049
2937
3343
3915
3629
1296
4183
3180
3056
3204
1955
3871
333
3555
1684
2339
2047
719
2486
3945
60
4485
879
1997
2249
2514
2983
1696
1340
1814
792
1916
3141
373
3174
3492
2709
1359
3977
3326
645
3229
3089
773
2868
1593
2154
1566
3363
1843
1725
2738
4011
2106
529
4348
410
1083
2020
1750
3992
1531
57
3018
4469
2778
4079
2964
1268
94
248
2776
2289
3271
614
1687
2333
3459
4344
162
1548
3308
1219
3910
816
378
999
1283
1187
1961
305
4081
2075
1276
3539
2434
1375
1121
3193
3512
3320
2736
546
364
2420
2362
2322
957
2560
3144
497
1130
858
812
3221
3938
804
1928
414
553
3822
100
3287
3634
3205
1516
3583
715
620
548
3064
3609
940
2137
3923
3415
2975
3486
2272
2258
3394
4479
2734
1694
1876
2060
4254
2114
652
3633
4243
1908
1967
930
23
58
2893
3390
711
1358
3964
4402
1032
2477
2509
4048
794
4460
2450
1810
3337
2660
835
1293
4436
1442
163
3999
4276
1390
2834
1302
1559
4111
2162
3591
444
2468
3251
2581
2700
3712
557
2844
2243
4283
1723
718
4476
657
2959
1634
1405
1177
744
3417
2262
647
4415
3658
498
909
2896
3188
3763
244
1001
4240
3268
260
607
2458
2043
1138
59
1693
1247
4337
3669
406
3092
3328
3272
1304
4208
4179
2980
2211
924
1492
3183
4435
3043
1686
1211
561
3681
3158
231
604
3682
3640
3997
1963
823
127
2590
2805
3731
695
2795
4164
129
261
1441
1062
2698
3213
2441
2967
814
3035
1107
1840
350
2492
676
520
1175
501
2325
1534
4095
3929
3562
1223
3223
160
2956
2252
3238
3312
4019
2198
1341
1029
40
1153
1271
3950
4401
156
3079
1126
1689
2988
112
3732
699
2200
4399
3179
3951
686
2242
597
1192
1798
1325
1672
4086
308
3050
2516
1553
2021
3241
411
4075
2354
3521
2643
1633
4222
2621
4165
3457
4505
3888
3906
3538
2131
2222
3901
987
4290
3341
1863
2579
2145
4049
1965
3033
2584
3395
4391
713
1094
2393
902
672
3879
3378
265
4227
585
749
3031
3324
3772
4096
3548
1240
3323
2619
3096
3301
1273
2662
2093
2713
473
3968
1166
4482
3831
783
3830
4031
4356
1897
3803
2199
4274
4405
3282
3012
2448
1410
1777
1170
4314
4310
4473
3948
247
1404
4268
4495
1901
2269
136
952
2280
2748
1488
1608
4213
3165
1362
1544
2905
4303
345
2038
133
294
575
4506
3903
1334
2994
2841
1657
4178
2132
587
3151
1744
910
2958
2597
3057
1899
3319
1903
2068
2008
1257
3537
302
3953
3237
158
2119
1913
1349
748
2772
267
4161
2016
2467
2867
3085
3796
625
3762
523
3316
4444
1061
527
2663
2230
3426
2774
2277
2912
4492
2996
3827
2917
3112
2459
1069
4260
4115
1936
2226
3388
191
3621
1417
2757
928
731
1263
95
4256
2634
1179
363
2382
1875
904
1393
251
50
2797
3110
1474
3877
2078
4237
3286
3800
2148
857
2819
250
3694
3116
2130
3336
2245
4395
3171
1287
4173
735
2954
609
1837
752
668
3006
2931
1736
3674
938
438
2712
2403
2030
1230
1200
1900
867
969
2553
3614
1706
1705
2952
3988
3172
663
573
4196
994
1815
3839
3649
2718
1197
3066
1033
559
1178
4058
1013
3727
4160
1542
2077
3875
2027
1607
4462
1072
1453
517
1732
2919
2892
222
1336
1222
233
21
530
998
4168
3065
3935
3716
1616
1818
895
4302
4336
1342
1172
119
4278
807
1888
3340
2255
3405
1602
828
2360
1366
775
3250
465
2444
993
739
1383
755
3828
2256
2275
1226
4156
451
1864
2620
3684
1281
3115
195
479
252
2989
1132
1125
491
3516
743
4072
4151
3927
1886
2309
753
2675
4384
3150
2548
3228
39
2496
3952
506
937
2473
284
1080
3283
4510
1737
3273
456
1006
4238
1099
903
2656
13
873
1870
509
2266
2948
2471
908
2253
1800
1925
3659
3721
3281
2532
1796
2297
2511
1910
3226
182
3461
3942
1128
2223
2109
118
3472
342
3615
4377
1776
2017
3329
3965
137
2618
1558
1639
2727
2092
4034
1274
110
2058
108
4131
1460
3881
3187
3105
872
4071
2670
3883
47
2251
4045
164
3576
4450
1291
1420
2756
399
2332
1491
3869
689
3114
3310
1712
4323
2399
2665
1437
81
3167
3846
1842
3936
3599
2972
684
2767
2963
2575
2100
2019
2120
1848
1560
2042
852
328
3664
1363
286
2567
3217
4265
10
1031
1809
1981
2168
2395
2218
860
3536
4110
1933
2968
2633
2642
2965
1786
1056
2891
91
4449
3510
288
4417
1816
1752
3117
3485
2574
2845
3093
2250
149
1754
1415
2381
636
376
3493
219
1105
2806
899
2902
3263
63
1505
1419
3215
3973
572
3784
3735
4400
667
2610
4188
1085
1620
2647
4084
3242
2204
2960
3189
3383
3401
3523
3001
3680
1869
3194
181
2737
4452
69
1508
777
1144
1047
2985
2235
2955
3995
3729
4352
1225
1583
3373
236
2122
1164
175
2123
1507
1824
240
4201
3236
1233
1476
3351
3592
2270
3063
192
1243
1018
567
1255
243
1195
2221
1683
155
3265
1834
2290
264
1469
2708
299
3607
205
1511
2538
3122
343
1381
1319
3130
4008
2501
2190
3418
1237
747
3573
3376
3612
1167
4228
1631
2103
2881
4339
2915
1048
2134
1120
1459
2933
3710
980
3792
3838
1234
3254
213
1079
436
1590
3234
4043
3475
2347
1911
3429
693
4101
3842
2307
3832
1577
4242
2452
4385
2279
2894
1338
1606
3140
2480
3480
2839
1819
664
4082
851
3025
179
2474
2846
4287
1260
2929
3433
469
3741
768
3647
2735
1877
3040
1988
4432
1921
3671
838
3688
3540
2300
1377
2623
486
4378
1100
1457
134
2469
4013
217
3113
1191
1985
2239
1647
855
2747
2265
1793
2367
3921
564
3821
393
1550
405
1643
193
3129
4291
2676
2231
4041
3029
1541
2840
255
1667
4057
4397
1753
2693
2140
1252
3278
3769
2580
3132
41
389
4427
3212
3450
2787
131
4507
4012
2510
2291
2357
2944
927
919
3440
888
1145
3956
2557
2225
2829
2555
2761
3398
197
674
1335
2025
3014
1037
939
2359
1141
2744
1278
3773
2835
4194
4218
32
4214
1889
3369
3290
4137
4146
1996
4204
874
3437
1065
3262
1146
3775
3222
2286
905
3430
3334
4244
2418
2207
3904
1004
4321
3528
1087
2015
2463
1779
2880
3617
225
3317
586
2029
2055
3375
2513
466
2432
4232
4231
2363
3032
1328
4324
1650
4250
2124
1093
3166
1159
2890
3360
2462
3931
2125
1665
2897
3782
360
293
2499
2853
1653
4267
3736
619
4229
2276
1387
273
576
348
3203
3675
3806
351
188
3807
3618
1324
3424
2153
1365
2076
696
1389
3313
1487
1408
4423
4197
2197
1943
3408
3104
2429
570
842
822
489
3142
3725
2401
1455
2571
2173
600
1449
3028
1275
4036
856
3071
1494
1658
2220
3994
1450
1638
1822
3975
712
2697
966
2922
2465
3232
3175
1764
4205
2069
3507
2282
3760
1681
1975
610
1524
4245
3978
3442
374
254
2525
799
4458
880
218
3479
3709
1614
2430
1635
1555
2777
3409
3892
681
281
1372
4066
4239
2559
178
3411
3099
1563
3359
3467
3918
221
1513
3277
203
1704
4313
1193
1030
1171
611
3812
2348
1168
2979
2568
1512
4501
1792
2192
215
3474
202
3344
2617
4136
194
3728
2048
4409
4167
228
2460
4288
1582
2296
2657
862
1310
1392
3817
311
481
865
2986
2500
1772
4439
3608
4437
1648
2457
2264
824
2301
583
1832
3574
2858
4281
3896
2742
1604
1774
2669
1443
997
111
624
1301
4143
2210
3724
4338
338
706
826
3473
4055
863
3767
2208
1927
3700
2947
2781
2769
2310
2035
385
2440
1391
3186
2317
3859
913
447
229
1199
3489
4192
1298
3225
2099
4315
2684
2987
2167
4369
3802
4422
3357
1609
3046
340
2340
432
1640
1740
2851
2674
455
2743
1760
3932
3628
3517
2998
4140
1227
3176
1539
2814
4255
732
3407
2089
105
710
2611
4300
1884
282
608
2170
2259
1976
4381
1235
3397
759
1023
2283
1940
3302
2977
515
3993
4392
402
592
3133
2336
1076
2807
2233
1472
1189
3862
2822
271
4340
3587
1210
2717
571
3269
3267
589
2603
1284
1573
2927
3571
2659
2411
166
3559
36
2758
547
113
3990
3752
3191
4202
1838
209
392
803
694
2950
670
3691
196
1214
396
2866
3532
2254
3108
3209
1851
377
4368
2018
915
890
3207
3887
1995
3584
3689
2832
2651
1854
2692
4076
1688
3380
3563
1456
2536
1136
1286
1652
2696
1288
1692
2149
1685
3504
1129
2614
329
3794
3017
1095
208
1228
3789
3949
4498
2885
4353
1418
3106
226
3335
2940
2810
315
2644
1741
1538
3432
177
2057
870
582
1768
887
2537
2782
3039
2013
2949
61
967
3081
1374
18
1718
734
1475
4085
1855
1806
788
941
1097
1367
4035
3361
1587
3058
2064
97
2711
1951
468
317
4374
126
810
307
