1176
3044
1351
2126
4286
2199
784
512
712
3440
2932
795
3765
330
1909
4317
3677
1554
3787
2195
676
2170
3842
1914
3316
1247
1125
1988
3996
2965
3624
571
855
1409
1371
4508
3452
775
3178
229
2853
1719
3009
575
738
1353
246
1041
3023
3396
4502
2194
300
2329
3812
21
3155
4413
1153
3200
3543
1811
2880
861
350
2733
1508
2157
1015
3753
2044
1093
3860
2959
2053
1627
1863
3420
428
311
101
2178
1385
1283
2189
3647
2233
2714
2651
2974
2139
2282
2166
3851
2898
3110
815
4140
1446
3935
1058
1070
2715
1707
3084
4509
3772
1498
4451
3662
874
1702
2588
271
186
3761
53
3971
2791
2278
3093
3394
2046
1255
4044
148
4216
4247
1746
2914
1687
3465
187
551
4215
3969
1023
3597
1308
162
145
984
624
2395
4141
3019
1309
786
2907
175
1354
218
259
3008
3803
3708
281
4418
4148
3723
2292
590
3401
3724
3152
1771
3549
3841
2570
4161
302
495
3083
1390
2694
2475
2100
518
4116
730
4438
501
1175
4254
2203
317
3764
3315
2894
1957
722
2583
2244
913
1991
4324
1369
1774
2223
4114
4428
1049
1375
1777
2999
999
235
2154
3419
1037
3338
3701
3111
1241
2897
3781
3039
3710
1930
2006
3104
2787
1077
3617
1441
1324
2
2446
3895
1250
3157
828
414
375
4407
2427
3921
1433
2744
455
2843
826
3695
169
2971
4119
150
4084
3780
2037
3870
2246
2461
3563
1296
971
2261
3311
165
3932
294
3550
3808
613
1376
848
2422
3953
3790
3392
2669
3246
4078
2314
2987
3400
2283
781
687
1967
4197
3402
1488
128
2968
598
4007
3800
3043
1712
1022
354
3680
1709
2888
1447
212
263
517
1245
1242
2993
1345
1216
3521
3264
3579
4127
2656
592
1950
1134
3399
1770
3648
2075
3335
3795
1689
2466
4176
1000
2331
1929
945
907
3504
983
1429
3830
1652
2092
1802
3474
482
2375
3632
3170
672
325
260
1
3384
1760
3593
1686
3072
3829
2532
3646
1405
1894
1577
969
4110
388
2130
584
849
2032
4444
3236
1935
2009
108
1744
4229
4406
1852
1803
3286
3049
1269
4185
3095
1643
3955
3344
4334
4196
3242
4291
1738
2101
1468
1244
1830
4262
340
864
1616
4164
3216
883
142
2654
98
177
4242
3903
3445
1392
1681
536
800
1515
881
2584
3192
3156
1150
2905
152
810
1421
4283
4115
641
3034
2062
2321
3119
1663
2250
1156
1007
3078
723
2105
261
1851
1533
2590
1019
3588
2267
3294
3651
891
3509
2607
3559
3506
4032
4064
3285
461
1766
1476
2899
1482
4443
735
936
3876
2429
4049
1119
2371
2719
1883
1016
1157
3228
3871
2393
2271
2440
2917
1590
2319
2317
3378
4173
1315
2299
453
1971
1635
168
38
2379
1510
3933
1404
3179
1664
3422
805
609
1452
2506
9
1843
4253
2175
2324
478
3252
2019
2377
2765
4395
1912
2102
725
1642
1103
369
2355
879
4233
2484
946
451
822
3000
3496
477
3529
1938
2021
2770
2945
1208
1088
689
3776
4131
586
3766
525
220
2648
2257
2568
3574
2120
450
3035
2085
3501
993
2063
1319
2887
1727
2859
4251
1827
1403
2341
4174
1040
58
1212
4267
2677
2788
1480
2933
2458
140
4366
2464
2970
2822
2922
396
2428
1180
817
4329
387
670
310
3668
84
2256
2012
603
954
2948
3699
3719
3640
3417
419
2988
323
2874
1921
2318
2976
3580
2533
597
2778
1312
2264
3530
4244
2330
1257
4486
2771
2802
1683
658
1414
555
19
1855
366
104
2665
418
715
385
1136
3577
2023
2035
3785
3312
3609
548
2799
1654
4496
1381
326
4100
1598
2266
1869
3961
66
1402
579
4510
4151
2645
1682
230
2445
3878
215
249
25
3106
3289
1270
3975
895
4302
3886
3984
4060
740
611
115
2093
2039
188
3090
707
3305
880
2284
3398
1675
2847
3644
216
3566
2753
1444
56
3869
4396
897
2016
2691
3053
1998
3411
2346
4134
3797
3431
1141
4494
3237
545
2107
2165
1178
3619
3944
211
3300
105
990
3091
3425
3029
372
314
4440
1871
3744
2904
3080
151
1201
2864
1463
1591
3885
2900
286
3105
1458
484
3033
3645
1711
652
2635
2687
3655
2342
2413
1588
3339
504
2386
4504
2172
46
2478
2011
521
291
1002
353
3306
2204
2255
2262
2033
1669
4160
1780
4397
2387
2443
3225
3993
902
1931
4481
3998
1189
2551
1313
203
2745
4465
3476
2305
2552
1227
3728
2068
4412
860
4231
1673
1722
3507
3088
1964
2164
3377
1562
1099
4454
4460
3603
546
2405
1386
2808
2241
3689
2674
2798
4340
3760
1024
1956
2499
2865
2966
2005
99
60
3138
3824
2214
435
3220
605
1328
2890
691
2457
1359
2816
3118
2238
2592
678
3864
4446
530
2525
502
1352
240
4230
500
2757
3558
1559
2253
1940
818
2411
1710
3144
420
243
2258
3442
2856
1694
1188
3249
1400
320
607
3527
4209
696
3092
2310
456
3843
1913
832
1753
2470
1714
2711
720
2338
4386
3024
1504
2124
1148
4108
3292
3222
307
1434
253
4034
3115
1832
1706
334
23
3836
1151
4482
1336
1483
4305
3752
2623
1501
1839
2225
3575
2936
780
2852
3051
3276
911
1122
3253
2389
1025
4145
1173
4183
3683
906
657
953
1089
3685
3030
1743
1623
3554
2476
3768
2279
185
1829
2586
1597
1626
4103
1741
2174
4330
926
763
195
3572
1316
705
2301
1129
4429
2236
4120
637
3446
1793
364
2589
3902
1986
2902
2042
424
1105
303
2961
324
3453
1624
3351
935
3171
1039
1968
557
3173
441
296
627
332
312
3308
156
1267
1029
912
4237
507
4416
3423
34
2558
2140
1625
3386
2128
3172
1507
948
3965
4065
1800
3502
2520
2260
4385
2315
2385
2463
2485
3112
4401
4294
3363
4081
2951
78
228
3565
3037
2596
1645
3385
2014
3742
3957
820
3375
2183
4097
961
1467
3318
4172
1396
3919
623
251
3046
4213
2187
2785
1672
3832
1631
2783
2010
4371
1192
1288
225
3146
3288
1205
2805
409
487
2779
3857
3927
1723
2540
3448
2685
2510
601
2706
2561
1260
631
4264
3074
764
4346
608
904
2609
3466
761
3526
2000
1331
2373
2851
2287
3161
2774
1246
565
3167
4311
4399
2327
3197
2845
1955
201
33
45
2734
3621
943
1100
585
666
3679
831
2099
149
2254
2931
532
109
1448
3814
1321
1754
894
3314
190
1426
2689
72
3963
4362
26
596
1124
3967
1465
3692
206
2600
614
2925
2597
934
718
1097
1407
2297
1749
646
2027
2893
2143
3514
1527
3553
4004
4333
1259
2402
742
4270
4006
3819
29
1350
871
3430
3364
1249
4404
4111
2215
2494
3230
3665
2886
4450
1017
3183
247
511
2941
1204
563
3608
963
3217
3414
4046
1214
3380
2211
1866
1263
4029
866
1161
4162
2232
1844
2353
3762
1693
4419
399
4318
2870
1739
1605
52
96
1056
841
1146
1571
3160
3796
4295
4261
3604
2309
1425
3535
4314
1600
2962
2031
4255
3770
362
1661
3615
4129
996
3928
1580
524
2043
675
978
2811
3472
4363
3013
1856
1305
4408
4214
2670
4505
3611
711
1970
1806
100
3741
2564
3757
1784
3590
2526
1310
3909
1630
1842
3450
1338
3693
4021
2644
2555
1506
3850
3086
2927
3130
3544
677
4124
3221
93
1207
2855
4335
3405
859
322
1966
1455
1910
4094
3328
882
2002
2751
4269
3283
2414
2980
998
2202
2210
4489
4436
693
1953
744
1021
716
587
785
3075
2747
1748
2490
4077
4203
3856
397
166
4137
708
3956
4015
1823
570
283
2831
4432
6
3204
4017
2071
2015
2587
3391
1638
2539
3219
3182
3979
3989
2277
690
3324
4000
830
1294
2848
4062
2643
2095
3277
2090
2978
3153
2756
3636
292
1240
3273
2995
4139
3658
2662
3879
3827
2149
684
1048
1004
7
1578
1876
1082
2809
2049
737
3389
4179
2169
192
2565
4002
2614
4470
2536
390
47
2819
901
2636
3293
178
3664
2554
2828
2344
1619
3403
4080
3564
610
2190
1781
3307
1569
2151
3281
760
2759
2163
3218
573
3416
814
4082
1529
2410
4259
2348
2869
1265
3166
4069
1098
3845
2963
1424
2479
2813
3441
496
4298
1874
1301
379
806
1179
2114
138
741
3235
3759
1512
2608
1644
4104
1332
44
2501
107
3721
3581
3226
2084
3321
1438
1292
1534
2690
1038
878
2407
470
1195
1622
3297
1736
4252
823
2333
2147
4433
3513
3471
4368
3191
2507
3181
3557
338
1120
2517
2416
566
4389
1487
827
2723
2737
3712
1166
1857
1475
2924
2528
2560
50
1062
1349
947
2433
1464
1609
4304
3767
3820
3537
1543
1764
989
2161
1502
3897
1293
635
1218
1170
1954
1816
3129
564
960
4198
2144
3492
402
37
2030
1922
3771
2482
3195
3257
1323
3784
3180
1943
835
2423
3988
4048
161
2834
1199
4475
3261
4411
1094
3962
3667
2320
739
1915
4447
10
231
1419
962
2109
1162
3347
1721
2052
3408
821
3641
2293
4156
2224
1435
1656
1724
3601
1704
3945
3031
1273
1036
3255
846
437
3873
54
569
204
2177
3443
1279
3109
1750
3736
3734
4235
219
2796
4037
3348
958
3691
2403
1833
4019
2938
1495
276
68
2777
4155
3003
4001
239
1838
4488
1521
1343
2780
2367
4135
1509
3415
1513
1297
1801
2239
1427
367
135
4091
2684
4400
651
411
1868
4402
2695
4464
550
4109
1071
2079
1282
1083
3981
3282
3427
2050
662
3939
1416
1500
4423
2512
1828
1239
3596
1937
3811
4316
1101
4380
1713
1864
1787
3531
386
3057
4210
924
3818
1363
2647
974
3532
844
1745
4272
438
1584
1976
1613
2659
2495
2179
287
155
3272
1184
759
2248
401
793
2866
2354
3815
3751
126
4180
2425
3199
2003
837
1233
2683
1261
2363
3017
452
899
2680
3642
3251
2989
4096
4040
3652
2849
1391
1358
3954
1933
1797
4453
319
2245
4422
920
3137
2311
2955
2372
2013
1742
1291
221
4207
4293
446
655
1264
3739
2701
1939
426
836
2064
1948
3438
1484
4394
3840
886
1139
1047
1154
3882
3066
2768
1183
4054
432
3512
964
1822
1334
4050
273
2566
3576
2150
2152
4375
3299
2950
28
1614
628
485
4026
2521
14
1440
4036
4088
55
2605
3159
2072
3881
3201
2122
4281
2760
2646
3158
2115
1307
1167
3047
473
2231
4367
290
2652
4193
4057
2091
4208
1460
2952
4435
2625
2876
673
621
2578
2593
1144
4339
2537
1665
373
959
2752
2878
274
992
747
2912
3098
2420
839
4468
2454
4351
1420
892
393
416
3001
1128
114
2872
4144
4370
4030
4466
602
4461
2081
997
3223
3258
3970
3722
2814
1969
2807
3243
4332
604
2730
2426
3570
1469
4027
1078
1633
3978
576
955
704
1314
1135
3067
650
90
2602
4462
4146
4003
2793
3365
1496
2153
3877
3639
1961
1393
1700
2432
2008
1563
3428
269
3362
632
2240
645
1870
471
1052
3735
4352
745
4387
1235
1451
3907
1318
1896
272
3548
1108
1329
1337
2823
4266
1254
2103
668
1322
3479
4178
4463
3238
2209
3637
2718
4350
423
1561
1670
985
3032
4047
4086
2201
799
4426
1497
1478
702
2492
2896
3127
2026
3317
1692
3828
3015
1197
3519
2947
1607
802
4133
258
457
1311
1825
3454
2228
2196
4222
4372
2709
3413
620
1237
733
1443
2186
4328
328
2066
2630
2220
2842
580
1648
2529
400
3938
772
3089
706
417
2242
927
3534
4381
4008
2148
890
4441
381
734
2350
2911
4478
4112
1220
3749
3633
2921
3497
3139
921
4166
4320
4241
2029
1740
2657
1454
3731
2508
3799
3805
3569
1072
244
403
3352
791
2390
3239
2444
701
4205
2750
1147
3966
245
2438
779
1775
2061
2727
3678
4296
887
2781
731
1735
3775
1903
4184
4177
847
4168
3107
4369
3436
3187
1387
395
3097
2409
2967
4182
3546
2641
2575
1356
1983
1401
1280
1109
2631
1422
683
556
22
2460
146
1010
4356
3793
3147
2424
559
356
3135
1814
2123
520
1067
4379
909
2937
3176
2585
1158
3592
1767
2591
1262
4290
1485
2415
1560
1978
3525
1423
977
1191
346
2722
1972
3444
700
3838
3489
4130
1384
1536
2436
4377
2724
1325
3925
1091
2883
4424
3373
535
1284
2162
3323
2368
3213
1620
1027
1798
2272
2286
1266
3499
618
4315
3296
376
2721
4499
4010
4248
967
2219
62
2653
2889
1592
4325
132
3623
776
233
3358
3319
2576
3900
2930
498
1018
3707
309
1060
981
756
1891
1877
4312
567
4284
222
2511
1717
1892
1773
660
197
4307
2618
2486
3517
3929
3189
61
804
3628
1417
1232
2569
3750
3676
3360
3674
1517
407
3995
1690
4507
2437
1752
3758
833
2863
1641
952
856
3702
3934
2361
445
431
2958
2302
1222
1907
1518
3301
692
1695
2682
2633
1394
3704
1511
4420
2086
4357
1074
2786
2160
4347
1924
808
4195
200
3635
3275
1236
1878
1987
1602
2772
4434
117
782
3610
1081
3068
2953
1057
1716
2681
1729
2879
3972
3473
3123
2977
714
120
464
2110
2471
2531
4257
3634
3861
2398
4228
552
3892
2615
2624
2176
4323
1398
127
4469
3798
980
973
76
622
509
905
2004
3716
3727
92
3041
3434
2184
2929
3681
3062
3980
1958
1573
4224
3726
125
48
2024
3804
3480
2419
4439
896
1064
1568
3227
4458
3085
293
1567
4278
1522
519
2001
3485
2418
3494
2839
3649
1639
3058
4282
1248
2598
3696
671
2671
591
1778
3406
4039
3625
3528
85
288
1821
3991
2360
1075
1818
3511
3077
1853
1576
1231
2007
2087
1524
3006
1820
2206
3985
3102
4113
2546
1137
3740
3746
636
236
3887
252
2474
3409
2441
3498
2693
1168
70
4218
1677
3022
1941
2720
3069
1030
653
2773
3794
2984
1841
1355
1555
2137
2726
3372
2790
1531
1703
3595
2159
2051
975
4414
2383
1200
4476
2804
224
315
1365
352
4358
2370
3976
3821
3584
3769
4449
893
3889
4101
434
43
854
345
2946
1854
3948
3594
3040
1327
2838
4276
2336
2396
3012
209
306
1043
1959
2716
2351
415
154
1493
4012
472
3524
256
2803
327
3232
766
987
4200
2221
2356
3332
3656
3500
1701
4023
1223
2729
560
2518
1461
3325
3926
3992
2650
3065
2334
753
368
736
2326
1634
4217
3782
1880
167
728
1572
3915
3505
4491
1096
3618
1783
925
1374
3545
858
4020
1117
2382
2316
3880
1834
3974
1796
4095
3616
3193
4053
1902
537
483
777
442
1302
2935
136
4192
615
1608
3125
2312
3567
3743
867
3355
680
1899
2895
2862
4043
3052
2303
2145
3670
4079
2667
3073
2335
4107
1979
3486
1549
3968
391
2944
2083
3904
884
449
111
1130
2742
3122
3259
1116
2871
2746
3523
2448
374
982
1187
843
3729
2038
1837
3964
3291
1159
1486
134
73
1530
2036
4219
3134
1962
2628
1143
170
4170
4483
746
1875
141
2345
3738
4405
3951
1165
3241
3779
1320
4122
341
1884
819
1364
1595
2825
2401
3165
1110
626
30
599
3368
4239
1005
1389
3806
2325
1339
4493
81
1926
1473
762
527
5
1646
421
2673
3552
2182
2275
2699
3205
2891
1210
2332
1795
1946
4365
4492
2227
124
1906
2500
1113
4288
644
619
4070
2054
3050
931
1228
2604
3021
1757
1840
1194
4236
2881
2496
789
1688
541
2581
2547
489
3188
3025
1360
1481
888
4348
3936
331
3536
3026
2313
4051
2136
3397
2504
2806
2749
2954
1278
308
3280
2725
3194
2830
1759
3070
2844
2736
2515
3464
1982
3342
3279
4068
2960
176
972
4273
2738
285
86
2034
3911
1776
3087
4480
493
3270
1086
116
2488
1905
433
543
717
2243
3585
2956
1601
4342
4427
3457
71
4058
3462
3982
121
941
2817
3379
829
3020
2281
3150
1544
1881
515
1303
950
4431
2442
1606
2391
2986
2789
2664
2045
4126
1335
1916
2981
783
809
4263
318
1373
3407
2524
505
3801
2455
3132
348
2572
4345
930
2207
1432
4456
4354
410
3901
205
179
3922
137
2666
2522
1610
4033
3582
968
89
4055
1073
4045
1190
765
2450
3169
3482
1287
1505
3914
3345
1079
2882
1238
1574
3937
2142
1557
807
2337
1182
1379
1050
914
1382
1603
3154
88
198
1898
1413
2543
4327
1918
529
3357
3141
466
1792
3456
1209
1960
1886
834
1824
3899
3826
3789
3540
4326
3461
4074
4063
3004
1791
254
2212
422
1127
709
65
2381
1927
2840
3853
4498
2638
265
2535
4477
593
852
1919
1140
3326
2668
2294
2146
164
2821
454
1947
4083
1556
278
3336
1059
4076
392
1114
398
3547
3666
3266
4009
4256
915
3186
2028
2775
4226
3458
2017
1997
1346
3884
542
2208
4220
3234
377
4123
280
2119
3888
1860
4212
2291
1732
1583
1889
1055
1271
183
4322
4061
1861
3518
4191
1526
873
2465
2620
20
698
928
394
4378
1366
4089
3353
3551
4390
2868
279
630
4186
868
3855
171
3556
1813
2129
1457
2748
2728
2767
4309
667
3376
1908
4319
688
282
1585
4398
1020
32
4280
3910
812
845
1300
18
3560
3121
1570
110
4383
3706
1873
4098
2347
2069
2270
4292
4175
3350
499
129
2359
768
2861
2801
1817
1226
3598
3690
3487
1006
1618
710
3214
3177
2273
1629
790
1520
523
1849
2655
1628
4042
2637
4025
956
2549
3404
640
1751
2057
3983
3248
4472
3036
1474
1428
1164
638
582
3100
1256
1596
106
600
1769
4409
1383
4075
2606
1755
558
2503
1944
4159
4202
703
910
3713
3114
2480
3600
342
3096
2055
510
2832
1090
3672
2621
3433
3370
199
3393
942
2562
3605
226
2447
1142
1812
1685
270
2697
3082
857
406
3896
1034
3703
4158
3207
4425
3898
3868
1348
248
544
3143
2173
3931
4090
83
754
3602
160
3586
2349
3269
1445
773
3145
816
801
3295
202
3587
3622
2634
1491
1126
51
3816
3359
4501
266
1131
2903
3883
2096
3059
1196
2505
2867
479
333
813
3356
4473
674
4092
1920
1033
4349
1499
986
3369
1882
3210
2530
486
4035
157
2399
4102
3038
4359
3437
3244
2431
713
1031
2975
4331
940
2571
4485
4099
2132
2111
2365
3048
2548
2794
661
798
1087
3493
2406
413
3538
357
208
2131
1370
3163
1785
3262
3484
1632
123
3599
4245
796
2574
4171
1152
4225
1102
3185
4374
1459
554
4071
3990
2661
2074
3697
3631
4072
2610
440
4105
3128
1289
1219
1362
2776
3449
75
578
2672
656
4149
4421
4132
2761
2400
1274
4147
1836
2226
439
870
1845
1198
365
2826
3491
1756
497
1996
4364
540
2268
436
119
758
3777
1928
3874
3010
3542
1850
1028
2640
922
3337
1980
1340
755
1611
1985
1519
2269
2906
3952
4163
3124
3714
11
2513
2741
4240
459
460
2833
2909
2430
3763
4238
767
2769
3733
4285
3854
2580
4474
2658
2473
476
838
2601
2836
1763
4287
242
94
1051
3694
3778
2758
4143
2193
1548
2827
1846
2380
2328
3875
3539
770
4106
3467
1807
2364
1804
1726
526
916
549
474
1221
2688
2541
2125
458
275
1699
2216
4260
1412
3054
4153
3424
1206
3629
3459
4506
2048
1538
1181
2919
2369
1696
1203
1234
1992
3924
3260
1995
3016
189
1138
2088
3202
2731
4234
3638
3807
4382
172
1377
2901
648
824
991
2982
347
378
1471
1684
40
3331
1104
583
3346
774
1388
42
3810
163
2274
1014
1514
3846
3607
917
1923
1888
4467
1133
965
3309
8
210
589
2378
3858
2362
3747
305
3103
1651
2098
3730
2259
2563
389
2766
3064
2957
2340
842
1994
2884
1582
3131
4005
4128
1213
2612
3374
3247
3451
3014
1347
1163
3606
4189
384
143
732
3203
1406
2686
3298
3426
336
2732
2514
2557
1911
3571
2990
4243
2058
3748
4321
3946
1660
862
4271
3081
3942
3488
1367
3412
2180
2374
1042
412
1268
1546
3388
3834
751
1671
803
2755
3250
4452
2392
514
2577
4455
2698
2483
3653
1587
262
2627
3773
3101
1251
1653
1901
3866
1462
268
3515
2404
329
2857
1999
284
1934
2942
1932
1786
2138
792
2295
67
919
3007
475
2108
2617
1733
4415
2412
443
2875
2812
1537
2452
3018
3320
3206
2837
3698
2158
295
3209
3825
41
944
1815
2218
3711
1885
2343
2408
4024
3862
4014
1984
3055
2094
59
3175
3516
2829
2089
4445
3174
3612
1453
2920
3387
639
1243
321
506
1439
3410
1193
299
2185
2717
4274
2762
522
1532
2112
1160
3233
1442
679
2289
2462
3382
752
2692
4355
682
2439
174
1342
2421
3893
2306
2134
875
349
2357
1668
1553
3164
508
3867
2117
2740
3783
4121
4136
516
4249
695
1066
1848
3817
2594
2916
1092
1286
3663
3650
1076
2519
2553
3561
1649
757
2070
2550
938
2964
3949
2991
3149
979
750
1659
528
481
612
2018
694
355
1344
1277
1361
634
4190
2247
2702
1942
2527
2913
3669
1547
4118
2308
