2595
2690
2111
1491
733
1722
3903
3463
3912
4235
1121
1092
2999
1503
2929
3034
2629
1954
2815
2771
1928
4246
4307
1312
333
985
3517
1249
4419
446
3493
2166
1839
4236
389
2469
4055
1385
1586
1787
3972
3585
3351
4436
3134
151
1246
543
438
2368
4038
1447
3696
1732
2611
2808
4253
4326
2975
2531
1775
607
2135
1688
98
1088
3352
2152
628
689
2114
1057
4210
35
1507
2172
910
1005
2304
3248
4116
2316
1449
3792
3299
1606
3418
617
3608
1850
291
2193
56
714
2198
4136
1422
3920
3153
2480
1595
3256
1107
1394
419
4075
424
880
3319
2525
568
2149
12
2276
3978
3417
2708
2105
1902
2588
2352
1757
162
2009
2987
191
1457
330
824
2622
1707
1858
3212
2803
2836
3661
1987
310
3708
1170
1324
838
1599
4409
399
3214
4103
594
2345
1472
3281
412
1969
1693
73
948
1632
3401
3774
1623
1368
2694
2964
2154
598
163
3082
3518
2004
3178
4324
252
3648
1848
284
2051
3118
60
604
397
4047
3808
3252
3831
2834
4266
3988
610
4202
3356
4141
3728
3969
3005
4073
1173
2353
1013
539
46
3412
58
2315
608
219
2875
3430
697
1919
3945
3839
3924
178
4104
3332
1932
1288
3791
3170
2879
3176
1672
2910
1861
3777
4510
1397
3232
200
1659
1827
203
4006
2508
1868
4002
2338
4229
1968
3482
3649
1935
4017
77
2544
127
2212
395
2192
874
3377
1213
1711
4476
2948
4214
4297
767
2033
2914
2596
3494
2603
193
3718
2554
1488
1655
3948
875
1715
3249
735
4463
551
4163
532
2674
3548
3250
3881
2057
630
4362
1564
4305
1408
2254
2538
3584
3698
947
699
3309
2292
2680
382
3753
4195
2385
2408
2095
4077
606
3898
2526
850
3797
2900
928
3823
2512
1646
1983
3368
2272
3242
2127
3621
1044
2150
1811
3159
2178
2547
3556
3724
3475
2477
1022
4164
1735
836
772
1895
1338
3268
3274
4067
3821
1378
1509
1230
518
600
2421
2670
418
669
4005
1886
840
783
3104
4477
2760
4430
1502
3373
2772
2819
2029
2752
3841
1615
2705
2817
747
1128
3971
1244
599
3975
3981
22
1308
4333
3876
1869
110
3580
1258
1508
933
3779
3314
756
3236
2724
702
3141
2354
3045
1936
3381
2807
1590
2271
1495
1012
344
1276
3437
1481
3554
1640
1718
3384
319
3092
1100
524
3312
1779
2976
1837
1262
4427
3551
1201
2584
1441
4347
2283
2093
1337
2267
1984
1131
1319
495
4019
3221
900
855
3103
510
3415
67
2664
1294
165
2398
2899
3550
3985
1380
1627
2877
2876
4257
2457
2614
1875
1036
2737
3536
3549
263
2654
3999
4444
3967
1534
1175
1541
1496
2989
3215
1926
2890
4330
4199
1752
736
4451
2992
2524
1209
2476
744
1556
582
2971
2464
3106
1179
34
3089
1094
342
2958
391
4399
2659
396
1309
1853
1578
803
3519
2432
2282
2511
2030
2444
3393
2026
3994
761
361
4421
4058
1217
2693
1683
2721
1531
2087
470
1929
4358
737
3001
3467
3672
42
4085
1270
4232
4227
1392
2370
908
954
4264
3258
2222
763
3645
3778
217
3047
1148
3592
1905
3886
126
3243
3674
3192
1816
340
1118
307
2482
1829
96
1887
471
1593
1555
1193
3628
1194
4490
2158
3558
1497
3582
2207
802
4170
1920
1673
1937
4506
1927
975
3893
19
1786
831
2502
3126
452
270
1149
2686
1499
3068
3027
3931
1679
2049
3503
999
1958
2954
2601
394
4283
4211
3705
4082
9
264
3515
2743
1112
979
2733
3957
2884
777
55
2938
3659
194
2698
1777
742
323
1617
4140
1189
1102
1000
3162
1845
633
2289
1511
2692
411
1342
3362
755
4471
199
3318
1119
2713
3573
3868
2333
2173
4226
3857
3539
3613
4251
1483
3670
1042
4203
144
2339
1074
2367
3510
792
1159
2318
878
1594
2661
1614
3535
843
2503
4036
1542
3735
4474
3144
1219
383
577
4480
148
1235
3652
3605
1944
1442
2946
1089
4053
663
3572
765
3606
2263
89
1834
2851
3044
1570
2386
3633
431
3795
4112
3505
957
3542
3196
3122
71
4458
290
3923
1165
2164
3852
13
146
1584
2905
3569
1033
5
3776
3583
3438
1874
1215
2372
1742
1257
2860
3441
2453
4040
1032
4162
3060
2778
501
268
414
672
2092
4376
2136
3088
1401
2589
1153
1956
4408
1014
1210
2174
2170
2227
1916
3559
898
4134
3762
4461
4274
3499
248
3947
465
352
3722
3632
3869
100
1884
1162
2494
952
2021
1176
2404
1440
2090
3486
705
1227
4081
30
360
2151
4244
644
1444
2608
1291
3142
1389
324
328
2922
4312
296
2990
2266
1996
3183
3723
1687
1011
4432
4245
1329
4090
1127
2840
4259
2558
4147
231
4272
456
3787
2931
2574
295
417
2245
1789
2280
3488
1381
945
1001
1540
4382
3860
955
287
3084
1525
368
1647
1206
2349
4186
3085
2782
1034
2806
907
4437
0
3282
221
4392
1372
2081
4191
2346
3545
3699
1026
2358
3361
2410
2218
230
3730
2939
2649
3772
1899
367
3491
2452
3358
2129
1172
3313
1069
1924
4300
1062
1289
1029
1946
560
642
3016
467
2590
2043
1191
4390
1090
3500
1716
904
2755
2947
2064
3376
2065
3347
4497
1631
3276
4470
3721
2119
1911
3461
387
623
1802
622
95
2046
1784
2118
740
2125
2616
2841
253
2620
4190
3604
780
3889
1234
3131
1931
3950
2532
643
1383
896
4467
4000
2160
329
1390
2702
3315
746
4334
1696
2699
2438
2722
2126
3571
2430
3011
2731
3150
3509
2577
509
2763
2498
2270
3806
407
1046
2970
3845
1652
2519
1459
1681
1772
4407
726
4034
1433
373
2200
3453
3234
2691
3136
530
1603
299
2355
4372
2866
1096
785
3587
1596
712
2536
354
4332
172
1724
3353
2587
3380
1407
3023
1303
3578
3388
1761
2201
3113
1743
1719
3617
347
3306
865
3304
1592
2451
461
2985
3472
1813
2556
1513
4120
189
4501
3746
1759
3870
4032
3480
3804
3468
492
4049
3980
769
1651
1756
704
3977
1894
170
679
2487
2617
1327
1299
1762
320
196
603
1814
3072
1424
786
2557
341
3487
416
250
1510
3364
238
2101
4177
4015
1370
3508
3295
4106
1854
3862
157
4167
4340
3650
1535
1443
1123
3998
4119
1467
2406
3769
279
3403
301
229
2657
821
1494
2256
118
2479
1080
4221
4295
79
1350
4152
48
27
2055
364
3135
4070
271
2301
2032
866
2804
3371
1211
247
2573
727
764
210
2732
4492
4052
618
3400
2576
3202
1888
2225
2861
3094
1256
3654
251
1365
3761
1581
923
2492
1728
3067
1212
2204
4287
1155
294
265
3419
3160
4319
351
156
1952
4178
3447
4302
1197
1517
1657
1379
2707
2330
1439
2403
567
4057
1748
579
3812
2395
2023
4200
2319
2374
2467
537
3937
2548
601
1783
2501
927
245
829
4169
4133
1906
302
602
3865
2005
3826
1415
3303
1490
1190
506
158
2052
1254
994
774
587
3382
3422
1824
2264
1333
2401
4378
2019
218
1774
209
3195
3030
4396
1144
4079
751
3108
1974
1843
1637
526
2995
798
3445
2146
1740
1428
2679
2569
2433
3527
3651
4296
1626
286
4428
3930
3031
784
337
864
2350
1243
2324
4100
1458
2719
1907
2260
2831
3987
2667
2210
1393
940
3278
2226
1310
4342
4365
2793
881
3925
1275
4438
3345
3739
2769
478
977
114
3614
4212
4168
1569
3338
2493
2936
220
976
4172
1704
926
2045
592
2384
3471
1129
2006
4491
2865
1864
3012
3081
1331
3025
105
453
1124
4092
1918
2302
1565
888
403
2748
145
1941
2397
3035
357
1287
2500
2213
2317
4406
427
3055
1978
1662
1054
531
565
4122
3329
298
3631
3427
3871
2184
1053
2490
1771
508
499
844
1691
3935
2077
664
3476
1437
993
1247
4500
3897
4071
1524
710
2837
4010
1150
3927
4068
111
3270
3179
1115
4483
2042
525
371
3054
517
778
1597
1469
266
2116
1139
3394
4123
4495
4454
472
541
3760
2034
2602
748
1410
3397
4219
2677
3277
4286
597
3599
4031
3936
2761
4125
1709
2550
3917
3576
343
1551
3185
3618
620
1710
3993
2229
1999
2901
1024
184
2
1803
2883
21
1962
613
3124
3522
2411
3635
2969
2112
4197
3842
667
2878
2357
483
2278
2323
4108
2626
481
3316
2169
2233
1706
4126
1994
2539
3254
1533
629
214
2673
2268
2514
1125
2348
2847
8
2962
2110
2435
2928
4011
108
1663
3020
3748
2776
4154
1081
2446
3149
129
2639
4007
4321
2383
469
3646
2481
4115
2190
1067
1604
1830
1792
3882
3910
3671
2600
159
1873
4325
3848
2456
1359
2612
2799
3856
2199
3298
2845
2128
2208
459
226
921
1084
2059
3341
3867
1943
2715
1086
2028
1642
3725
3139
3577
3879
4198
2788
2880
2265
232
2765
1305
2248
4496
3018
3811
2591
3915
2854
4507
3484
1754
1933
3026
1015
4094
812
2848
536
3827
1434
683
3581
752
2429
1018
701
3155
94
2121
3354
1268
1656
1764
1117
695
3843
561
3894
1852
3334
771
261
3607
227
4267
4161
3822
52
4337
3436
3297
4137
63
2924
1625
681
3579
1622
1480
4041
3323
4016
2572
439
646
4109
1214
3279
2984
2331
4359
3019
3567
3833
2522
580
3203
490
1560
4263
2044
258
4262
2247
3995
2945
760
1248
4102
4069
1981
3996
2326
1375
3765
462
4398
1572
1876
2273
2993
3989
435
1677
325
3379
1320
425
2134
3264
3818
942
3340
983
2073
3404
1882
2998
3057
2450
2785
1059
1232
171
198
3385
2246
3600
1298
2366
3702
2145
2447
3291
1619
3009
1295
3949
1725
1195
315
1361
1091
4317
716
961
995
3850
3110
4183
1332
2376
1336
4143
2631
1930
575
128
3378
3171
2084
3928
2518
2966
3712
3523
4481
3906
3875
966
3327
1605
312
3456
1274
4336
2361
3743
2650
2013
4275
3466
830
1923
4450
3455
83
1532
3798
3759
1182
656
4135
3213
3293
677
3166
1893
2791
2618
2468
1317
2369
1450
2415
1548
2321
1492
719
1464
3970
4282
809
2567
1801
267
2709
3597
1601
3786
3914
147
3944
4243
4028
3076
2307
4433
2863
682
837
4341
2996
4088
3953
4254
826
685
2827
2881
773
4020
2066
4377
3683
1111
4388
317
2390
2153
3623
4348
2223
3099
2091
2462
4044
150
40
4027
800
1236
494
1035
4174
3063
369
706
1245
1544
3120
4439
3530
2712
384
3817
3602
2825
1812
3816
3003
1849
1608
166
1414
1396
1146
2202
3114
1567
1700
2571
3454
511
794
3366
4311
4209
68
20
2165
2155
433
2259
3220
3156
3717
4412
4449
400
4054
3675
2475
2079
557
1137
38
1658
3667
3348
1405
4139
3237
3697
3263
243
980
3836
3129
3275
585
2100
2240
3058
2085
1577
1832
3294
228
2391
2242
457
753
3421
4035
234
1616
717
428
124
1860
4429
3273
775
1142
3520
420
3325
1386
3209
363
3226
2142
3658
385
2269
3830
591
860
3734
2258
281
818
2606
2115
164
4247
4410
4098
1181
1501
3916
549
131
3428
4346
3495
616
868
621
3737
1412
3161
1810
1130
3714
2312
3755
4380
832
2082
1462
4111
176
4110
4486
4443
3240
2830
4218
2739
2725
3462
2499
2735
2916
1939
2535
2287
3701
3634
609
1796
3386
3895
2583
4048
1330
3125
1682
1971
1731
2067
2675
4393
1745
2839
2159
949
1366
102
4367
1675
1050
2685
2382
2906
308
1904
3109
3609
2288
3919
2598
1951
355
444
882
1166
1198
1377
2736
1760
3564
861
2666
3061
1695
3301
3709
1600
2973
445
4029
4060
3337
2485
3064
4062
3255
304
1476
4222
1661
1870
1109
1855
1838
393
1808
313
2351
657
3485
484
2816
3247
1571
3966
3744
2197
3056
1520
2496
3167
1420
876
2138
2141
2215
873
1101
1265
4265
3390
1836
1369
548
2586
3838
415
4130
1526
4241
421
1413
4478
3375
2027
1977
4457
3137
1363
4194
4397
174
122
3501
2163
2934
782
2183
588
3449
2534
3521
282
2015
1188
2904
2362
15
1692
182
3267
4508
4157
1602
3959
2575
1559
1019
3070
137
3854
1431
133
1717
3565
2010
770
2897
2867
2644
1522
4107
3710
2120
1456
451
2441
3024
2071
1356
2313
4335
4046
507
256
2418
2563
44
16
1367
2239
436
684
1267
1629
1208
3307
595
2610
4118
2727
488
335
2106
3194
2543
2405
3052
3115
2068
4224
1727
1701
1156
2379
4124
2838
3589
3926
187
3328
1897
4291
2777
3489
4316
1782
1031
4042
3669
2303
852
1543
4155
4292
2024
3269
1145
967
3643
3547
3021
2718
791
288
649
1335
2968
1085
2364
2919
2363
892
1758
1326
1391
4279
405
2786
3091
1575
49
2495
2560
3771
3038
662
2944
2762
2613
2913
3111
2488
2746
713
1880
680
996
3497
632
2730
1373
175
1721
2828
4442
2716
1799
2439
2413
59
1485
3410
2809
4223
1639
1580
1867
4131
3261
2683
2253
2180
1438
2509
820
222
69
3666
2086
1573
4023
1794
112
3105
2011
3280
806
1768
2203
3982
3706
960
1654
2651
4327
2176
4420
3885
3663
3205
3781
4176
3083
1641
1865
2257
2261
2436
2122
2347
2814
3164
1690
3546
1636
2426
1804
3660
1460
1095
2811
2209
1975
1973
2520
911
2332
3330
1352
195
409
1239
1806
2336
3006
2194
2206
1664
260
2063
1982
1527
3639
671
1505
4379
3601
1017
1192
720
758
1819
3188
244
280
1241
1184
4280
3148
3829
197
3374
474
3180
953
3448
4001
4395
2072
78
4339
2757
3321
1823
2108
1730
4208
2545
3625
3891
2040
2745
2559
708
2443
2986
3731
4091
3784
1180
636
475
4361
759
2099
1097
432
4230
3516
1286
1465
2050
2729
1110
2770
2157
3411
998
3333
2898
3370
346
1077
992
3172
3678
3751
4043
4355
889
3877
3742
822
1271
4293
2671
2506
3053
1729
1785
365
2365
676
4206
872
3979
2377
2983
4494
2409
498
1313
2399
2599
2774
154
2592
545
2823
3890
1537
2801
3158
4391
239
2640
919
2234
729
905
688
2396
1382
1613
3310
2578
3703
2188
1238
2857
2734
2773
3051
2277
3265
658
3965
691
74
1250
3198
3692
2988
1506
3033
2662
3853
4441
4270
3622
4493
3938
4374
909
814
3902
2189
1010
4383
929
1966
1835
3562
3809
1399
1515
805
1831
300
115
1419
1851
1151
4059
120
168
1432
4328
338
316
4417
3117
686
3506
188
1321
4231
569
4114
1678
675
584
2139
615
3747
3372
1147
1482
3793
4381
1825
2636
902
4475
1263
3322
3414
3290
3479
3681
1264
1815
906
1430
2427
208
3434
982
1098
1582
257
2623
4158
2076
1955
1353
143
4299
1228
2299
4505
82
2940
3984
1879
1357
987
512
4033
272
1947
3133
654
2533
54
3785
4193
434
3409
3300
1998
2687
305
3619
336
2663
2738
1751
406
4080
2449
2540
4350
3819
2305
3960
2344
3244
2241
3563
2080
2251
2521
2625
3638
2681
3210
2378
3561
2448
3828
1138
914
2926
2171
1116
2284
2850
3588
2920
2437
665
1720
1475
693
3443
2775
1826
259
3707
2425
4304
390
943
1890
331
2711
3285
3540
4063
1660
2658
1016
2684
2678
895
668
2483
1791
3763
1871
2062
1674
1225
626
4502
278
3636
819
917
533
4306
1912
804
2952
1136
4415
1072
1705
2758
2058
4213
4239
3102
1896
2279
3837
2894
891
3406
4009
2255
4089
2991
4160
3810
2843
2236
796
3951
2800
2972
2463
2942
2818
4242
1964
4220
81
721
2751
50
3339
1104
3941
1726
1554
3655
1199
136
1161
3908
3154
1028
212
293
3095
1360
1216
183
237
3555
3130
1387
2824
4402
514
2459
935
4422
1699
3533
3595
2728
1203
1075
1406
887
2371
1574
1885
801
3543
292
2335
276
2252
2249
4117
570
1140
816
1323
2195
2542
2140
552
3687
493
1486
51
1177
4456
3363
4425
1120
3112
3181
3002
4354
3079
3413
3946
4128
3849
76
2187
1004
235
2909
1358
1877
1915
3901
1633
3407
2549
1913
160
1847
661
4087
2137
1805
1790
2117
4150
743
1006
3736
823
2717
2455
3288
75
3498
1066
2296
3074
1478
374
3423
1961
2930
2797
1523
4411
793
2949
4113
2089
1429
848
2474
500
1345
1452
223
3598
1
2061
4261
2835
2505
2870
2107
1037
2868
2812
1910
3174
1667
3688
358
1315
3391
213
3590
4405
3629
1833
4322
2859
4129
3241
573
2161
2423
2981
937
3346
4403
1448
521
1644
3729
2205
4083
2486
4460
3429
3481
4400
3190
962
546
3098
624
4121
2060
2113
4249
3863
3513
988
177
997
480
2697
2460
3143
2041
1174
1557
2637
3069
378
1455
730
4468
47
4386
648
3544
463
871
2237
2902
893
103
655
1020
749
1021
1160
1516
1750
4234
3680
790
2582
1051
3934
1992
3335
4013
123
1960
1552
3010
2275
2424
3359
447
3272
869
2979
2615
2322
1304
3271
1418
1426
2783
2297
2957
2007
2921
401
322
3586
707
2414
924
3470
946
2565
4268
1451
3940
3201
1747
788
1314
4455
1220
3976
1521
2228
3096
1698
1169
3039
3302
3918
3955
2784
2742
972
2896
4066
353
2074
725
1202
224
1770
410
3245
1579
576
167
4056
2723
2527
2497
1083
2655
2466
2196
2607
2624
3317
527
4414
3872
1134
3251
3883
1322
4166
25
3767
3050
974
2570
458
807
2932
1388
3799
4423
851
1185
1221
4488
3077
1411
4014
553
2075
2328
348
426
1079
36
3128
3233
3344
2668
3478
3552
1060
4144
3460
41
2530
3846
3389
678
991
1921
1780
1251
152
589
4445
2274
487
1409
1157
3615
4258
2871
1470
3568
1618
1528
1609
3807
2175
3641
3682
2641
3847
3859
1473
2927
563
2235
2943
2445
2955
1697
2974
4364
1218
853
2634
934
3512
1436
1736
899
3770
849
99
513
2656
653
2703
4093
2393
45
1374
2652
1917
3603
3943
3921
605
2604
2635
2789
303
2537
2619
2002
1279
4370
631
1171
1416
711
1589
3553
1038
3788
4021
1471
1566
1739
3093
3408
1612
3305
339
4298
1435
687
1340
3165
1553
1967
666
3954
2621
1872
3557
18
2710
956
1546
959
2375
1154
590
2756
4252
2191
2156
3803
2915
4037
1755
3835
4004
3825
1224
4466
1132
1840
3864
242
2551
2047
466
3911
4479
1351
2392
3596
3420
4215
3768
556
3534
1898
799
1734
846
3049
1348
2959
1959
4271
1223
3907
2035
925
2387
1454
192
3239
2528
1883
4233
1685
1950
1423
4273
2660
2585
2798
4343
3036
1938
1186
611
3766
951
3514
4453
1562
673
2858
3815
4142
23
3402
4061
3741
1231
87
4309
3726
1940
4278
3287
3028
1949
2214
2478
2781
3041
1178
2132
502
2978
2790
505
32
2216
2022
3238
2510
1945
638
1634
1240
1669
2220
2581
3986
2219
858
944
739
2078
2311
440
3789
254
1403
3801
3616
845
3711
130
309
4185
3259
2109
3991
757
1500
522
1841
2523
1900
2917
1538
1158
2779
1753
3199
1713
2341
4003
1082
3208
204
920
3446
2342
870
3820
1395
3686
4096
80
1993
1068
2014
842
1518
285
2653
593
3217
370
2796
1058
2133
1648
153
3676
2977
1733
4353
1417
1892
2504
635
4039
2325
932
2892
574
3733
2826
249
101
1763
2891
963
1229
4145
1995
2849
117
2428
835
1318
2309
2334
1479
3048
2960
3824
297
2053
3
2780
3640
2419
3425
3043
3230
578
645
3145
1972
430
3524
2961
3627
4440
4076
4188
1645
550
2832
3745
449
4
1339
1671
1076
1988
4394
2025
3350
1591
3814
2098
3684
2795
1863
3343
1477
3727
4250
3537
1341
4012
1649
246
2224
4018
2579
2148
1985
4448
4413
4217
1670
768
1778
2144
883
3189
2682
2320
1630
3207
1260
3526
2422
2238
3929
3000
84
2720
1990
3200
3880
2472
3296
3844
619
2764
1746
535
90
1466
1461
1744
2951
2669
477
1070
1002
1635
3465
625
3037
3175
4132
1620
1281
1598
1970
1384
1349
1781
564
2094
4095
215
1362
4301
1135
2741
236
3866
4205
3127
3750
2484
2982
640
4323
485
3435
3968
4349
4045
1463
762
207
4329
2706
3900
4050
650
1040
1859
4345
1061
1009
4356
3157
540
2580
583
4204
2911
2461
3022
4179
3440
3326
4173
489
3483
1278
1708
863
3004
289
2605
1798
4498
1301
1008
4308
981
2696
3754
722
810
10
3782
1914
2285
4363
1039
779
1878
1587
3355
1487
1307
3507
2628
3695
2953
4318
1103
255
496
3186
2290
1421
497
4351
1800
3473
3182
3336
3416
211
3665
179
1842
1643
4207
3007
404
3719
3858
3740
1007
4281
3426
1027
3933
107
2688
3216
1259
1846
1514
422
2020
314
3664
795
1712
4277
2787
3732
2507
3620
4099
3662
1346
1741
3173
2250
2956
939
811
3575
2314
2038
1909
2513
4338
4146
3511
2003
3496
1986
149
1568
3032
4344
2340
454
3851
4165
4303
1536
2262
1766
1901
2381
3229
734
262
476
1563
1530
2553
3790
2281
3874
1055
1293
