1752
2020
3948
4450
927
3744
2036
1119
14
2202
2723
1735
2735
1232
3539
1883
3638
750
1691
446
214
944
2307
2563
3350
1549
3017
3271
1576
2846
3051
3827
2953
2366
3557
1685
78
616
3021
2078
4047
3398
1868
3674
2316
113
2252
2750
647
3507
2435
3681
3978
3394
4114
1559
4037
459
2411
171
3787
200
1270
4303
1280
1517
2504
3103
3873
49
3472
646
2302
181
3185
1887
3843
1060
3020
4448
3410
1869
1135
4208
3664
1155
3384
2304
2442
336
1183
1221
380
575
3734
3357
3998
2598
1476
634
1228
1083
4173
3538
2089
1952
58
1827
1354
3064
2979
3935
1356
3141
1776
2590
2998
1063
1448
1860
2180
2224
890
3495
3200
3702
3904
579
2179
4396
902
1650
2283
1881
2787
3225
2871
2578
3299
234
978
2112
583
420
4189
2875
1550
66
3586
3668
3223
4
1600
3158
3172
3445
398
2973
4118
4106
3767
3604
4295
569
3676
3044
258
3815
2126
1217
4434
4473
896
4021
500
2228
2828
4496
257
2256
1062
2451
1657
3389
675
1781
1043
4033
429
3569
4083
3229
2865
1309
4410
1518
1418
3547
1153
4399
532
1023
1293
2514
3208
231
2213
1962
588
3994
29
3999
1851
358
3979
3361
3336
3589
737
3079
3617
1544
1878
2553
1965
1922
1078
1977
3682
3591
573
1357
2236
4211
1552
2926
2825
4456
2716
1686
342
4265
1759
3769
3697
2547
2739
753
2675
1596
408
2266
1894
2821
1986
790
1258
868
2799
3111
4374
2209
834
1250
4307
3272
1028
680
1138
805
2755
1451
3260
3276
2262
956
495
4233
1961
3435
2733
1363
635
4358
1647
4330
2921
3498
1428
3365
3273
1417
2422
4445
2631
2759
21
2495
3740
1802
4443
2761
884
2468
2507
1050
3364
3869
1142
3947
1210
1055
3355
3818
2426
1231
2909
803
2707
3720
4045
3615
264
3034
2745
417
4393
2212
3705
4476
2583
3008
3791
1097
3105
4237
357
1406
3373
249
1136
3005
2508
2384
3483
596
1121
262
4121
2570
1011
3420
1235
3153
1205
1123
556
4302
1772
4256
120
2895
1561
1995
326
3000
1731
2311
2477
1253
288
4380
1220
3514
781
3366
3825
1884
37
1569
825
2622
407
2980
2008
478
3426
3363
3338
747
1944
2483
804
2749
570
2013
151
44
2513
2295
2221
431
505
1655
110
129
2243
2605
3247
1431
2211
4080
1719
3709
1847
178
2184
1555
4341
2039
4299
3464
2655
1361
4432
436
4272
2623
1936
46
3474
1681
474
1866
1690
4346
3944
1283
2377
6
1140
4408
414
64
1664
4029
2413
2539
1700
3378
419
3076
212
4313
3797
477
795
2783
1762
4296
959
180
3274
2285
2372
4334
40
3881
1351
2571
1317
3822
613
1146
3040
4397
2406
3456
2836
942
3353
797
3893
3219
1955
2035
437
883
1734
4345
979
133
2026
3342
1398
2373
3354
1040
4000
1941
1013
3801
3863
311
1726
1113
1207
2046
3828
839
3203
424
3675
1227
3762
188
4036
3104
3199
3221
4090
3492
3785
2079
2238
952
2341
2321
4224
1713
1104
79
3307
752
0
1535
3367
766
2644
1721
2128
1322
1840
421
2677
3543
2251
3764
1770
1546
3519
3362
4506
1032
794
3792
227
2638
1486
1308
205
461
3601
2615
2788
3123
1160
139
2877
3239
283
2964
2966
1468
2006
3375
551
1896
932
857
1604
43
1722
922
771
3895
522
1620
3821
3657
4327
4177
220
3872
1566
1489
726
2123
4259
1806
2920
322
2982
1639
3970
2850
496
3544
3457
4364
2459
3976
1341
605
2015
919
2649
4250
3216
471
2849
1105
1592
1766
2146
4107
1857
4185
3953
3718
3333
2925
2786
450
1179
3047
2319
971
953
1237
3758
1920
3763
958
2678
542
2517
3301
663
2616
1496
2389
2902
1411
1760
2910
1118
1821
3771
1638
3535
2784
305
2438
2365
1041
3311
1437
3477
1391
3529
2242
748
2719
345
332
693
1452
3201
1373
3101
4159
320
2410
1385
3083
2991
1444
2628
1267
1288
3845
2752
4335
2756
3227
4004
3631
632
476
1893
3757
1989
642
2205
4235
2661
1628
4427
3714
265
416
4229
562
2449
2486
2027
3302
3528
504
1816
4287
4394
344
1913
271
1746
217
2501
2124
1790
4486
1564
1748
893
1298
2664
275
1516
2807
423
3923
2157
3028
167
163
396
3107
4347
887
3068
2288
2198
1771
860
4009
4246
2608
4436
1817
270
1036
3283
2002
1915
71
4232
137
473
3312
1177
111
3214
2526
148
2244
1888
2380
4217
13
697
4077
134
1021
4225
1457
3511
2019
2864
1093
786
1757
4468
3653
699
2368
2419
3220
3722
1629
3391
3928
93
2754
1765
2118
1436
1162
3155
2626
1490
2666
4367
1932
1472
1614
4100
4228
62
4191
3800
2727
3907
3957
3684
2589
1362
4271
2044
2229
2515
4305
273
796
3798
618
4356
1937
4464
3109
1333
3137
611
1335
2132
4120
2597
2309
511
2038
3382
4478
599
1348
2633
1264
1630
3940
2726
3910
3983
1524
877
2434
3735
1071
3960
4062
1797
4493
4179
3612
2345
2340
3246
3903
2700
1583
808
2840
2115
1016
2654
4157
2650
2000
3344
3337
3726
2073
225
4467
3016
1927
4164
2867
1233
2480
2859
2540
3226
4293
362
3395
567
4413
4219
4031
1469
4141
2359
403
716
4064
4257
4419
1441
1669
557
1861
654
2742
1281
2879
2734
2215
160
1141
1900
4312
2210
1482
2545
1396
4223
1727
1200
4050
1792
1230
2493
1867
246
3122
1698
2407
153
527
3334
3349
3244
3233
4104
624
2371
123
3340
869
3878
3739
2924
2227
892
2172
3814
1938
1360
3293
1697
4199
1862
3609
2235
1715
3248
3687
2147
1732
1319
1080
3755
3662
1779
4052
2478
734
187
3892
191
1271
1963
1458
793
2852
2206
841
3993
464
3980
3144
3937
2587
3901
2942
247
1201
2487
3553
3577
1134
2294
3599
2279
3195
397
3759
2003
3313
355
3761
229
1399
3267
2098
2485
3812
1950
664
4108
124
1018
2127
3542
1439
1346
1594
1728
130
591
4042
4286
1767
3673
2162
174
3793
1065
628
636
827
3719
2721
2369
2085
204
3316
2874
4379
2965
4003
1511
2496
2683
156
1051
2602
2216
3168
2393
1067
3117
2720
3025
2031
1784
879
2967
571
2153
343
1368
3981
4149
1400
1720
2546
576
2963
4171
923
1174
1858
3788
368
4057
3677
350
3110
1736
136
2923
3446
1580
2415
761
10
418
232
3795
3086
3723
1086
840
2785
2599
1543
1617
1164
2114
525
328
2791
2018
2385
2032
3751
2647
3898
3081
2199
112
997
3641
713
2349
2830
4451
1812
1982
3325
1598
831
3050
4049
2186
3263
615
4105
1656
3716
3633
1480
4063
1597
319
2753
2187
859
1782
2069
2420
2344
4297
3568
2080
2063
3570
438
4122
1450
1048
1178
1547
1005
1127
4240
973
2682
4333
689
2278
911
3130
2333
2284
4365
3883
1487
1799
1807
1314
2534
2357
3826
2254
999
3129
333
313
3635
3536
2955
582
2503
2844
300
1492
4222
3467
1743
2
2281
183
810
3140
3835
3894
2556
2795
68
4197
4092
20
4213
813
482
3982
704
4044
1723
603
1336
1429
259
4166
2403
117
823
3987
2182
2185
773
982
4255
4142
4323
1315
1039
4061
2270
746
782
1116
3374
2448
4350
2815
3001
1595
2585
1402
3290
3707
2673
3164
784
3206
4357
2972
1619
1742
1899
4490
3314
2381
2801
3522
1578
3510
2066
2606
1803
2668
2057
3971
4111
2524
386
3250
4389
279
2969
684
2418
1054
2090
4196
2999
2837
1558
2249
1106
3462
1579
1294
586
2559
1773
3046
2812
3275
1587
2816
2474
243
4214
1154
817
2543
1875
3774
3
2225
785
3414
230
1454
777
1089
2949
480
4068
4368
2055
2314
2986
1609
1780
1413
2425
1034
1998
3499
745
2439
3371
3094
1094
528
2878
1484
434
2203
875
871
4209
1709
968
2348
3857
3143
287
3303
3837
4210
1895
2657
3205
3626
2247
4361
1449
2484
2223
3062
1251
3817
3899
4067
2519
3159
1189
3840
4370
3950
2848
2412
1403
3327
27
3294
4162
1758
2081
4318
3752
146
2298
2738
3485
1259
1001
672
1660
3042
2537
899
1161
2292
749
2009
4230
3549
2181
2391
2533
3493
3401
3715
513
3561
1640
378
2208
2929
3023
1157
4183
1295
3683
175
1872
2299
903
3188
1176
1795
3006
3834
533
1248
1274
3925
4444
595
622
2042
1590
2494
4430
3078
384
3049
2103
1911
260
2091
2579
2612
580
3321
1819
3688
2024
2758
1347
554
1992
1843
1124
1265
1853
3922
2662
2025
921
4143
2276
994
1613
2555
3552
2596
1530
1465
1167
2950
2072
3037
60
2431
2499
3732
2876
2111
2574
7
1846
1273
2635
2594
4182
2790
3880
1634
3686
3754
3150
1739
3434
2823
1495
3671
1621
1090
2958
798
1699
348
4362
2687
2912
972
2976
1188
4435
3790
3770
488
3946
1668
4377
1645
4221
2588
81
3045
2230
856
3608
1608
1276
4244
3811
1244
1256
1654
3067
92
821
1502
1810
2961
2718
2472
1299
2933
3997
211
1132
1339
499
4253
1222
2400
2232
4509
2781
277
1618
1035
789
4339
406
679
2917
1917
3032
3204
819
1694
2414
638
964
4502
374
3573
1193
2104
1358
2158
502
3965
763
3281
3441
2125
629
83
516
1646
4281
3854
3073
2273
3618
3933
756
1020
3202
1257
924
4074
2028
1364
2591
24
1388
2133
1359
3541
3704
487
913
3484
2030
762
2082
3416
2322
251
4404
3018
4439
3193
2916
4012
4373
56
1775
4152
4202
2634
1442
1128
1718
1612
1079
633
909
4239
1301
526
3297
457
152
1990
2611
4378
3370
3564
2621
4422
3949
2665
3066
2643
2149
3011
3335
3262
1338
768
3848
904
1644
2778
3082
501
3328
3254
2843
587
3679
1069
4247
3900
2768
367
3317
1833
255
3282
376
1835
1014
4352
1665
2465
1331
986
4072
1744
3380
960
1255
3100
4101
4005
3099
1064
937
2511
809
1282
1421
1024
3930
254
3399
454
2367
430
2219
2265
1653
428
2562
2572
975
2152
128
192
170
364
1192
143
4381
3287
2491
2946
2404
3694
2207
1081
127
2527
983
1414
4386
775
2842
3440
1523
2717
3010
541
3432
2352
1463
3891
1002
2890
3747
1004
4025
2301
4156
4151
1563
2792
4127
3765
3187
4336
729
536
302
2052
3278
1985
1390
1572
807
1904
1491
1954
4320
370
1908
19
619
988
3296
387
2711
2779
4139
3310
3427
365
3858
609
1786
274
1393
3546
361
889
189
2062
3733
2936
1834
4262
2908
2135
3919
4351
85
4140
3412
2670
800
1430
574
1536
2272
4487
2695
561
540
701
2408
3029
2084
2296
2443
3189
3737
1150
2740
2773
974
3865
2379
1098
4280
2905
730
2937
4205
925
1879
157
1242
2222
3207
1216
76
4020
168
3575
3695
4269
1841
150
2289
1610
3318
2383
26
3548
2794
3521
1542
1641
3261
2482
3696
4158
4241
317
3594
1891
537
1845
1246
3914
331
2424
1829
1440
2071
3748
4150
2440
2061
1677
560
3680
2994
2839
1769
4442
3936
155
539
1826
4426
39
2930
3074
671
1575
1885
4267
2535
2873
2509
2922
1395
1243
3799
1318
269
1918
1981
2248
2987
614
4284
1007
2847
2802
3055
3887
917
2004
2957
51
2995
207
468
559
4355
4322
3292
3585
4474
1848
4499
842
2885
4131
3351
366
1850
4359
3885
1667
276
822
1181
563
70
549
1822
2947
3700
2286
3588
462
248
1648
1753
553
349
4501
400
161
1939
1625
1334
1615
2748
4455
469
2460
1823
4294
1798
1921
1423
3093
1455
2736
2764
694
639
2094
1603
708
458
4497
2954
961
1084
2679
1376
593
898
4485
1266
195
3077
2577
946
4409
2639
1195
832
3607
498
759
2502
1129
233
1905
4308
3095
1263
308
3908
695
4129
4298
2253
154
740
3124
965
1404
4001
1329
4184
1297
2691
2974
4024
2892
2338
3985
1269
443
4078
2170
2593
490
216
4030
2240
4392
2681
2766
1749
2962
717
1038
2323
1505
3958
2446
2760
3596
4109
3603
1541
4315
3171
1934
1670
1470
3403
2529
2857
2699
253
356
109
3836
4056
329
1838
728
3562
286
3706
2398
1272
3532
1462
1764
1703
1974
2542
4301
1029
2770
2808
4054
3849
3862
1204
2883
787
652
637
1095
1777
1289
3652
908
4412
256
2139
2423
606
1056
202
1260
849
315
4482
2140
54
3531
838
1427
4218
2259
3346
3691
2108
4391
284
2060
627
617
1435
954
4170
3237
2757
3756
122
3973
757
3407
135
1581
4324
2029
285
1057
2452
3701
3920
3750
2894
3897
2076
3743
4414
2863
531
52
2287
2068
1811
1328
1240
2401
2421
977
2888
1383
594
1500
2743
4167
2471
4176
3118
3447
3741
69
2538
3632
2470
1316
3648
3102
2218
3524
2257
2397
1623
2568
3012
3509
2789
2300
2595
3119
2087
3921
3270
547
3360
238
1223
2971
2122
2005
623
3256
721
3406
3431
3291
2159
2138
4206
3995
993
920
2663
1774
2776
3566
676
1197
1825
4242
1627
1755
772
4234
2554
3620
3636
3098
2441
2049
3766
3465
1940
2576
1556
703
63
984
2552
3692
3332
3486
2640
1971
4193
3257
1371
2255
4130
48
3860
346
2993
2324
108
2141
2887
2703
371
2077
2702
916
758
1994
3052
439
3004
4508
3003
1582
293
494
1096
425
1671
1156
2805
1419
852
1589
1783
692
3232
2163
383
945
3963
3358
3236
3518
1794
3145
1003
1401
3002
1485
3622
604
452
1466
35
4046
538
2169
1099
413
1876
1467
3556
3030
3007
1030
938
125
4332
3559
2416
3473
4285
1110
546
4494
3505
1229
941
213
2944
3606
535
1503
776
601
578
237
1209
3192
2617
3667
22
3390
820
45
3611
3356
1311
4019
1931
4504
907
4260
4076
2353
158
3808
1300
861
272
3906
2651
3661
2374
2134
3305
4261
1052
3460
3471
393
4018
3721
3255
3931
2521
966
38
1750
1756
2582
1103
1190
2387
508
687
399
1943
4449
392
518
2774
2798
1416
3347
732
4026
1420
2861
3567
1855
1919
900
198
3343
3322
3218
3069
3876
2093
296
4088
2854
1778
1902
3508
4188
661
1554
105
2200
4425
4051
1695
1964
650
3779
2074
550
1659
4328
3502
1820
1707
967
2811
484
3647
1537
3582
2043
334
1187
3955
3448
2636
2518
3191
1632
307
3856
4007
4321
2464
59
3678
4041
625
1924
1993
3500
995
2395
222
2803
455
4446
141
3517
390
2102
2447
4264
850
2327
1946
4431
3386
3491
957
2796
668
3087
918
1933
1009
3228
3866
3039
3165
3331
90
2396
943
1443
3915
2689
3823
4309
1705
3961
1389
1996
3665
1602
144
1133
97
1198
2860
4369
2564
3131
530
2625
1926
445
2166
2586
2037
910
4128
1163
3054
267
3628
2021
2336
3345
788
1313
3773
3576
3453
3911
565
3530
3393
3912
2984
1805
3658
2831
712
492
2174
4492
2142
1296
2928
3383
2951
655
4483
3736
1307
4395
1355
1958
2708
4081
1968
2226
4429
998
1525
2467
2045
2430
2997
1712
172
2868
1830
1049
1626
2047
2392
1033
935
1929
2056
4400
1512
444
3424
1710
802
2355
2445
1978
4245
3173
3962
4028
4163
2705
3056
4411
3142
1642
1026
4032
1787
4452
2523
3397
2505
404
843
1000
2584
2017
4466
341
3717
2834
1849
1966
1960
608
1796
926
2234
4226
291
2173
2168
3651
3712
3430
1115
3579
3126
1984
2629
299
3513
3882
4388
3902
4154
2714
1506
3989
1818
555
1593
402
2646
4014
3593
91
4073
1560
61
2151
1152
2498
3409
1310
2932
2011
1379
1873
3868
3590
3954
2900
1382
1191
888
2522
1478
521
3289
4385
2137
354
268
866
3277
1706
2686
210
862
1824
3527
3230
2360
33
824
3889
339
2945
520
4102
1704
1464
2197
4017
1369
1740
1045
2882
2488
9
3235
3563
3871
4059
3210
3461
2196
4002
598
1910
1585
2671
2604
3672
3516
3809
3727
760
1809
3595
1345
3285
3650
2893
2358
1325
241
432
1788
1415
707
4348
3942
2565
4119
1696
3415
881
764
3991
104
89
4405
3096
3760
1973
2099
3565
3304
2490
3070
3619
1214
1471
221
4116
1538
1320
3057
724
3198
1522
1194
2981
2810
4133
1839
2156
644
2706
88
244
4097
3819
2549
3810
316
2898
3134
1058
584
836
2444
4376
3097
683
1674
3152
4006
3512
1488
4160
2959
2642
870
3222
223
4457
3418
691
4498
3663
196
1679
359
681
250
1693
3846
4420
3909
1763
3022
3379
1529
4161
2362
98
621
4343
312
2313
4034
193
2941
2129
670
1949
1837
2192
3838
645
3329
2437
314
3163
3024
351
1514
700
1292
3806
792
2669
3125
18
1909
1019
96
2728
4084
30
2541
4415
1012
3494
4254
2492
2765
2907
3886
2624
3525
1702
1321
235
2832
1173
981
2525
107
1515
3581
2417
1497
725
3850
1528
1372
442
2741
340
2023
2178
514
4416
1733
3613
2767
669
1006
791
1082
4148
886
1507
1711
2557
3597
1479
4249
4112
1730
3114
2913
8
4137
2992
2550
3166
3053
783
1425
119
1521
1987
4306
2558
882
3381
3820
3352
1662
176
657
360
2580
142
751
863
3967
1249
509
4186
3238
1953
1874
1903
3400
858
1203
330
3804
2110
677
2891
3308
75
3637
2189
3666
4329
1649
2772
1527
1683
106
3156
779
1692
1571
2952
3480
1453
2660
1684
3844
3659
1724
1880
4096
1112
2325
3184
2328
4065
456
2818
3526
1277
4207
3877
2054
252
486
2308
1101
3534
1813
394
4349
1139
3783
4407
1951
2119
4491
2144
1324
666
874
3584
3234
2100
3063
1044
3280
4268
980
3266
3036
11
2370
2250
3258
2872
4248
963
203
2331
4144
47
3252
2724
2155
1890
1510
3643
3746
2903
467
2531
2083
714
3479
1236
2326
3147
947
2462
2258
1548
765
4008
470
1008
589
3644
363
940
1073
1224
833
1407
3251
2800
1109
4375
1980
4488
1100
3242
2988
3061
3533
324
2148
2510
2382
3745
548
1959
190
3072
4123
2193
1349
3151
3136
2672
4311
147
1599
1215
3306
1532
4401
3859
1072
1031
2806
3088
1377
2841
895
4251
3959
77
4274
304
3170
3348
4136
3319
1501
347
2012
2476
2275
4354
3870
2835
1969
1912
3089
4278
3753
4069
375
723
2520
3796
4495
2145
2457
2433
32
2481
826
224
4204
126
1312
1533
4103
2853
3372
597
989
185
1906
3501
2154
2512
352
166
2688
1111
640
987
131
3938
1882
318
377
4472
1027
1085
3768
3655
1350
2497
1456
3139
2097
894
261
1285
3841
1708
1948
830
3698
3602
2826
3968
101
1304
164
1983
2977
395
515
4053
1534
735
245
2190
1386
3555
281
197
411
2813
4403
2996
475
53
3784
2886
3625
4465
219
3421
4507
3941
3038
173
2479
1557
50
4175
280
282
3890
1053
2297
3645
372
3146
3600
2312
3116
1473
4099
3685
1793
3580
733
4172
719
310
3523
2960
4372
4066
2469
1238
3689
649
3422
3090
855
3482
1459
686
2007
1622
4437
873
1196
3640
177
3127
1565
1508
517
2048
581
2176
930
780
1815
497
1422
835
1897
86
3583
3945
3731
1143
4366
3133
1737
3864
1380
132
2569
1117
2824
3545
1208
1477
1967
3816
169
2432
4384
951
1658
4423
4216
2040
4203
774
736
3926
2269
2429
2237
2600
659
165
3852
2548
4277
3776
4282
653
4181
4291
460
1666
600
592
3075
1330
2001
3616
1494
55
3298
3624
2725
2637
3194
1247
1601
415
3455
1814
1370
1688
2641
4454
3690
4462
2363
2075
4344
1651
985
206
3249
1925
102
325
3443
4124
3830
2120
453
4390
266
3646
4461
3927
1337
2160
1218
4194
4503
3019
1928
2065
1791
1131
741
3990
2904
472
743
94
2968
3135
3669
4273
2306
880
391
41
1970
1859
323
914
665
115
3428
2658
2409
2399
4340
816
4428
4510
2059
2722
3660
3149
4363
294
2744
1387
2822
2919
3454
4325
3396
643
872
3952
1225
382
3554
2305
891
186
2573
3506
1997
3437
1226
2694
2528
1631
95
4055
25
1584
631
4283
4290
3259
1254
2884
2116
3703
3475
1754
3014
2730
3623
2809
3359
1577
2692
2775
3918
1219
4011
641
1268
4289
2194
1553
1438
3128
3176
503
3670
1663
23
1800
3408
3148
2827
3964
1828
2652
2105
4470
2261
742
1278
524
4126
3781
3190
4058
2866
427
3592
3245
4238
209
2732
2544
3855
1945
3975
4022
465
2817
744
3429
1381
3778
2704
2315
1999
1327
1675
4440
2567
2833
3224
4095
3478
1725
297
3550
1636
1367
3027
2603
1059
3035
3807
2356
162
2095
2500
1114
2684
1088
3728
1633
16
607
2990
1976
1751
3896
2165
4169
1148
4460
1854
3730
3059
1616
1159
3713
4010
2343
1957
409
3487
829
3875
1017
2729
3699
1605
1212
389
17
2427
4300
2195
854
523
2782
2070
3240
2346
1567
1652
2277
4187
3851
2405
837
2436
1306
3786
4115
