633
4011
447
2030
636
2148
1781
3892
2522
1175
2675
2939
2779
4032
2755
1659
1690
4334
812
2308
2450
2106
359
1816
823
2886
89
3027
1759
4419
423
109
2099
3431
339
1551
4435
3086
1696
3369
777
4426
657
3193
4230
4107
3899
2484
1071
1471
138
3295
1518
4082
970
967
3660
1299
394
608
3279
4083
2025
1583
3811
3958
1545
3632
3582
3716
2225
3721
3787
2908
2083
2221
3082
2432
1580
1889
2803
2426
456
2671
519
303
3541
3281
2573
1154
72
3781
2922
4396
1185
4315
215
3527
2990
162
1584
627
3982
314
3392
2791
1134
2568
2087
4277
326
1157
1773
1098
2056
749
416
3382
2660
2229
1206
3847
985
654
2246
3886
3128
3918
2636
4220
2713
583
2874
4450
3859
105
2269
882
2150
2394
3970
379
1372
3321
577
4395
3522
4281
4397
758
2711
1197
1152
4001
2971
119
1381
3170
4080
1682
1151
43
2189
746
3429
2143
1822
1236
3752
446
3719
2599
21
4484
4201
526
3283
274
1536
4076
896
113
2264
37
3053
155
1101
51
2039
2841
4211
3421
3389
3185
402
624
681
150
201
2687
2924
3821
1882
1286
106
3376
2146
927
2900
1242
2473
3701
55
2439
39
2427
2747
358
69
93
1656
3965
2912
3304
4127
187
1959
1978
1214
1621
2498
937
2897
3570
4041
2134
3495
1777
3832
4291
3537
2405
3282
805
209
585
2449
334
3181
1099
4029
1913
621
1708
1709
1333
2218
4353
4473
1841
3914
1487
619
2304
2190
3974
1660
2533
895
818
104
661
2412
2457
2216
518
3408
2346
3315
3063
385
1746
1651
2245
1997
891
52
306
3096
3384
3913
596
4125
4104
445
2813
2669
2402
1044
3286
3708
14
3935
1799
399
3324
2355
2584
3209
1050
586
3433
3214
2532
2633
2570
4483
2565
3172
2807
543
3960
602
4455
3979
267
1385
816
825
2940
2830
975
2367
1162
2708
4449
417
2261
3742
528
2220
2414
133
672
4102
2179
2197
4251
7
2080
4015
3538
570
2487
3350
56
1287
3368
944
1572
3822
3235
2745
4285
3553
599
1853
3054
981
2685
420
924
87
4388
1896
1272
2399
1840
3858
1265
4088
2237
2656
3667
3339
336
4330
3634
4055
834
1016
2960
1423
4042
979
4002
3673
2995
2032
2799
4308
696
2284
4311
4044
3972
1894
3751
1692
1000
1529
1974
860
631
3835
954
170
2526
3511
1254
3681
3843
590
1308
4053
2444
3520
615
4095
2690
678
3664
1161
854
1703
1078
2111
1711
727
1068
1323
801
3303
2969
1410
4434
810
4343
487
4267
1843
662
3930
3248
2744
3906
3587
2295
724
3365
607
3291
4430
299
4423
1052
2795
3577
3370
1942
3869
2869
996
2323
4094
1521
3240
4062
947
2257
4278
2328
3222
29
1262
4469
3944
1061
262
2819
1114
563
398
94
4173
3853
4386
4236
4402
677
1367
1296
3860
4027
2059
3145
2735
4411
3125
4399
4417
2101
1764
3046
3262
186
479
3513
4166
3399
794
2879
2932
505
3118
2898
2873
1893
1383
171
3344
3845
1386
3949
2949
3715
2389
1763
3432
4079
1900
4322
2959
697
3131
1836
2715
2374
2455
4206
611
2638
2566
4276
3085
2279
3276
1243
808
3130
747
1382
1018
3223
1201
4068
3244
3873
1037
3644
993
625
2868
3277
2984
2951
194
1653
1314
1387
4018
4347
2338
2503
1989
4232
690
1200
1834
2495
3293
1143
2740
166
44
3797
2528
64
4157
4361
2631
3159
4307
422
2117
2195
1274
4021
1459
2281
2152
1849
1966
1740
1371
1066
2325
3836
3252
3566
4233
556
2193
241
1373
885
177
193
3257
1388
1887
3395
4155
3064
1006
2016
3680
1742
2694
3994
1338
1468
3737
2035
1102
874
1888
163
2983
1222
3016
2327
311
3260
1638
4228
793
1968
868
3007
1073
4182
4135
3603
3925
3507
377
2764
1401
3745
211
1984
3259
1998
188
4126
4439
1097
1911
4167
1650
2979
3078
4452
4272
1281
3696
2091
1718
918
3655
2385
250
491
2070
4495
3823
1144
1290
3200
19
1207
545
3014
1494
776
3487
1062
3818
2572
1960
1571
1745
4010
2955
1661
2952
3501
1700
1130
255
164
2019
4497
82
2017
3864
3760
1173
1293
2934
768
1717
2878
4312
3514
270
189
1429
1212
2497
3720
4112
1927
712
4172
1982
1464
3867
1962
1607
295
2846
686
2404
84
3825
558
2359
259
3180
635
841
4364
3322
1823
904
1909
3371
4398
2108
157
315
3893
463
769
4051
3057
31
2742
2463
2592
2020
1732
1901
1295
3234
1965
800
1884
3795
2641
1407
2119
1859
520
2738
1002
3646
2670
741
4380
752
1306
804
1015
1961
3089
369
3902
2252
2453
2417
1484
127
449
1444
3407
4479
1550
1284
2310
3074
1749
2435
4494
707
3743
976
1794
1805
2062
3616
2682
1842
866
4200
3041
2542
1305
4075
2388
3676
3406
2520
2298
2788
3169
1537
3455
6
4003
3863
1655
1994
341
3535
174
1418
2006
4192
1829
575
3111
715
2219
3334
2031
1870
3703
2007
601
989
1445
3397
2064
4406
2003
2718
634
2082
3922
2867
1967
3135
1437
3868
2549
4510
2309
1721
2845
2571
1555
2079
1096
4035
1938
3753
3508
3630
797
2737
3748
1895
2038
2991
992
4252
811
3173
2505
2210
4009
2607
3740
2384
3563
3529
1552
3609
1339
2515
1250
2580
4418
3901
3638
1230
2274
4159
1361
4445
246
4146
3757
3316
2411
197
3941
4409
503
3894
2353
3583
482
1240
3887
3468
3959
2332
285
1838
3319
4290
1775
1427
3876
134
550
1515
302
380
3861
3463
3425
1694
1757
1432
3627
4390
2720
2502
4391
3075
1578
4317
4319
1654
3353
2370
330
4302
2299
3141
4
4180
3565
3151
368
3051
2917
3877
1688
1334
1495
3378
540
972
859
1918
74
736
1616
4194
2262
3829
565
1189
4437
2705
3362
4244
2907
2493
3424
430
2576
1436
3298
1919
316
112
756
3313
3640
2403
2977
1187
2801
2466
1657
429
121
3766
1904
116
4360
1597
2149
279
3103
4034
2212
3889
437
13
1902
928
2291
513
3659
2628
3360
253
4026
4303
3342
3678
3192
1532
2587
2551
2555
3115
2187
1086
1734
789
4438
2808
2458
2854
945
1564
2209
1510
869
3952
4222
1939
2165
1450
820
3302
1820
2366
2992
3729
1111
984
1755
2033
1116
1234
2832
2645
685
546
669
684
2201
2760
1558
1283
1221
1179
2877
2112
2456
2757
1562
3575
2049
1478
894
1275
2836
592
2446
4351
4006
1969
1872
3310
4420
2600
2142
4110
3528
4063
2496
1761
2673
2582
4422
353
1748
4048
1810
175
1547
744
571
2240
2054
2012
3880
1370
1791
66
3348
159
1737
2929
2914
3954
3802
3197
3741
3307
120
3727
2550
3915
2716
1858
1812
3106
734
2937
500
3069
1443
1046
1674
2351
4207
1092
2442
3885
2961
1992
46
2653
2192
670
42
4282
224
2947
1396
1636
3119
2838
1255
4121
2362
865
141
2421
2239
2888
2368
3850
3393
3098
1854
3916
2593
4333
4037
3446
553
3132
886
401
3245
2756
4045
480
910
1999
1669
2634
3758
4470
3584
917
3390
2777
4499
1828
3713
3521
3153
370
1316
3544
1948
3852
1874
2107
3008
3820
3470
4129
1034
4176
1956
1354
4120
731
3560
198
760
276
1483
3312
1610
4440
4305
1910
457
4286
2413
3094
4204
509
3997
2732
1560
4106
2596
919
2131
2161
1400
3872
4122
304
1109
1574
1199
1490
1195
23
2057
228
240
2722
4381
2144
3479
2828
4474
1312
3623
2943
962
4451
3476
1268
4275
651
920
645
569
986
1411
1619
1056
1680
2205
83
249
3329
1256
1150
4209
225
1736
3440
1325
875
863
1008
4148
3000
2538
1245
3662
2726
2270
3904
118
2259
2005
3635
4459
1946
2282
2476
4091
2734
1665
58
4214
4255
729
2011
2175
1976
2864
4039
2965
4457
3139
2881
622
831
1190
1935
291
1819
475
2785
3633
888
1326
780
2236
1540
3567
3249
2730
54
1639
965
4389
3516
2128
1447
3217
1253
3554
778
4065
879
352
537
1743
1747
877
968
3641
2029
1525
4442
2168
3175
3612
3571
2492
1612
3489
843
1120
264
337
2026
3076
3978
589
4357
1539
2037
3275
3749
704
3733
1043
2158
3506
128
4059
1704
2280
3895
2938
3398
3154
1067
4421
1117
3789
4363
1941
3320
3687
2731
1632
2843
472
2251
828
2905
2826
123
4314
2733
275
4475
2155
4392
1319
3156
3110
1442
1934
2769
4189
4274
2263
1181
1990
2272
588
3383
383
2232
3683
1076
1593
1691
3765
1932
1561
4405
1933
4052
3786
3256
333
2753
1565
2036
2575
2043
1040
3533
3405
2073
3677
3999
2326
956
409
628
1277
4306
3725
3299
2022
96
1238
2398
1945
1569
2
2508
3975
2065
714
1832
3137
2822
4115
3442
1376
1465
3483
364
213
4463
1885
4349
1090
1892
3377
195
3558
4171
1504
1421
2058
4081
2114
2946
2178
824
792
1301
329
3070
4134
3562
1351
1760
913
2775
814
3619
3049
2296
871
3962
2783
3645
1095
872
1452
3226
268
2988
4501
2910
280
2531
350
2767
884
2806
88
3400
3827
1787
1125
3615
3157
204
3285
2014
915
3648
691
3951
2371
1784
3569
191
414
4488
272
845
4427
2266
4108
1883
1825
214
1313
999
286
3190
4448
1684
2529
168
3969
2045
2903
103
568
1158
208
1886
1365
1412
99
3762
2207
2678
2238
2186
3474
3897
647
3134
930
20
1441
2188
1611
702
499
1094
3830
147
1488
3485
3642
2479
974
4000
597
220
2613
3162
1492
3672
3919
388
4164
444
3065
2771
4156
4496
2307
1310
65
2214
2966
2982
2772
857
3031
1673
496
1231
1541
1311
62
664
1579
340
3932
2230
2433
2467
2519
3332
2431
477
4203
2698
2397
3363
3264
3183
3101
1138
3263
1925
3985
2042
2672
2504
1667
4354
3434
604
1402
783
4424
425
1852
2169
3366
3341
1573
478
2331
3346
493
2604
3654
4498
3454
2494
2067
2906
1833
1298
2121
4067
2527
612
3992
3665
1750
2816
1501
2824
2614
1589
2488
855
4297
3335
906
4356
3573
3581
1285
3266
4371
2288
4116
1871
254
2663
1105
200
2116
440
1568
2913
1813
2724
616
3831
3663
1472
2416
152
1486
2789
2378
261
1208
3391
1738
3502
2196
3590
167
3653
2342
2919
2659
1509
2096
902
2691
441
1912
2911
1420
3871
1880
3015
1699
2655
2226
3465
2253
290
802
1399
2154
1133
2231
916
1710
1106
1676
443
2254
3152
3409
2422
2577
3775
1723
1876
1957
1477
1004
1257
1615
4234
3105
2981
3213
2739
3602
3837
4368
3428
3980
2135
3598
178
2224
3778
2109
504
1693
332
2377
1239
3865
948
2129
1395
950
4261
1588
2337
1455
533
1292
3018
1848
3604
1100
77
909
1866
3534
3061
1534
4217
3055
1662
1460
1671
243
3777
844
2182
2548
4025
4341
3702
946
100
2499
3774
1123
1502
549
1716
2334
2265
2725
4413
1970
4472
1936
2837
2620
3991
3002
842
1469
438
1224
3224
2227
4260
1826
1374
269
328
1235
2391
994
3964
2882
3073
4428
903
4123
1713
3083
2292
1251
958
2856
1678
4007
3601
4077
3808
1770
2480
4210
1024
2392
1512
1507
821
3441
2041
3477
2974
426
442
3305
1406
573
3993
22
1
3081
3824
3359
1107
4478
2092
3497
4408
1247
354
3900
97
4047
2001
3731
934
156
966
288
3938
2523
1556
307
671
3589
1629
1409
1059
1337
1042
230
3297
4242
1145
2162
1511
4014
1384
2364
576
900
3273
2546
4503
2105
3032
454
2787
3412
126
3698
2511
3017
4154
3578
1582
3626
743
1712
2741
2437
2901
4130
4071
706
2850
3776
4202
3309
1345
738
1249
3735
4393
3819
2689
1258
4415
1119
376
3744
578
4337
474
1304
3120
3005
108
1080
1366
3116
925
1217
4208
932
1393
3009
977
4019
1453
3756
782
2964
2996
3580
2539
4509
952
130
1861
1695
4403
3056
3025
2997
3246
3594
294
1520
4090
3517
3722
643
2376
1064
4136
3841
1891
4016
4407
277
4404
666
4313
4151
1489
4245
1780
983
728
3207
2415
4378
4375
4466
75
4385
2469
1811
2999
3791
689
853
1416
544
1497
1083
987
3280
822
41
1730
2679
4433
2970
535
3435
2194
1340
389
4394
3080
3805
1246
3182
4329
2061
4327
1169
961
1753
2009
2460
3416
1835
2986
574
3685
2916
206
2247
3337
4280
309
3300
3227
3043
145
2714
4266
1809
4153
4369
2609
2935
3261
4152
85
176
3491
1524
3403
2875
2234
2902
2581
1252
418
3947
2120
16
404
497
908
4345
205
323
2330
2440
705
2336
3155
4196
460
1719
830
3336
899
4456
3967
931
4100
1350
110
1025
4480
815
1220
2060
640
1289
1260
4358
3236
3251
2015
4022
1163
86
667
1633
2560
2692
2904
557
1533
3122
2976
4284
2545
1744
1017
4149
4481
2213
3652
2360
3013
3771
235
2363
3928
785
4133
2842
3355
4350
2798
1156
1522
3532
4348
3946
2848
4432
1856
281
2183
767
408
4050
798
3121
2962
3971
2177
301
2721
4038
124
3471
1928
3215
1248
3851
2393
1225
1462
3250
1505
3769
3092
2093
2563
3461
1474
2198
1807
3917
507
1727
4296
1193
3882
2199
2204
1434
1122
2889
3714
2483
3195
45
2723
926
679
1074
2866
2709
4283
3436
720
3816
3024
3658
2375
561
1053
3052
3352
713
2382
50
3035
3526
911
4221
4292
4181
2078
1054
1183
481
1300
169
1792
381
1309
2861
3292
1506
4263
4318
2118
3657
4033
3923
1955
4325
2683
3943
3844
1817
3328
4342
12
1318
2623
2892
3048
3143
3613
3411
2931
2491
876
2622
1839
373
938
3536
3233
3380
2115
2215
775
2688
4101
1724
223
2311
1170
2891
1940
4382
3694
4324
2954
1733
1624
1280
1413
3966
4379
2619
3682
897
1085
30
115
1149
2642
419
3707
665
81
3857
2509
1964
4061
1142
688
48
2066
3219
538
942
2208
2459
4338
317
1263
1587
101
606
3109
3866
448
4147
161
3711
4446
1917
2516
3574
1771
3326
91
620
3498
2094
3996
2191
694
3401
1570
3028
502
1405
3453
764
3364
1549
2650
881
2968
4268
79
1380
3700
3779
258
4310
923
1595
151
2556
3058
1360
1347
525
192
3976
1378
24
851
33
1953
3388
2706
1581
3021
763
2050
4485
1628
2950
2429
2640
2271
3272
2585
1499
2409
1566
2696
3772
2172
3186
1714
2589
2063
523
4489
1454
1707
4491
2027
3333
4299
1986
3095
4219
461
1392
467
850
4215
1526
1192
4298
1174
1666
1943
2770
3826
406
1517
3475
4137
3311
2774
4492
2554
4365
2100
378
3047
1531
2920
2590
284
1485
1013
4359
2046
287
25
1346
548
3671
325
1233
3785
4444
988
348
2754
1021
494
3247
530
2782
1772
609
3556
3422
3870
3596
1213
2840
3255
2344
282
2553
765
3469
718
1952
3004
38
2668
367
1458
1907
3443
4493
4410
2176
3011
1916
3268
3044
3793
1007
4321
692
3045
2702
648
2727
2436
1567
4089
3481
4161
3225
1398
3998
3924
3165
415
1422
1845
2644
3019
2085
2369
227
439
453
3343
3736
4248
3150
2852
450
2034
182
600
3242
1104
4247
683
2000
960
1741
656
393
1758
2489
1184
2956
2835
1010
292
3854
3467
2601
1598
4476
2222
3539
4504
3669
2918
3022
2569
2004
485
3228
3104
856
2602
2372
2662
2872
4169
3030
4243
4031
2286
2454
1622
4460
3888
3059
3666
998
1279
1648
4326
386
3289
1317
2339
1357
3038
2752
2090
2380
832
3568
4414
2021
836
1868
1596
203
2358
735
1824
2885
3833
371
1803
313
1603
335
1019
1728
4020
4084
3718
4179
424
779
3621
1906
4237
4400
4370
1417
682
3452
4294
492
551
4372
4505
1491
1033
2341
949
1796
1266
3989
1644
3559
1950
196
3003
1914
1322
4070
305
1328
3500
4223
1038
2750
2500
3482
2605
1128
3187
3158
3189
1307
486
2145
2818
312
1855
1554
516
2534
3629
2751
3942
3450
1045
3679
2972
4441
1808
3620
2441
990
2865
3600
3597
324
2612
3439
1979
3512
1294
4256
2303
403
3133
3552
1768
2681
4436
3177
2055
4086
1793
2857
360
2703
1975
98
2849
1762
1731
2420
2138
1604
3127
4464
4183
2512
2860
2343
2406
436
2863
2170
1782
47
2316
247
1971
2958
2680
3709
3136
1818
517
1677
2242
434
158
2200
1115
3198
826
2794
2423
1864
136
723
1790
3296
594
400
4500
3306
1335
407
1908
809
4355
700
935
1963
880
4471
2693
2812
1140
3618
795
375
3301
2887
49
3050
1084
1806
1752
11
806
1860
2839
2858
10
632
3593
4506
3691
392
132
3891
1697
1837
2557
1164
210
1519
2871
3884
4109
3973
3033
2471
2233
4096
3783
2654
2561
1686
2260
3144
3102
1218
3349
1951
893
1542
2136
263
1898
623
1814
366
3592
4429
2137
4287
3146
2989
345
3199
2825
4323
3232
637
1875
4249
3674
559
534
3464
4043
788
1498
1072
3079
1431
1481
1035
2701
3117
883
2521
2122
2827
3006
1601
3579
233
160
514
2588
2927
2608
1735
3555
3610
4468
466
699
3806
221
125
476
3486
1087
2518
2434
1862
4374
3379
153
3907
2884
2235
4205
2153
1739
598
1635
3265
781
4168
2315
4190
2963
3148
2268
3810
1645
2462
129
427
2306
1186
796
774
351
3926
3792
3437
1508
3639
1647
2558
4271
4099
748
3945
3361
867
4304
1171
4049
3460
3420
70
1594
2514
3724
3939
2763
2053
2418
582
2127
2543
248
1614
3149
1591
2400
3490
4443
835
2335
2184
1576
1408
3883
3358
2387
4212
2652
322
142
4235
458
4158
790
858
3576
1089
4377
4425
1675
2844
3267
1379
1070
1592
1944
2930
2348
542
3908
3750
644
1079
2870
1652
244
1921
1993
4188
2180
1139
1210
1981
3936
2506
1804
3039
2395
293
506
3238
3088
1634
3800
4331
3950
1397
1137
3838
2419
1390
936
2781
579
117
251
2876
139
1297
2766
2206
914
1631
1923
217
2899
3990
1077
1303
3519
4105
3515
1630
4482
4227
709
626
266
566
3445
1725
4170
135
9
3912
3755
3738
2517
3
675
2275
1881
1273
3494
483
1586
4373
1188
4507
4490
3097
3417
3705
737
2312
1926
2160
2302
4367
3423
435
4265
1683
3317
2203
3023
1846
2944
2616
2040
111
245
4328
3656
3546
3290
3754
2809
3523
2156
3325
4056
784
1324
2507
411
849
3196
4017
2086
1528
564
2980
3029
4193
1640
650
3347
3732
4376
3911
3108
703
17
833
1890
3161
3723
1729
1722
3840
3191
722
2294
1789
3622
216
2445
4279
3381
32
257
3759
2909
4254
3484
5
2123
3607
1065
3813
3728
2103
1480
1362
4178
3357
2319
3790
3270
412
4477
2361
2925
1947
2478
4058
1232
943
3542
1720
2048
2525
4301
1523
791
3690
3739
3675
3499
1439
3114
641
1514
2677
3768
940
464
3419
2646
3140
2410
531
2804
2624
1320
4184
1036
1620
955
2719
3026
1430
521
3614
2141
2761
331
95
4191
663
1681
433
1368
2802
4174
1172
3695
3067
2748
1112
757
310
154
668
1608
2942
3549
3503
2068
555
347
997
2482
511
1815
1751
2244
4239
355
3160
3846
2166
3788
870
4008
1029
2786
1798
2010
2936
2470
3418
3572
3545
3649
236
2648
2728
4162
1359
173
80
3605
2637
2468
536
1060
1358
2665
1482
1623
3809
726
2349
1496
1261
639
1664
4143
2125
1767
3504
3839
465
3699
4064
3807
28
148
1355
2853
1869
4289
733
2928
695
1516
3804
2658
673
4383
2686
959
421
3591
3066
4004
3712
4060
1330
1991
1996
1435
1559
2430
146
3402
1075
3318
184
2174
1433
1801
3764
1141
2666
3354
2290
1922
2923
2340
2390
2097
2438
3564
144
4040
730
2443
3462
1461
2985
3956
1646
2784
1649
2356
2018
3459
1136
1778
172
451
2139
2649
4141
659
2552
2278
1698
3123
2289
2736
1027
2579
978
3686
3588
2610
3345
3218
2695
4344
929
3010
3692
1456
1203
839
3202
2173
4111
2541
239
2831
3394
539
2276
4132
2051
701
649
1124
2893
890
2674
1706
4458
750
2810
1014
4416
2629
2181
2790
459
4087
969
2926
2998
260
2621
372
1476
2324
1627
1228
3284
4028
4250
1543
687
2277
957
3323
4231
4124
1500
1202
1466
1613
674
2352
222
2544
395
4144
102
4253
716
462
3351
901
2661
2028
799
3204
1972
629
3374
3636
3551
3084
1847
2524
522
36
4005
2164
319
2297
1426
2448
1602
3367
231
4119
4114
1057
638
2425
2075
1802
3934
338
3138
1440
1899
3834
3396
362
183
3668
2350
852
18
318
3710
3890
2428
2465
658
3995
0
698
3414
1344
252
1155
761
2597
580
4163
1237
3231
256
562
4336
218
3770
1091
754
1028
3184
35
2243
980
3747
114
3624
3447
1093
3518
3230
1342
3415
2110
1425
71
529
3988
1331
3404
642
365
2768
3509
