2845
1774
2184
125
2026
3760
2942
1459
2122
3484
1496
553
1996
3995
2836
2774
2108
4306
16
2788
2283
547
1736
2710
4431
1991
3941
164
3523
1917
2672
4278
2443
2472
1874
1632
4042
1517
2698
3369
3010
3059
3194
2455
2917
967
1851
1563
62
150
4186
782
4092
1570
421
558
407
2154
3454
1332
2715
300
3537
630
3659
3744
574
1267
1191
4364
3504
4143
759
2198
4422
3785
4391
496
2202
1814
980
1705
43
1316
1550
4309
4228
3670
2830
2477
2821
2783
2068
651
1241
700
3977
3851
539
317
4405
1786
589
3413
1036
1026
808
3872
2618
699
4235
4161
2329
819
4033
618
1321
508
3903
3611
4227
34
1244
989
3464
2204
2242
2503
1710
260
2000
2799
424
1730
723
1687
3028
4284
889
2842
2705
2140
2918
1017
1682
2561
2793
3105
869
2473
948
1553
3352
1266
1535
1903
3938
592
449
2844
4250
905
2747
37
2460
825
1754
1449
4337
4061
1303
3137
4327
3545
2086
1618
1836
4297
3172
3327
3155
400
2195
2887
731
273
286
3933
1147
2768
2534
2687
2274
1454
752
3770
3161
2724
160
1336
3878
3477
132
1542
2475
2006
2848
598
4467
3450
3184
1057
4368
2286
3798
2955
3236
3894
1228
4345
1719
673
2168
4044
2125
4239
2142
378
1160
434
2120
2627
2070
3768
3273
295
321
2907
3739
3686
1230
834
2414
704
1403
4081
3138
3625
3704
3740
3392
2292
3212
4475
1676
911
3928
2445
1868
1440
2814
3945
3163
3727
846
3921
4439
485
1309
4121
523
3902
1960
206
797
248
2596
4374
251
2478
881
1248
303
2290
2756
1976
335
3072
52
4187
1583
459
2097
372
3990
271
2585
1349
2040
2530
927
472
4075
4426
4197
554
1522
1331
3052
2966
2937
1956
2169
1943
1823
3003
2358
1154
148
3351
3719
307
1197
2085
1211
1412
2600
1052
179
4222
3677
143
2963
4130
3816
878
529
3956
1611
2176
3986
4006
2547
121
2058
4279
2587
4385
1711
3164
2921
3237
1879
2323
2858
692
3774
862
1699
120
2730
1881
2976
3289
1466
3389
1178
3301
1145
3162
4018
702
1243
2128
3736
2988
1510
1487
3260
1025
2416
3401
768
2386
3067
267
1722
4266
3290
1821
1077
2984
832
3616
4236
684
3064
1143
383
2869
1668
888
1804
45
3020
1236
40
675
2991
3566
1499
626
899
3834
1920
376
2424
4264
4307
2667
2592
2118
2673
361
2368
854
783
4002
1359
1216
1795
2021
2516
3224
2636
2569
985
1235
2012
2556
2897
4369
2213
2519
218
4
2065
3997
1928
1123
2769
3438
1955
2609
3994
3191
3016
4347
2214
4504
3985
2688
1279
857
2771
419
2156
939
1812
3329
2975
1746
2505
1326
2846
3927
3341
612
844
2312
192
88
1110
3522
1083
3904
804
2381
2053
3965
726
190
3069
396
2163
3913
671
983
50
4174
2583
1610
2735
2486
2063
681
1995
600
3735
1102
776
4403
2765
642
1880
1420
296
1079
616
1529
1984
2243
801
556
2959
3889
2593
4007
2099
4142
3103
2005
2865
2780
1981
2036
2119
2657
2961
3560
180
4022
3679
1217
3863
1452
276
2391
4273
858
2264
4252
1748
3276
552
1476
3929
232
3576
719
3473
1784
2655
2986
591
2071
2686
1509
654
3684
999
4108
3581
2785
4091
2529
3517
3556
3157
3384
3149
1483
1125
1492
3238
1775
2328
730
1002
1491
4286
866
3838
2524
3250
451
231
3911
3569
4240
917
2708
2734
2088
1595
146
3471
4316
3819
2943
4004
1606
929
1195
2397
1101
1333
3598
4135
3320
1194
3657
1552
1094
1508
3204
1205
3645
455
1882
3772
3108
3126
1737
36
4115
2314
3440
2514
3055
2250
2106
3288
3021
4323
1356
2914
2495
2051
3076
3833
2127
4246
3853
2291
1281
392
4465
551
3653
3960
4351
1268
3840
1324
2339
2420
4147
324
4125
3118
252
348
4234
647
2238
2412
4062
4110
465
4450
1090
2800
2571
827
3364
3215
1007
411
4488
952
1798
4039
4275
4411
2052
195
1892
3914
3037
2664
4397
241
2803
2480
3145
312
557
4324
2055
1304
3614
1277
3166
1249
520
436
176
2701
2166
3485
1224
604
4195
1642
915
1934
3461
3404
1382
2645
2550
1328
800
2183
4447
3476
3764
154
3714
2531
4384
4140
3594
3374
932
4270
338
199
2676
1168
1181
1400
417
3827
1173
1866
880
706
352
2517
3087
2690
931
2098
1770
3982
1422
3196
3267
920
682
1200
2857
3955
340
1799
1075
1966
3725
871
608
3789
1038
3462
940
1398
3974
3019
595
3261
2707
2426
1335
1671
235
3525
1043
3486
1949
3999
3749
3683
1121
1170
157
3060
1374
3926
4430
1753
1741
2892
2971
3257
2218
3373
1486
2332
943
2400
3767
2042
3232
1878
287
2929
1500
3265
3347
4319
3825
2463
1716
922
1065
921
4014
1087
4106
1720
2912
3395
1992
2277
4132
2269
2211
292
833
2648
212
315
1877
738
3270
27
4212
2718
4048
3527
1648
4193
3253
2703
1715
2354
4299
3530
3600
2767
2835
4077
2113
3703
239
3474
838
2271
2737
2668
4295
1127
1617
236
1175
4210
4026
968
102
85
3726
178
249
177
3121
822
2246
3102
2871
1463
2456
3623
2027
1933
4321
3621
101
2628
3676
1280
2607
1314
1731
2340
1473
4283
3912
1707
1961
4214
73
1286
453
1475
4046
3318
1777
1873
1364
3361
735
46
4452
1004
2146
2855
2872
2406
3370
856
2913
2453
2002
4379
1603
3885
1831
631
3661
3964
2437
3254
4501
4203
3847
3510
823
2506
4491
3095
563
2904
2284
560
1315
364
575
3025
1292
3156
3563
4213
3579
162
3199
2889
3397
2404
3543
410
2143
3630
3467
3376
240
3131
2620
3602
701
900
2616
1964
442
4355
3344
1734
754
3433
2096
1702
2635
1005
3079
3252
4225
3802
1759
1543
3805
1201
3526
1523
4146
1904
1672
3848
1808
1190
3063
1329
3214
3815
4107
1199
964
3723
697
2562
588
657
973
717
2510
955
1431
3065
38
129
69
3839
855
3083
2754
1137
3801
1348
3501
863
3150
971
3205
1789
65
4477
1363
4171
1203
1945
1152
981
4166
1041
2790
815
2124
1352
2303
3372
1565
2377
3930
1645
3263
2316
3231
2782
4280
3099
1958
92
99
1162
360
561
4037
258
2762
2067
2997
1532
3480
2850
3061
1762
4343
690
2241
1311
2794
1055
2945
4440
413
1898
494
2186
17
10
1053
2553
1080
3338
3886
1534
3506
1936
245
471
2841
2300
49
3206
2030
2392
2900
377
795
1092
2430
3907
694
2145
301
1477
1284
3944
1383
1355
3639
3001
779
1288
1353
652
3597
414
2077
1233
715
1633
796
683
4265
1622
151
988
106
2647
242
4038
131
184
333
3243
359
1034
901
3937
2382
3228
1790
3516
4103
2639
2962
3549
406
3201
1514
133
1445
0
393
876
1105
2111
3810
4052
4136
852
3606
2634
2753
3134
1681
2334
2964
2159
81
3009
3355
1012
3280
2237
2589
2994
97
1464
2853
4010
4492
3706
2393
3098
3511
4020
3771
2649
444
2428
3334
661
1924
3106
3923
1485
2890
1239
2232
1885
2454
329
2540
2808
1174
3297
318
1330
4392
1577
3316
3336
637
4293
1788
792
3751
420
1293
2066
259
3775
2325
1389
2533
1931
1665
1871
4220
2759
3202
1739
3147
3769
3638
98
2738
847
2446
2308
3152
1305
769
3125
2458
4097
1014
2188
4198
3975
2916
1562
3024
208
2003
3311
1015
4233
1226
530
1108
1437
19
1056
3796
2083
216
1994
517
1858
4005
4099
2919
3240
1854
3170
2189
4432
3777
4417
4406
2024
1794
2442
1059
2082
1193
68
794
2662
1914
270
1132
851
3174
3294
1076
4311
2861
298
108
3931
3680
124
537
452
2330
3814
432
89
3342
3731
425
188
261
1856
3142
3460
138
2936
4451
21
3405
3905
77
3012
609
3668
2173
4148
103
1979
2910
1238
262
2043
1729
1865
513
1358
1380
1213
522
2257
2349
2575
1650
1621
1391
3717
1219
2270
1686
95
134
441
2191
1109
3011
2101
1946
1368
1558
643
2896
1837
3333
4449
185
3599
1547
2923
1019
2135
945
305
4017
1803
3133
1572
1192
1218
310
892
1130
2343
4453
3319
1325
703
3590
2233
1932
145
1171
3896
1884
4261
2158
2326
186
4144
567
2388
2577
4253
3398
2041
2357
3557
4178
1384
1093
2940
3737
223
3264
4088
1176
3049
1408
2560
817
3165
299
613
1029
4510
934
3979
1027
1240
2757
2692
1458
2079
2989
2541
895
384
123
1024
469
487
4134
2072
4200
1377
2333
2563
14
1441
3468
2466
1827
2160
479
3856
1627
3042
3662
4149
1430
774
2567
2538
1340
2419
275
2498
775
2819
2982
2281
1888
3057
263
2882
226
1250
3248
2677
521
1691
2336
2629
4073
2366
805
3509
2797
2338
908
3426
544
3090
2482
3823
2491
4181
4045
3711
96
821
1051
2469
1544
2993
628
3829
1346
2987
1820
2095
3408
2712
1512
3687
166
3701
1751
3969
3
409
1887
747
962
1989
1670
2606
2805
1651
416
4156
978
3358
3034
2171
3217
201
3505
705
2644
1525
2741
1930
820
1022
4471
4072
725
4117
835
328
2779
4289
1470
3755
2112
826
1099
2054
4172
1204
2394
3271
883
4245
2704
1689
4155
2640
294
4053
398
1129
569
818
228
4469
998
4329
1402
744
443
4494
2444
2123
47
3447
610
2578
1061
221
3310
1987
2998
3595
2598
640
741
4154
1461
3989
864
2824
2275
4063
3841
1703
512
3045
3613
3482
3745
3186
3197
542
2545
2536
2947
2050
477
1111
3040
1274
3029
518
4443
1612
4396
2194
144
2893
2719
3634
3968
3916
648
2535
2490
802
495
1447
1533
4055
2084
2854
3849
746
1589
1646
1590
1103
1527
1601
912
1582
1644
3176
3951
326
961
2228
3222
2234
1469
382
4259
1861
2105
993
3500
4373
2175
4464
3047
2347
357
2839
4191
1580
3587
1040
3377
659
322
4371
1494
1810
2864
3259
2831
2787
3940
3033
3643
3022
3472
243
2652
2870
3753
1119
4303
2518
3818
507
1098
3813
1694
1780
2468
695
970
4224
4023
2470
3733
3100
4079
3957
3269
1598
4231
960
500
2409
3673
4093
2151
1661
194
996
141
3758
1503
3663
2170
4414
3688
3419
1634
4412
627
215
790
2282
461
2816
3551
2117
2227
3455
3295
803
956
3632
3128
2608
1890
3487
2401
2075
4082
3542
4274
3962
4024
2164
3457
986
2632
153
4428
1988
26
2595
4486
2235
1071
297
1001
1693
283
3382
4481
4237
2226
3375
3835
4454
3901
2903
2322
1144
405
1778
645
3053
2610
2484
3811
1539
739
24
3988
2859
1166
3836
619
1744
3130
2457
4251
2474
4490
1685
4221
4312
3066
2370
1141
3427
2034
1021
1952
745
3495
435
4019
2828
3068
3422
907
4137
4244
1899
4480
4359
733
3360
365
4160
3852
1629
2637
2944
1010
4207
31
710
3378
3140
117
1289
4400
93
2100
3864
2016
355
4483
1300
6
965
3592
1664
3387
2259
3251
3296
1700
3371
3393
4180
3403
1548
2597
4056
1392
1608
1086
2721
56
728
3858
349
3591
1869
456
4441
161
3188
2965
3720
3453
3400
2758
1450
1042
2094
3783
879
3044
3532
3324
1484
30
1016
1317
3866
1604
3114
70
2367
3412
1738
935
2709
3868
1761
3660
3331
1653
389
1334
784
3242
1925
3173
4208
872
2224
1909
4074
4390
2081
2972
265
1063
3499
785
2526
2791
1096
3244
1291
1513
2236
4493
3935
1272
1609
4070
227
4049
1404
2781
1183
2960
1091
937
1969
4302
2057
4095
4407
1417
870
3247
1081
4254
2130
3101
1140
4238
798
1916
577
3983
3117
2822
3084
4393
1397
189
3906
2295
1515
3647
3143
211
1046
196
57
4383
2763
2141
2017
1625
3416
3313
1980
843
3792
4102
3552
3415
1554
585
1757
3091
386
4032
1206
173
2651
3742
840
778
3846
3442
1906
2581
1809
1935
1474
4116
2104
2038
3780
2047
906
757
3980
1297
193
3111
1540
1439
1237
3305
4336
137
3291
997
1908
2335
3617
2217
2020
3754
2820
4300
467
1600
3860
2320
2572
119
4109
1308
3483
313
2494
4325
1652
2240
777
4320
1765
1623
2973
2310
1138
3151
2298
3884
1444
39
350
546
3919
342
3669
4334
720
2969
113
3187
483
446
761
3359
3006
2967
1549
2225
3465
2681
1009
3332
2056
3123
1573
4389
3936
3622
944
127
1843
2898
668
914
4382
1692
972
2288
4159
493
903
2661
982
2823
2625
438
2522
3177
1037
3898
764
928
3705
4413
2465
3388
2015
200
2405
3335
3077
3303
2287
1318
874
4232
4204
691
4416
2659
320
3074
2144
2467
1556
1278
2881
2212
187
3007
550
2752
658
2116
4381
2906
3608
2413
4448
2901
2815
653
2439
100
882
4087
182
3307
1605
1225
1828
3747
4474
250
1435
2418
3908
1394
2115
3441
2059
4080
2487
845
1555
954
2132
3674
1088
457
3507
370
3302
48
1294
84
219
277
666
1388
3481
3518
2399
255
3538
1488
1361
716
1478
1619
748
2317
3570
1401
362
1717
1133
1743
2488
1069
3282
1844
1840
3223
2353
2733
3976
2878
3710
202
555
4482
787
2621
1163
3650
1842
390
3694
4124
2786
1626
2928
1678
3258
1947
1953
4457
3043
4165
3189
2289
2731
2062
1126
142
2626
4370
3973
4423
2617
3918
1848
1271
886
1413
3893
687
1846
3169
2448
1749
2351
1872
2674
2091
3122
4158
1581
1471
3080
2294
347
1008
2258
2501
680
2711
3568
933
1419
20
2558
2149
4065
891
1158
2
3346
3306
3615
1915
1876
2321
2249
1479
566
2905
3031
499
3452
3910
1802
3589
334
2911
1528
1750
527
339
1357
4047
916
1806
1807
308
2342
524
28
2193
3750
2591
4217
1149
1443
1679
2014
3998
2557
2564
3407
3241
2999
2165
2671
3932
2902
587
302
474
1983
3268
708
2131
4386
3256
2638
2666
3275
2239
578
3381
4395
1975
2205
4258
2863
1011
3675
316
4487
4318
1050
3092
4016
2670
4229
9
1817
2121
2384
1375
2979
1362
3431
2548
607
936
4315
1131
3190
32
2061
3763
3129
991
2612
2029
756
510
1045
615
2656
3654
4341
2723
1977
2395
3078
1713
644
3648
649
1546
3032
4216
1624
994
2147
1524
1818
1883
3948
3601
2492
280
4348
4376
3996
1301
3017
3698
3167
4133
4152
4141
1982
1910
875
1507
4421
2380
3325
4021
2813
4460
2706
3479
4000
3048
304
2650
1410
1155
1307
1704
4051
78
1229
3492
4085
1838
3520
1832
1990
1322
1830
502
2642
2048
3826
3004
2362
3817
3546
2365
624
4459
2355
770
2210
4179
3554
2432
4043
33
4083
4445
3555
3160
3308
2410
1035
2605
149
3799
1571
1971
3521
3762
3716
3292
1724
269
4025
3573
526
4263
3876
63
1630
1434
3734
2899
4183
1502
2528
2033
3730
54
3922
2714
1972
525
2665
3987
1576
686
2856
3262
1785
3312
781
1923
4011
25
1064
2874
2272
2359
4131
1752
4013
698
4267
966
2843
3586
4182
3226
2933
1186
2022
2883
1959
4205
1342
4184
3915
3379
4388
66
1911
3436
3039
3529
478
2197
3056
351
284
3709
401
2199
4478
1825
4497
3958
4241
3435
1698
2004
2880
545
3112
1498
2139
1319
3195
951
1675
3942
2525
3691
4409
813
3604
1068
4463
2603
3463
1557
3418
4399
3649
3208
476
290
1849
3971
623
314
3778
2129
3524
4298
4151
1429
3239
4008
464
2396
580
3284
2178
919
1591
984
4167
4098
2440
4363
1261
4332
428
4468
1776
1793
755
3605
3741
1116
3287
2253
2559
3713
2481
3700
1811
896
636
1058
4462
3607
2555
2512
601
2950
3451
2279
2222
1287
1234
3820
3036
1791
2968
2087
207
2761
2008
2464
4455
289
4360
395
1643
3637
3225
2133
2956
3148
3180
4218
709
83
3626
274
3807
1962
2742
2622
1097
1845
515
3144
2390
4257
1107
2695
836
2978
4328
4438
3583
2244
415
3213
1438
4269
2624
152
2740
1718
2462
1302
504
4424
282
2327
371
1221
1688
2216
4357
3651
3514
2261
3490
2795
1900
1967
2431
4112
1531
2471
750
1614
543
205
3766
641
130
2957
368
3383
3411
3245
662
3475
1891
4262
3339
118
1853
1373
1350
2245
2732
2934
807
1421
3880
210
1742
181
918
3410
1134
1448
1054
3992
3842
514
2256
693
2398
2089
3380
1084
3200
4194
4113
2504
3349
2346
4484
3947
418
1366
4429
2751
460
995
2884
1640
1592
727
79
345
4415
910
4126
718
4064
450
665
4434
562
4353
3729
1919
3246
2436
1726
1232
3681
4281
336
559
2515
1850
3708
4308
711
3666
1772
1428
2877
3794
2009
2749
2920
602
1588
837
1146
4215
1616
1117
2948
1638
3712
462
3168
2693
309
2411
147
634
3323
497
1095
3141
2438
3444
4509
1841
4209
482
1312
536
2669
94
1940
2073
4248
293
3304
763
2315
1396
1855
532
2489
4502
2167
4185
4408
2318
2417
3437
4168
4317
1666
2499
729
1727
3627
2174
3340
2299
4084
519
1518
1594
2726
473
344
3171
2229
213
2809
3724
3018
1901
1511
2201
1169
2613
4362
885
2265
1259
4211
655
2044
1337
1360
4365
1395
3612
433
1800
254
650
3365
1426
2268
1468
771
55
788
3385
2915
3695
3824
4071
1659
2631
3088
605
3116
2502
1467
1114
1436
1273
533
2513
3781
535
3343
3179
829
2476
724
2927
2107
1519
2722
4069
3104
4290
104
1636
3844
331
447
2215
4027
1637
204
606
4162
2633
22
1085
1747
3757
1367
1663
3575
1433
3175
4059
1253
3779
2588
1256
3449
1423
2702
2126
332
4458
3496
3620
2675
1424
3699
430
454
1787
1074
2223
2697
1656
957
214
2796
979
4435
3746
2037
2511
4041
139
1044
2230
7
1480
1631
2496
2134
3210
4123
4446
3759
3326
1673
3809
3784
1639
4219
732
4401
1208
1393
3315
4057
593
2544
1150
2267
1905
1875
4310
2570
2868
2369
2451
3870
3317
3127
3981
4076
4199
4285
2770
1864
2356
369
470
346
4202
2459
3861
155
1939
505
1963
404
3831
2565
1255
1815
140
1586
1938
4500
2678
2028
3328
3498
209
3635
2177
4294
1941
1246
3991
2415
35
3488
2886
2744
946
1998
279
363
765
2682
3158
2078
839
165
3571
1482
2542
3356
1139
766
2798
4029
1327
1897
1023
635
949
4496
4031
2922
3051
4331
1862
1399
3619
4028
842
3508
1118
1895
3812
3970
1516
2007
4163
3198
3953
1662
1227
4249
74
1339
1541
2493
2604
1683
2660
1805
3967
531
388
1927
3920
1115
1968
3837
1660
175
498
2074
3089
2013
656
816
3593
4138
481
4456
2360
2296
170
4153
1247
4105
1165
3943
2584
2247
2093
1142
3855
238
3321
2743
2208
2344
1635
2876
3489
3961
4404
4067
2206
1950
1013
463
4201
2182
4356
2834
2546
786
266
3420
992
268
4001
4242
1306
1033
4170
621
1070
458
1760
2190
793
3877
1151
2833
639
1506
548
1944
1669
4190
2579
3696
1733
2375
1442
1602
2773
1867
3533
568
2925
306
1948
3298
3642
2181
3585
1078
2992
2941
3822
676
3075
4127
1680
1406
3738
1696
4118
1313
2479
890
3803
3672
3093
2532
4489
379
3008
2408
4292
3519
3993
3293
1567
4495
596
3283
4089
3153
2895
1771
2260
4507
2990
3497
4230
736
2262
3220
1566
2080
904
2958
4335
3366
1031
3843
1758
1260
913
1347
1490
1847
2280
3354
670
1745
2025
3185
4247
3806
2926
2449
4060
4173
2832
3693
4104
1372
2746
1265
480
253
2309
3432
1254
3574
3728
3503
773
1446
41
2076
3192
2019
2739
4255
2341
2554
2337
3085
688
1779
2150
1432
91
3350
440
1262
850
2683
4346
2148
590
2090
617
4433
877
4192
2311
3314
2694
2273
2278
1697
3229
3097
3890
4358
1740
791
2361
828
564
3182
1569
381
1344
611
749
2980
2402
1028
291
2691
2363
2285
1937
583
2818
3146
4260
2313
163
2297
1526
1223
2383
3466
3041
3821
689
1574
1701
4150
1782
707
3678
2946
4466
516
4036
2953
3641
2421
672
3756
2755
337
849
772
311
3966
2611
1860
408
2851
3458
3692
135
4313
1048
4111
75
1859
963
4120
4340
3000
3070
72
53
136
58
667
4078
3752
3580
1957
3357
3881
4287
3541
2373
1568
2643
713
3086
60
397
540
3073
2646
3058
4377
1385
831
1816
3892
3038
3793
3959
3854
3917
2590
2576
197
780
2461
1167
1769
941
1320
3159
2364
4338
3478
4223
898
3409
353
2566
3646
171
1290
1918
4305
4314
2995
3588
2039
1822
2136
2777
2938
2508
1835
638
429
3578
3299
696
1657
893
3439
534
3429
674
3456
3804
1159
3795
3791
3869
3862
2152
2827
2500
4058
3035
4498
1381
2064
387
3534
1721
4398
2319
1210
2811
2696
1658
3732
3610
884
3689
2485
4128
1282
109
4418
572
256
2586
1712
4436
1783
1460
3640
1376
1781
734
3562
2879
3697
