3247
1606
1614
4202
3274
2645
978
359
1739
2034
15
3605
2983
4457
976
959
4067
2641
4273
1857
227
3031
4432
3457
2711
3249
3880
243
420
2089
68
3878
2588
3077
453
4260
3723
364
3905
4167
2392
4086
1545
2671
242
2300
2813
2734
599
1536
4344
2980
3865
3778
516
4092
958
2694
1345
2297
2948
2401
3531
3634
4183
1748
3547
3075
44
4353
3096
439
2059
936
2477
3231
1085
2124
3558
50
3046
564
2382
3573
836
2129
2831
4116
854
1072
4080
186
2505
3391
3265
3752
1176
3414
4445
2896
4149
131
2025
3207
4160
418
273
197
1387
3963
692
3178
4488
3047
563
1088
969
1359
1048
2723
1497
2952
793
2100
1934
2153
2428
19
2851
2411
3813
3928
1515
2147
2773
1925
447
2907
1103
3338
485
2751
3946
882
2209
97
223
3987
3718
1378
3092
2432
4413
3127
3773
3004
3616
3424
2770
1498
1700
372
1038
3674
103
2027
2481
2768
550
396
4331
2010
1808
2308
205
3360
2615
2494
989
1132
2985
2048
743
3566
1878
1116
3898
2864
2551
3958
3062
2672
1300
3358
576
90
79
887
2585
3089
4198
3527
3354
300
821
589
1431
1867
2238
4102
295
3979
3559
2134
1846
2805
3837
3953
2815
3640
1091
583
4361
56
477
981
3693
2829
2526
3730
3562
384
1653
1757
1720
3502
1435
2434
1794
4325
4434
1364
3736
487
2809
2294
2122
1654
3267
3026
4465
1552
2584
1285
3607
3464
1889
2987
2749
849
4444
3363
63
3654
2810
1524
2050
3166
1660
2372
3120
603
2608
667
2408
2726
855
1828
3738
3665
1795
1489
702
1334
559
783
4021
509
1738
2845
1804
4136
780
1201
1903
397
3402
894
3157
3302
2670
841
175
1837
91
3283
4006
3273
2844
3734
26
2838
3064
3776
380
182
1466
2254
3131
2781
907
1073
843
345
3444
1773
1119
125
2539
2335
3001
1303
2743
723
3973
4048
4250
591
4380
1995
2778
4489
1305
3268
1295
368
709
4142
3999
1772
2299
2601
1953
4333
1574
1075
1494
484
3843
32
4014
130
2597
3899
2049
392
3055
75
2888
4268
749
358
3486
3901
3163
1768
1985
2236
3154
2603
1573
2328
3060
3512
2317
929
967
120
10
3347
3167
848
1393
118
1206
3482
2334
1140
2113
3049
1251
3948
1272
803
4460
1149
3307
1830
3554
4016
2644
377
3571
2631
2386
782
3806
3177
858
3057
3277
3709
3561
2307
2575
4208
3329
3594
250
759
3652
1152
2916
2331
1064
3803
2971
371
4418
203
2182
3517
156
1935
873
3972
3086
3357
3642
1469
202
2912
2038
4299
2748
4485
777
3506
2476
4356
1871
4110
4182
4246
1022
1495
3312
1861
452
4097
1560
1947
2347
2562
3766
1624
443
3966
1244
1349
707
466
4019
4363
2713
4
70
4111
1852
1288
1629
827
1125
1351
4203
1592
1104
943
1990
2229
1760
4248
795
1166
1706
2415
1196
2213
3485
3532
2754
1242
1815
2543
3982
597
3697
4096
2697
686
1520
1602
404
3197
2904
2926
2035
2040
831
2617
3322
1268
3498
2196
1705
826
2688
1865
3822
1427
513
2157
4221
1012
1676
3781
3018
2080
930
285
134
185
3917
1421
3777
1578
3303
3224
3206
3621
808
1693
2797
3716
4187
337
3875
69
812
2610
2786
1981
1568
489
3780
1496
3541
1239
1770
3006
3334
2762
2431
3130
3949
2684
2882
753
4323
3491
264
4472
1291
3440
3106
357
3251
1787
979
2258
3510
472
646
3929
1159
369
2168
1445
2826
3204
3426
1541
1252
2514
1838
1508
1818
4197
3974
3079
2446
1932
668
4058
545
3952
2363
4487
3775
4477
92
2145
1078
3466
350
801
1644
2442
1370
465
77
4251
2590
39
2954
200
3118
1915
1926
3768
2021
4027
1902
2155
872
1325
4193
1282
57
2669
4231
48
2665
1544
2227
3995
251
2942
3945
4447
2114
17
322
1618
2071
672
3281
3639
4166
1009
3564
980
735
1183
3867
851
3965
794
53
1388
4416
2559
45
163
2836
1324
1031
336
960
2656
3472
3729
245
1061
4346
201
862
2620
3610
1368
2404
140
1900
1280
1037
1277
1646
54
3934
1063
2612
1190
565
758
482
4071
3280
2955
4039
4140
5
3749
2210
1669
2360
1749
4281
2194
3328
4072
754
2143
3754
2224
3906
2472
2111
2221
4030
3668
596
1600
2975
2646
4064
1338
2798
2223
570
3583
3608
3446
310
1503
2303
3747
3967
1207
1304
4196
1236
720
986
2329
3387
4403
725
2871
2082
2369
2623
2540
2418
2397
586
441
2471
2207
3005
2804
3239
3479
3439
2577
66
2261
2889
2276
4426
2151
1030
2581
2895
2374
4475
3624
2024
995
1265
1802
2708
2706
4200
1194
1766
847
740
1266
3304
1891
339
3332
2827
839
731
3814
2979
3596
4249
1329
1306
2865
3660
2587
4078
4311
2928
1215
574
927
3794
3924
3309
2650
3489
891
474
2776
33
3295
348
2073
213
2506
456
4420
3548
2030
36
2579
1462
1238
1243
3386
3114
3658
512
3587
2567
3158
2707
1270
1271
933
3400
741
3565
2041
4214
1511
3893
2589
4310
3623
3711
3879
1735
1113
4046
3957
1522
879
2133
951
2807
1630
3221
3509
2609
3401
1084
1517
1298
4190
3508
1914
4217
3253
2423
3783
437
2718
3705
2117
2275
446
233
2908
3515
3962
4043
1409
3556
3404
2643
1302
4495
2848
1656
4084
2174
4258
3195
3545
2447
2635
2420
756
1162
2278
4010
1628
1673
2310
1454
1999
1106
3854
4164
1138
3370
3912
4421
1380
3534
2507
410
3016
3994
3448
1708
2714
240
4238
3007
662
1579
1226
4423
4077
1789
605
1639
1491
3033
1110
2284
2176
1493
1740
4066
1589
1811
2339
1043
3205
2186
636
2960
1963
2621
3048
1716
3054
2863
3313
2211
41
1847
838
1486
1507
4405
1337
246
65
2771
2586
1732
1323
568
609
409
436
3885
2429
1360
1956
4334
1069
442
1675
2321
3598
3932
1079
1501
268
2318
1261
956
4063
947
2997
3202
379
1940
1607
1276
642
3997
2965
2289
3339
1339
2732
2849
3193
3842
3574
2020
108
2524
2139
3688
301
115
3739
1695
1558
148
1662
4245
840
2876
3076
1328
3234
3930
1402
4326
1290
2172
370
1269
1879
2026
3586
1718
3097
328
548
2905
4224
4243
3986
4446
3117
1827
3215
3683
1546
1962
2503
3015
294
1850
4133
2725
2280
4247
1395
4038
1500
1982
237
4469
501
3511
4287
1004
1485
1843
3996
557
1336
1530
2051
1722
1157
842
945
323
81
1960
1484
3112
4459
1567
2618
87
3569
871
2727
3989
4188
4392
2779
2491
4037
1895
673
2391
3849
3603
3990
305
3830
2234
3611
792
463
3763
3831
1938
117
4312
3104
2137
1170
1430
2341
3066
1853
1519
2473
122
405
1930
457
3103
3638
3695
1588
1330
2475
262
643
1465
1350
4285
1800
4170
3030
2823
1927
3405
924
2499
1587
137
3523
2267
2832
2552
382
4106
417
786
608
2131
1775
1470
690
1434
2918
809
4178
1509
618
433
2658
211
435
1036
2029
402
4012
1471
2712
2874
1040
1612
833
940
4368
1023
1667
4024
1634
585
679
2606
717
4215
3373
779
4145
3002
4189
4369
2345
2167
4090
1025
634
3346
3150
226
4134
948
2830
1556
1155
4225
1569
2547
800
104
2076
2625
4191
919
3818
3240
713
1341
1225
1943
3369
2235
352
3288
188
1670
258
4383
1534
3396
1051
1320
1151
2648
2782
3119
3599
3858
3235
2642
2378
2425
2811
3771
88
2105
4435
1198
569
3073
386
715
349
745
697
880
918
3059
3266
3575
1060
4376
47
1205
3782
1179
4458
3160
2388
1816
3742
4147
4132
4442
362
997
2873
3516
4103
3174
3198
630
2576
2568
2039
2755
3678
2127
2162
2383
4317
3923
4212
3013
2906
1172
119
3050
4300
426
4022
3673
1049
1230
98
2583
3211
3270
2130
2192
628
4044
1366
3477
4507
3078
2756
3887
3969
123
1293
3595
622
3495
1180
4339
4181
2268
3184
314
2793
534
284
2451
540
573
1529
2721
340
1458
3764
4235
1637
3009
835
912
2607
4355
3833
1731
428
4441
861
2088
2927
318
1737
2883
3425
2066
2682
2856
3191
2700
3892
121
544
691
3063
4456
1781
29
2947
1619
1562
4128
1310
4279
2784
1949
208
475
684
1014
828
2939
813
802
829
1477
291
3133
3646
1093
3438
2135
2325
2675
2364
4042
1557
1408
229
2780
1010
1627
2467
1335
2862
2911
4049
1825
3317
3032
1327
1603
1657
3356
502
994
4315
3725
1855
2894
1001
2152
1572
3293
1385
2456
3704
1767
4118
2572
4499
2673
1782
1229
3111
28
4296
4040
2023
3028
4076
3107
2555
2368
2349
2109
4410
2264
1623
13
2800
4329
3229
3164
996
4192
4045
3824
3301
708
193
4125
3327
2521
1065
4062
167
3715
4028
1945
3143
3287
180
2835
822
3045
74
1321
4083
3620
1715
4352
4449
2375
2070
2574
3797
1422
2017
2753
2285
3093
96
2272
2720
2816
972
682
2002
656
1987
3767
1090
2687
3877
450
581
4289
494
2202
3975
1712
3685
4321
3260
2385
3275
1467
3886
2818
1212
1779
909
4468
2373
3817
3741
24
4261
315
1762
3800
4399
2112
4305
3786
3601
2614
1743
2870
3956
4366
935
3585
4144
3128
3812
3175
1474
2311
3469
1286
1406
3473
3656
1163
2005
1117
2416
3699
3025
834
244
3349
3560
1059
3964
4226
1089
468
2043
2079
577
2074
1664
4047
2185
1907
1580
3760
4292
781
4151
1868
3417
133
3445
688
2140
3496
1542
3094
3504
2116
1648
3179
2032
3419
373
2161
3144
3052
695
360
1145
3883
2598
3122
666
483
2103
2371
161
1892
1319
4436
4213
1973
3672
1555
2806
1998
4148
3978
4497
3393
3497
3095
1516
4146
1570
3147
2892
2218
1443
3626
3368
3310
4007
4382
1792
4314
1076
3810
2853
3759
1771
1095
3355
2412
3331
3298
1788
3024
1786
2233
3
2000
4359
3321
4153
1633
71
2098
2478
2668
2118
109
4015
1296
1835
3171
1067
845
84
3071
3998
804
3855
2692
1057
3493
4057
2919
908
1210
3017
1045
1688
3226
711
136
2988
1425
2413
327
247
2191
3518
3580
412
2532
798
998
2483
2288
1478
2304
681
155
674
4351
4506
3187
4011
3044
1481
3614
823
3245
3250
637
1856
3845
3765
1824
1819
1429
3000
4139
3487
3362
4184
3027
3801
752
1703
4162
1187
3084
3903
1483
4185
3649
1441
395
1019
510
1621
4018
3408
3353
2649
3609
1890
1042
60
3458
94
55
2440
2664
145
1860
1952
3536
2527
62
2996
2146
1505
4094
2591
2291
478
1721
2943
3706
2548
124
4263
3134
1164
363
3714
3992
1958
423
1754
558
2541
1774
3926
3098
21
1921
4360
1523
1118
3582
694
680
236
2144
3330
2986
451
2922
3650
82
1599
2791
2064
319
365
1209
3546
2244
2108
2012
2859
3403
3155
4252
3951
1585
881
3604
1034
1158
2395
3305
552
2565
1218
1923
3533
1432
593
1946
3470
4216
671
3631
1413
80
4163
1499
2817
755
3720
1728
2652
1457
1887
1666
4486
283
3976
2003
4503
3091
1027
1492
4411
617
2935
3762
2170
73
4284
2323
3069
257
1810
4306
2504
1559
920
329
3570
1245
4322
4029
1577
2777
2217
886
2201
2270
3630
2212
4123
4158
2337
1701
905
3449
4466
2042
988
2890
3807
2493
2469
1326
2208
3460
1185
3082
1442
944
2480
1877
2740
3882
2570
16
1428
4150
1683
518
3262
1801
3520
1308
2128
1459
3244
4060
3647
4100
1610
2729
4223
4505
177
3441
3476
218
676
3648
4433
42
3873
275
1018
1391
2660
1806
3687
2602
1482
3465
3669
1426
1929
543
159
2096
3528
4031
3190
2036
817
1362
1020
1604
669
3644
2009
2981
2513
950
1912
498
308
1169
1622
1717
892
2312
1292
2197
1659
2546
64
387
579
3153
1214
2180
1417
3471
2322
4397
2764
298
228
1752
4320
2200
2946
2953
2313
2710
1039
2437
2102
1817
2173
1797
3907
770
659
2558
1965
2365
4282
51
2008
215
2115
650
560
388
916
2695
3299
3365
3415
1130
925
187
3212
2554
2
176
3655
2909
3352
2400
4237
3219
3372
1839
964
2110
3909
1348
1822
4350
4122
4082
814
2626
641
3876
320
3866
990
78
3320
3744
747
239
2179
4393
1537
3703
1371
2387
4087
1702
2225
303
3162
3008
394
232
952
2433
1686
2348
3503
1424
4401
4316
1322
4394
3675
914
1254
562
3894
1461
9
737
3252
739
4422
811
3890
2256
2455
2214
973
3067
3121
2047
1186
464
3196
4473
3748
700
3927
775
2772
354
235
1575
3793
2837
2355
744
342
58
3380
703
2685
3859
3513
416
4113
2881
1197
2449
2683
1745
1906
1674
2366
3696
1968
4001
546
179
726
1032
4227
1450
2485
1114
3454
2913
860
2001
1024
664
181
1171
2744
1315
613
4256
600
1452
1821
470
481
1055
3254
2181
2884
2843
3542
2984
3856
1415
652
3474
4229
928
3632
2057
4101
974
4490
736
519
2840
2273
1407
2126
3991
2188
3261
1586
38
532
432
2923
4429
917
2691
4324
3862
2350
4406
1970
762
1367
992
399
1689
3359
2914
870
4302
2661
2538
2937
3681
2561
2917
1204
3832
663
3100
4265
3514
1758
2534
2379
1046
1514
1033
4389
620
2204
2637
3388
2301
4168
111
4384
1972
856
2444
2061
4464
3834
2490
2470
2930
4295
3061
2783
1996
260
2557
2466
1377
2452
899
127
1874
517
105
3389
4395
166
4219
2336
733
3732
4267
4377
1823
3937
3115
1453
2703
893
949
3593
772
1626
2054
3019
267
1007
1123
3208
1632
2269
2241
3156
719
2903
2950
890
4141
1581
4271
3194
3676
4343
4073
2679
2384
1647
2828
819
2281
292
2957
3983
458
390
2163
274
3691
3755
3686
1677
415
541
3549
1763
3326
3627
3413
4054
2006
3499
2737
2696
644
2203
1917
3816
965
3863
4304
2298
2654
584
3717
2994
212
142
2891
1203
2528
3919
2802
1473
4332
2757
287
1054
278
906
2351
2419
2736
505
2460
1455
3291
942
2750
678
1137
3099
4138
3151
1989
553
3070
3398
3728
1154
2184
157
3682
4484
2544
2566
4274
2522
2993
542
347
1143
2497
1941
1177
20
3550
3943
3968
2052
3183
4480
3733
3109
4439
3039
4109
4327
2441
1150
3488
376
1181
3904
4288
1663
2292
448
221
2407
190
2974
2789
2283
1909
3407
2274
8
901
2699
670
3707
2512
2263
2956
818
254
2999
654
4349
635
3900
3263
2511
391
3712
4242
665
1301
1309
832
1975
4218
3459
1613
3829
3311
4000
3622
1414
2171
192
4095
525
1812
4126
503
3276
4055
911
1235
3679
3324
2097
661
1506
1146
1805
1726
863
3839
1490
1528
1410
1105
3213
1373
961
2370
4127
625
2220
1988
1961
1679
3058
1099
1092
2215
1021
184
624
3222
1593
2964
556
2633
4266
4298
4129
1188
1374
2324
2101
2724
536
1971
730
2253
3453
2230
4412
1690
1777
761
3377
3043
2177
3925
4338
3960
844
2402
3667
444
1684
3745
3884
1928
1124
99
421
1661
3746
615
3756
1994
2742
3971
3409
113
3342
2767
2486
1538
2072
2518
3666
946
1924
2104
567
1615
172
1436
1966
269
12
2634
1734
3828
1041
429
4004
3539
499
3535
2536
2622
4404
1094
1761
2399
189
962
1017
1297
1625
876
367
1799
3850
1259
4510
1840
527
2093
1898
2638
3371
1372
3651
3284
3981
2556
2651
3529
732
1776
3944
2078
1237
2533
2500
1809
4117
375
3522
1097
2305
4354
1273
2508
2149
2674
2004
2959
1710
393
2450
2659
2106
1396
304
4013
2195
3490
3345
1791
3138
1233
1400
1540
1793
1365
331
40
2417
4482
2515
738
3692
750
1174
3519
4335
595
3635
2158
954
1342
1525
1521
1287
2489
903
2722
850
657
3915
4152
3857
1208
2463
2141
4319
3088
2484
716
2719
4112
3544
2033
220
3036
4124
1780
1420
3434
2872
1691
2869
526
3808
492
3740
3521
3246
4143
1392
4108
2410
3785
3897
2627
1959
3430
658
2716
1029
2226
3209
34
413
1281
1616
3410
1880
3751
2084
3014
147
3891
4385
765
1551
2963
4026
521
1346
3259
1833
2430
462
774
2250
4199
496
4340
4105
2717
3950
4424
1449
4107
141
696
3423
2578
4365
107
3034
116
3871
2787
2056
1974
326
3170
3236
4494
3820
168
2266
791
3343
604
309
324
1820
4342
629
1401
2018
3619
1131
4498
2055
4483
2582
2690
4070
3314
3376
1583
1704
288
3840
3116
3292
897
2405
434
1398
1893
1165
2535
3436
2031
1711
1050
1872
1652
877
3811
4402
18
2356
1742
2715
2774
1725
1553
139
4367
975
2790
1241
4222
330
3657
3294
2973
1979
2879
2327
1284
2733
1423
143
2290
2550
1862
3432
2611
3700
2677
2439
3228
1264
4280
3826
3384
555
346
3663
1058
1220
4234
1848
3689
2657
2795
1978
4079
4462
4157
3750
3888
1008
389
923
632
1383
3081
241
2990
2094
4396
1028
2249
126
4502
4286
2342
2746
2886
1997
4240
2630
514
910
1535
4336
3428
2046
2247
3708
4205
2232
1192
2333
1697
4130
4379
4156
3628
1888
4430
3074
445
4293
3395
1870
2069
4309
3366
4017
2242
1904
4131
160
2092
575
504
3825
3844
2663
853
1513
3645
1548
3072
3690
4277
3918
982
2564
2062
2875
2461
2968
549
4301
3557
1126
1790
771
2013
431
1142
1563
3242
2820
524
1502
2982
537
864
1278
2216
4115
724
313
3289
2868
3412
4481
4137
4003
2320
114
647
164
3961
1227
3169
2520
497
1911
4174
198
276
2293
1006
1736
3954
1389
1101
3378
1564
174
1826
2794
904
3012
4255
1910
1283
1539
1082
3478
302
824
2125
4089
701
2058
1864
3896
1733
162
1636
885
1404
1531
231
4509
1307
4330
2592
3588
299
1256
2885
968
1566
195
149
2992
2944
2498
1221
3447
2833
3325
2271
3136
3040
3988
1851
1120
2014
1919
689
2599
1723
234
1582
4239
3142
1650
401
806
859
3591
3308
480
4427
3724
1352
460
2019
385
3936
132
46
3217
626
3524
14
3341
1750
2377
2426
3698
1554
2190
1936
93
3671
3500
1488
2189
2812
1899
4171
3480
4492
3684
867
4398
3316
86
1311
154
1832
1609
1200
225
3379
4425
3731
4081
2296
2083
2495
515
2686
3176
4230
4033
1883
888
3182
3947
4283
3942
1011
2340
1842
2915
991
1727
612
3572
1759
2458
2747
2595
900
3847
1444
3602
712
1375
645
1858
1920
865
2353
3872
790
1472
1173
1412
3757
2390
2454
1035
4210
3743
3526
2850
3902
3383
999
1340
4375
766
311
4194
4470
3200
3701
1665
2841
2357
3916
3931
2403
1967
2138
693
1897
3335
1983
621
1803
4074
2326
4254
3135
2969
325
2287
2099
2878
2343
263
101
3553
3319
902
4371
1219
1044
1399
3186
1083
2243
1122
1202
2900
152
2421
2361
578
3443
3475
224
3029
3795
1005
4275
334
4347
150
1357
4195
1698
3836
1643
4177
3784
1658
3959
582
2090
1595
3484
1841
3022
4008
971
2899
3129
2977
3397
1829
2970
4232
2940
495
2160
2015
807
2175
76
580
4180
1901
4088
760
1213
852
3933
4508
1869
1617
3300
520
3394
4388
49
4206
4381
2596
1111
966
2068
511
2693
2087
2457
3374
3719
572
1416
259
1845
3161
1916
4374
3141
1347
3507
2945
4069
3422
714
3851
1991
561
2842
1263
2011
3592
2479
3864
2632
500
4207
1228
675
2600
4173
3168
196
2852
1594
2938
1642
3505
3108
2414
2260
2941
204
3437
2219
1224
1571
3083
830
627
4009
2154
3861
1849
1755
651
25
3869
3525
3713
2016
2319
699
1127
1984
3255
1071
2424
1672
335
37
2814
1440
1096
3821
1480
191
2107
3908
3770
2745
210
1354
1016
67
983
3853
3563
1464
2119
1358
3568
459
3382
2769
2239
4161
1942
2255
3123
3914
2525
3056
3344
4471
343
1744
837
2277
2951
815
2295
1549
2801
4386
2159
491
2901
566
2422
282
3804
649
4467
1905
539
1026
3769
1699
2354
153
3256
1316
607
3201
1814
2251
3297
2662
2148
757
3159
2282
2438
2077
3727
704
3846
2315
3418
874
4455
3080
2799
4500
1844
614
440
4318
789
3351
4201
3278
398
35
1112
3798
2765
1678
4373
1597
1671
2958
592
4244
214
2758
1479
3787
128
102
2156
1875
653
1834
4463
1418
3152
776
1475
748
1168
3020
3985
2738
2857
3664
1746
1386
1355
144
718
2898
1343
1954
660
619
1655
768
820
1013
2060
2531
4253
4121
3920
400
2240
2302
1087
2701
2183
1211
2796
1977
3922
3381
3427
797
2316
1248
896
763
3375
2123
611
3272
338
3789
4025
2206
4453
3165
4061
866
1135
1000
1873
4387
767
937
3367
1798
461
1133
2925
1504
194
3538
1153
1584
1640
2653
3223
3680
1062
528
506
3788
1651
3462
2142
2248
3188
1068
1439
2902
1964
4493
590
3567
1369
1299
