1200
1256
4257
3160
1830
3966
1549
1032
1042
4245
2276
3857
1646
969
485
3999
3169
2169
2738
2721
3761
63
395
38
2669
3987
2793
760
3706
1679
4000
4408
1562
4428
636
1650
951
2797
1558
3308
4277
3393
422
1670
1997
1874
3356
488
427
2481
587
602
421
667
2028
1591
1652
3219
2091
548
70
605
1170
2592
3194
2805
2696
1226
1728
2022
4075
1128
1645
2410
1299
933
429
357
797
2280
2698
4329
2699
3834
3786
2803
2987
3865
2010
1214
1981
2653
3177
4032
3274
2702
4119
2732
2644
269
2080
1977
2615
1278
1649
3009
1437
2138
28
547
3339
1624
3788
3289
3282
3530
1152
1912
4066
1377
1688
292
3516
763
3867
2707
2340
4053
1045
3500
178
2965
1476
3564
591
2459
280
116
1919
2308
4234
1425
4457
1346
336
3527
606
53
1413
1890
1692
1928
1518
673
3878
2297
1918
3284
1827
4331
2183
2471
3648
1838
3762
4426
4338
709
2945
291
647
543
559
2115
3344
3610
3775
1671
187
4289
1749
2208
1898
139
1837
1100
1790
3630
4432
3138
3940
2264
2249
1138
3171
905
1418
141
3443
2267
68
1280
4374
309
1094
159
1150
1982
4478
2292
4486
542
337
3907
1744
2052
1370
1775
4393
2994
1230
578
76
936
3852
2190
3998
1608
3172
2469
4011
1724
3556
4375
1543
380
886
3468
3399
3082
3245
4487
2423
2533
4226
307
3198
102
2557
270
4480
1318
1750
265
130
651
2950
3290
3895
2064
2366
299
3458
3396
3674
3146
2896
3261
3141
1877
3013
3158
3861
4139
4189
390
4160
1116
3592
514
3100
903
2817
681
1097
1303
1429
918
3959
2154
523
1090
788
4471
2342
1309
3600
3669
2456
3672
3896
3418
2951
810
1267
1708
294
1938
4506
3359
25
9
4429
3358
4231
2068
1942
3583
2596
94
3051
3402
2666
2258
880
2209
123
1026
1773
3461
1777
4187
3947
1023
2783
2394
525
4332
3115
1123
2668
3036
3713
1111
4410
149
111
1242
1632
232
3975
262
4285
298
3790
3143
631
2849
2648
3503
1066
2827
1582
1000
677
4191
1205
2787
3440
1181
981
138
694
2821
1188
3324
445
2508
1092
1456
4167
1419
4221
4301
174
81
260
576
1107
1125
1715
1407
730
3292
1119
1322
2534
4308
369
2490
1359
3376
2315
1490
3236
3401
2203
471
4014
3734
107
371
3003
2843
3931
2355
2808
3314
2302
1855
440
355
1860
3586
4049
2537
3744
3831
3304
3638
3012
752
2715
3259
3785
3392
3533
2859
2628
2621
229
264
1209
1182
4040
1622
1550
688
1245
4293
937
194
4065
683
1365
1583
2452
177
441
994
747
2299
215
4394
736
3417
2556
143
665
1161
3067
315
2389
4088
284
794
1420
1455
3252
3246
1524
2984
1444
554
2181
1296
2602
1612
1428
3919
2969
1617
1848
2758
2852
323
2990
3258
4390
3753
30
2858
3963
1078
256
3524
2826
1721
1142
3057
875
1917
319
2775
3135
3002
1389
3119
3459
1778
4280
88
214
3225
2883
71
4255
2790
532
4041
1712
1315
1108
816
417
3279
1739
3918
301
4111
3394
1158
1544
1766
3463
3992
1124
322
692
3637
3179
3522
1352
2205
1405
3389
4035
853
1850
552
973
2197
1325
481
867
2620
2688
838
7
1566
1508
571
1866
2199
950
4491
3086
2967
522
475
2512
2430
2590
1927
3926
2345
2901
452
1592
4012
1878
1396
2718
495
990
2167
3916
2220
288
3214
2581
148
2814
2082
2149
287
1084
3286
135
4165
3978
1397
942
399
3613
2510
614
4007
3671
4498
1236
3901
711
4175
3722
1511
23
741
836
1085
1213
2515
3543
2120
2860
3361
4092
3641
3898
2409
3537
3820
4256
1614
3425
1656
1453
2344
2552
2917
4469
989
920
3247
449
1400
4402
4272
811
2912
2838
2837
3666
4185
2193
3843
3149
1821
642
3546
820
2075
365
929
3938
2979
1406
1464
4237
530
2792
964
2144
2940
1270
3805
2676
1027
2507
3816
4071
1199
3001
3295
949
1189
1913
1018
2467
3213
224
362
2407
2334
2831
1781
1523
2982
2855
1921
3348
1272
2034
1380
1059
2572
3073
2832
3953
2
754
1246
2067
1531
1527
3299
2165
944
3876
1458
1264
4217
628
3629
2351
2434
2252
2701
96
3738
3170
2692
2624
2142
3544
2932
1755
2431
80
2418
392
2656
4423
1061
2545
2316
4468
4337
4290
2829
2298
4395
0
3972
583
720
2751
2000
19
326
912
1051
3317
3460
3661
3566
1395
2681
2555
4089
249
1441
2160
1053
4492
2180
1013
1281
2230
3483
4228
4110
1746
1525
1651
883
3778
4244
2540
1903
1713
3296
550
4249
1786
132
1065
3273
2447
349
3173
3697
4150
3657
4261
3145
2663
1699
2463
16
3485
2765
279
2084
1155
2851
1519
1931
4297
1607
296
1967
4008
4202
3404
4064
52
4195
2580
611
1482
1879
3553
1822
274
1258
1329
953
1354
1486
1495
4505
3065
3628
4031
2791
2601
2126
1726
785
2129
2976
2003
2365
2910
2599
4170
3848
1171
1926
3272
1334
470
2887
4190
2547
1932
2730
2646
645
1143
4445
4216
3960
630
3136
832
59
226
446
663
313
3844
2361
729
1733
373
3375
1075
1824
2962
2740
3632
2768
3640
205
691
2318
783
2277
3218
3055
4052
1660
2737
1198
3385
3871
192
849
959
1103
2086
913
77
356
3066
2796
3656
2472
3682
343
2647
4004
3450
4002
1869
890
740
2436
3990
4043
670
370
3803
1232
4059
4045
983
3374
3783
4441
2379
3338
4146
1590
1368
3956
276
2675
3768
1987
1234
798
3550
2166
1468
650
1568
2973
1393
2991
710
4132
1901
621
1157
757
3573
1489
1351
1910
2416
2218
2842
1659
3473
2936
2584
442
3133
1328
2353
3787
466
1914
4385
1709
668
3384
1872
3711
3096
2066
654
4462
599
4342
90
1948
2455
805
2695
3226
3969
172
406
4391
1526
1295
3905
3739
179
3104
4274
1402
1556
3854
1994
980
3829
3701
3554
2466
2079
2408
2694
3426
1452
3410
822
3949
409
4346
2051
1530
3945
3760
2375
1016
1485
45
1141
2558
856
4473
4497
4259
1347
2226
3045
793
1832
3810
3982
384
266
217
1629
1162
3642
3782
2559
2384
2364
1560
432
247
3429
2839
3490
91
2050
857
513
858
1537
31
2752
3312
3795
632
750
3005
4501
2943
2801
982
3092
4033
4013
3010
3717
363
1472
375
3347
3182
1694
2172
1390
4481
1196
4227
1534
66
2305
2474
1178
1546
255
300
4392
3262
1789
1140
2727
464
1795
2077
2017
4508
3328
1253
1356
1871
1727
3040
3349
2294
2866
3346
1690
3281
2362
3233
4123
1804
3868
3802
1738
893
3856
672
3255
2343
2833
526
1811
3306
2145
2465
1923
2357
2251
1771
3894
3237
3381
3602
2589
1017
3484
595
3129
1906
434
2122
4215
389
4178
2771
3144
4235
2524
4485
4024
3716
1151
2330
671
2090
4141
358
17
3858
3824
2930
2708
3664
3815
1193
2904
2089
1506
2498
3730
3315
2924
3248
2041
4411
2549
431
590
4091
3800
1831
3220
3596
1953
305
1696
1989
3555
103
702
233
2880
1257
3293
2073
3981
3622
3196
92
2506
2143
3962
1036
3639
3395
4108
3142
2713
360
165
3970
722
1599
1440
1184
1545
1825
2576
196
2798
171
403
4500
4448
1796
3755
491
4379
1433
4027
776
596
379
498
618
359
1867
2809
2682
4418
2065
22
3285
1725
1411
924
2100
1410
2368
2874
4172
220
2650
4005
4090
541
2712
1087
318
3936
2875
1633
101
1937
3435
3048
1373
106
1978
418
2307
775
234
2062
1098
2879
2401
4381
4097
2857
1802
3072
127
3185
3060
988
3303
3162
2008
3127
32
2385
2243
1643
4037
2284
1353
487
868
827
2810
367
3743
3268
1881
2996
3416
4137
2061
2716
1888
3345
4163
3870
378
4246
3607
2482
2931
2739
4077
1492
353
3779
21
1839
778
254
2937
3588
1286
3723
4344
2678
3212
3976
2127
4417
927
1570
3811
536
1735
1306
2031
2025
914
3890
2046
2413
222
3913
2228
3695
3323
1238
317
744
1260
766
2087
3569
1293
518
1445
324
2603
1298
4268
3752
1782
2691
1186
2273
3369
2582
2269
4028
1741
1008
4333
2706
3862
1722
3928
2306
1266
1595
3747
1943
2290
1857
787
41
3221
1191
4467
3709
887
2256
1760
1673
1784
3756
753
955
131
607
1287
58
1483
3678
2754
2956
3651
1204
2998
4135
3547
387
724
1899
2972
1330
3256
4360
3980
3242
2359
3508
4475
4433
704
489
2642
777
3927
3924
2098
1228
4194
2773
2735
3318
2609
3996
3780
142
393
1374
4038
3536
792
2742
3089
184
4348
3232
170
3765
1283
3731
4366
3122
1114
2395
10
133
4020
297
1598
829
4109
713
1101
3342
3337
1975
1522
1613
954
2989
4100
2014
2029
974
4316
790
1841
2750
1009
2487
3054
2462
3305
2538
2219
509
228
339
3518
3935
1846
1498
1817
3270
49
1956
4425
3807
2631
2374
3319
560
2489
4413
2421
1620
3608
2622
1929
2651
4271
1249
2156
3825
2705
402
2753
3909
695
985
1743
972
3635
1160
3077
2822
2807
3685
1593
2204
3845
1539
4262
3079
2848
3230
4305
4084
2248
190
1800
3121
3015
1423
468
490
3696
3579
4339
1835
1463
4142
3791
2356
2212
1896
3210
4224
2725
1705
1469
2201
4166
4239
1637
385
3018
1940
218
2654
1173
3585
3382
1384
2785
3118
604
1073
1579
4207
480
2574
861
2176
13
3407
388
2151
1605
706
3025
2788
1752
1148
4168
1081
1466
3190
3584
3309
110
2070
1639
3520
1277
2177
1290
2850
1369
4340
1343
354
2641
524
3576
3224
3535
1187
1301
2443
1619
267
2147
3799
3433
1386
2505
2494
3902
4378
4438
2058
1925
3897
2317
2616
396
3488
870
1828
3686
4370
1131
1512
1990
3351
597
1862
499
2605
3307
302
2288
2036
348
2660
2260
2927
1409
3540
3912
3727
3125
1276
3217
376
261
510
685
1644
3479
1239
4450
2588
4042
674
1450
3880
3419
1279
3050
1852
341
492
4463
2893
1808
774
756
3357
1820
1939
3515
4210
3091
3971
2240
2027
2700
2372
952
1819
4464
4253
4070
2225
2543
467
3239
54
121
957
3915
97
2626
1372
2911
4303
2617
2941
1263
613
2432
2812
3363
163
2118
947
1829
3886
2776
185
3735
497
658
154
844
3178
3809
3993
3380
2015
4129
3039
4288
2894
1484
342
733
872
623
2968
570
3721
3906
996
2002
3691
1434
2655
4241
3472
3560
3026
316
633
1774
2900
1269
3397
2744
3781
56
3326
3283
1159
699
3197
419
2795
2891
648
3176
1363
1217
433
1986
443
2124
3677
4169
3076
1538
1121
3486
2178
666
3275
1571
3007
3705
189
537
2007
1501
4409
3708
784
3750
3580
589
2966
3124
3505
1019
828
2710
2834
3044
1681
4201
2148
2974
350
1145
3510
2872
799
638
3207
1255
2137
4211
4017
3598
1165
1274
398
1040
2327
3694
2571
1088
506
1920
971
3528
1944
2214
1
3106
2523
2789
2266
4314
2955
3615
3257
1716
1891
3251
821
1460
1584
4477
2667
1364
289
2339
1693
3684
2048
2213
2360
1206
1086
617
3223
4499
473
841
2262
2347
2774
2802
1324
3603
1477
3549
4278
1717
3331
3548
3481
3199
2152
2873
1462
4371
1540
2396
2194
244
2890
935
3828
2200
2427
1706
1719
2548
3879
1320
1316
4328
2853
328
3676
3391
1011
1069
2045
4156
840
1686
4323
3184
2947
4386
3056
4341
3968
1055
4232
2425
584
158
207
4364
98
2886
4367
2963
74
1875
3770
823
2168
4030
3874
1327
2378
4009
1702
89
2906
1559
3006
3321
238
3859
79
3532
3107
2402
815
569
78
4229
4291
1037
520
2928
1083
126
308
2728
896
1391
833
2868
1302
3758
1858
2934
4062
3889
582
1167
164
2939
4081
4295
1335
282
1887
1216
447
4121
1985
454
1756
3942
3740
2246
2531
1376
850
391
4424
4054
2382
3266
4254
60
1273
3617
3154
3260
2685
3238
2867
1510
1451
3379
3377
2625
3150
1678
444
1010
4117
186
195
3675
1076
926
2970
2672
3372
2925
3456
1208
2611
4504
2449
2492
1063
1399
800
675
293
1326
1336
2608
3542
93
331
732
4134
814
3557
42
2445
3838
961
1307
4384
3872
2899
2811
1388
4068
4470
125
2223
2781
3244
931
1052
2227
423
3370
2938
211
2293
4124
3471
1600
2862
1285
4405
4292
3378
157
656
152
1227
4218
2816
533
2659
848
1983
321
4016
2971
3771
1225
2518
2975
1190
3967
2719
889
2825
4157
457
4421
3034
519
2614
3465
3360
482
1968
304
2040
930
634
3817
3335
2778
1071
1300
4287
3278
4306
64
2206
4490
114
4309
3495
1631
425
1147
2519
4298
4152
2766
4171
4302
4118
3667
1001
4359
791
3240
4444
3519
581
2346
2907
3095
1915
3453
1297
2477
943
727
458
1569
2420
625
4196
1422
2957
3582
3469
1496
1529
3137
1185
2745
3714
3412
2174
892
3447
4443
3973
3206
2946
866
4380
1626
764
1133
3253
410
2411
3441
3917
2291
3846
4334
970
899
3454
200
4101
1962
1207
2714
1041
4219
4459
3759
2076
1431
4083
4177
2847
1908
1135
3163
1999
3692
231
1758
796
236
4086
1012
1412
240
2865
3690
1057
3434
3562
2059
1031
2170
749
2438
3718
3766
3437
85
731
3271
3300
147
761
2063
4403
1586
4236
2717
1436
3977
626
2097
3732
1244
1514
2612
1833
3954
3350
4322
1604
2483
3925
4412
4358
2414
925
3352
1435
904
2464
1557
907
1248
3609
12
2575
3920
3368
3712
1415
3502
3589
521
588
168
1176
4401
1577
1224
4397
2024
3159
1432
1305
1195
1288
2679
2913
1630
545
1840
1734
2597
129
3812
1448
2619
2652
640
1292
2755
4269
29
3099
2056
2088
2720
1310
1505
3181
1710
451
4377
1231
2577
746
4422
2568
976
1137
3449
2392
1970
3291
765
806
3134
2493
1761
2627
2441
635
652
1759
3514
1565
2767
1060
2274
4122
871
2440
4243
2296
1446
3634
564
4399
4460
2255
2606
1002
3827
3655
4335
923
2563
1163
1341
3877
140
2903
1265
1533
2164
3038
2799
3022
404
1047
2762
4223
2314
2279
426
3364
2055
415
2071
2561
4164
1642
3883
1668
2009
1494
3496
4352
4324
3234
2536
2289
344
3068
1834
1362
4461
1772
1049
3595
3840
2261
690
678
3152
612
3703
145
698
1261
1474
3563
4451
2948
4318
4078
4099
3229
1381
1289
383
24
4495
2105
1243
3773
82
3955
3017
535
4048
3112
876
3575
275
1934
3165
818
2902
4094
1805
1237
960
430
619
2689
568
4368
2499
3885
1957
230
3446
2889
934
3498
910
1684
3804
845
3316
144
3950
4046
3538
1779
3652
1424
4003
62
4398
1382
661
549
4372
2935
1730
1663
2637
122
3030
3748
3577
888
2057
4155
2961
1574
2004
3422
4345
3254
3061
1873
4197
1058
4001
278
1736
397
2980
3200
758
1403
84
1683
4025
2322
3161
1959
1321
2914
2978
2111
2546
795
334
2381
2964
2081
1481
20
3263
3997
2182
151
1358
739
3494
562
3280
4055
2630
2882
1654
4044
1344
1907
4233
4343
4362
3174
2033
3568
682
3204
1847
3961
1211
2131
1801
3643
3147
3420
3567
1099
539
4153
3028
717
2282
4116
501
3075
3513
1130
2020
3208
2325
2326
3277
4112
3202
2453
3668
335
3719
3908
2828
627
4310
4188
843
3506
2594
2509
2888
3371
3276
3297
1572
8
4258
3801
414
2259
4315
3565
662
1220
2242
4104
1625
1995
3180
2553
3231
1611
253
1893
4273
2864
100
1815
2128
830
4488
1136
3991
1966
239
3599
2898
1004
2229
2944
565
3943
4406
3078
697
3157
3343
4286
1457
4330
881
515
3109
2053
4312
3288
1387
1661
1718
46
1798
4148
1311
1996
117
2397
1849
1882
2870
2564
2106
1845
3069
2992
2380
83
3243
3215
1503
4125
2497
1677
2623
2005
2905
1924
2551
579
4376
3863
2173
4455
4067
4435
3853
3373
1980
3757
2186
2224
755
608
4039
837
2861
2108
2529
906
3511
2210
36
813
1033
1676
993
2658
2450
1112
4240
2119
193
1323
2006
4264
461
401
3209
2915
2480
922
3151
2188
1792
2733
2909
2544
325
3188
3951
684
2929
136
1751
1056
2023
4069
478
1203
4159
1223
2772
382
1554
3704
3728
546
938
1304
2405
1655
1459
4183
61
4242
4489
2607
3985
137
3604
1657
3922
1342
3228
4073
1168
3767
1082
2335
69
1895
3383
1221
3405
2113
1197
4434
900
1960
2102
465
2918
3053
855
1449
115
687
1461
2310
4138
563
1897
3594
3937
2677
2241
1117
4442
664
435
1603
257
3742
1497
2468
4212
3470
3427
1479
2844
1762
2367
1564
1166
4431
3301
3105
819
3027
2338
1487
2690
1740
183
1144
1764
2952
2311
2566
1454
3570
2908
2350
639
2522
1780
1493
1105
1687
1737
1077
3024
3823
476
2146
2336
2516
646
3140
3264
366
3749
3660
413
2877
3904
4115
2697
809
484
2446
2320
381
1653
347
1120
703
3689
4389
877
719
1567
3797
2769
2323
3139
737
2532
1638
3090
3390
701
1067
2517
745
4222
586
3489
2693
1988
3016
4186
4510
4074
1993
767
1658
2096
124
2777
874
2185
2412
3910
1610
188
1581
209
1596
1106
1818
4022
555
932
48
55
1813
3572
1816
4439
1029
1113
3474
4143
4482
3205
3941
1695
2869
2287
2897
1747
735
773
4120
1471
2639
1826
2026
2406
3745
3313
3590
2643
2415
72
1691
3408
2135
2479
2881
723
6
3386
208
4029
1976
3464
2610
2823
3294
978
2863
3298
2760
2281
1535
919
2526
1064
99
3663
991
4281
3332
2664
3653
1930
2511
3131
1149
1950
2300
2332
248
869
2377
998
3733
4056
4260
3900
1548
4199
2419
303
1473
3659
4336
3830
3493
1291
4063
2130
1126
1998
1262
3841
2636
3948
3647
3650
2876
1794
3893
1810
1757
1153
3166
4205
3491
3581
825
104
3093
1028
1859
1680
968
1202
500
1941
2473
1383
1414
290
2539
3989
65
3680
1669
1054
119
306
2757
592
3387
807
2579
3873
4265
2078
4383
3329
852
917
1385
4503
146
824
3688
3720
629
2813
3287
659
180
3330
3398
3431
2239
346
4454
2301
2779
4208
3046
2747
507
1578
2254
2001
718
1609
1947
3612
2112
1561
3080
3084
802
3806
948
531
1229
2331
1089
2341
566
1807
87
3619
259
4015
345
330
4036
3574
2422
1969
4103
3645
2329
851
1870
4404
1665
789
1275
477
2885
834
2709
4347
2125
2244
3362
573
2461
2234
4192
2352
3421
2117
3037
2429
528
2635
1177
835
1935
199
227
2321
2920
1074
3083
2983
4437
3525
580
1516
2892
1553
2985
4326
4407
2458
4447
2303
2196
4311
1331
3148
1394
2035
1294
1951
2638
2072
1110
1885
1636
3189
1118
865
3995
4144
593
3545
2155
1884
3250
1338
4158
2674
3939
3729
3334
4130
4203
725
1507
1575
1467
1647
577
958
2541
33
1992
1602
1547
2192
4263
3116
44
780
3081
1765
1050
1520
1046
428
2179
3523
987
3265
1865
1904
2283
2981
1900
1521
742
15
860
2986
3683
4476
1954
2684
945
3631
4355
786
1767
400
340
3354
1233
1809
1769
1551
2513
2189
4294
2959
4220
4420
1259
4325
1222
2671
4282
984
4483
1720
1438
801
517
2371
4060
2535
1922
1392
4414
585
1070
2501
3636
1254
3183
2116
940
3085
469
1674
962
3452
2268
1933
4247
2806
3322
3616
1502
3492
4494
1475
781
1180
2333
1491
2083
216
1215
3438
4382
2595
4472
1972
3087
1685
4
3644
3097
2358
3578
439
1698
1129
4180
3819
3593
941
3108
3227
472
879
1003
3725
2158
1971
2748
1662
3156
3409
3986
1408
2530
1648
762
250
3023
3062
463
4057
4361
1704
4225
2997
225
1984
3070
1194
2257
575
453
3531
2069
4453
3366
2460
2391
3614
1916
2286
2132
600
2153
1864
3814
182
3821
3699
847
2645
3269
859
2104
4436
2424
198
4162
4058
3539
4076
3601
2092
3627
4206
153
1308
2933
4319
2263
3624
1443
3855
3211
1314
1861
2585
1707
3839
1588
2437
1333
1007
2780
3336
1268
223
1594
368
2895
3884
3658
4502
1179
27
1628
3808
3164
609
3192
2018
2683
770
503
1122
3591
314
2800
3837
3098
3794
3117
3789
2476
1478
2376
3014
2272
3620
3836
1427
327
4369
2354
2954
268
1154
624
242
901
2032
3822
67
1447
2370
3504
2629
1127
2295
2649
1945
2841
3866
1793
1006
812
4051
1745
437
4087
544
4321
3311
1863
112
557
2387
2591
4114
1038
150
167
772
4193
1192
615
1488
1480
4082
2369
3424
1345
2761
4474
2613
3071
898
2703
3094
3033
1102
3101
3558
2103
598
540
2451
1770
2093
3933
3222
1787
986
210
748
118
2958
2926
3605
3606
120
3561
2037
3988
1731
3203
2457
2995
3621
386
4085
1697
1250
2278
4106
2618
4484
1883
1563
1672
4184
3406
