1968
3090
1329
23
473
3869
1621
3543
4480
1002
2291
1448
4436
3501
647
3926
3485
1883
3781
183
439
846
1579
2671
3461
4495
2739
269
3699
801
1450
2533
3572
4193
3530
849
2149
730
1351
1045
2185
2544
4379
4171
736
1100
1300
405
2085
435
335
1366
2245
570
4339
2011
2128
1860
990
1823
1842
2294
3391
1215
2041
1119
903
3340
51
3701
3825
577
3843
346
2723
1907
2311
2525
1458
831
1495
2879
2959
4263
991
2461
2508
4078
192
1237
617
2919
1786
2396
3711
3067
2122
3933
3820
217
627
163
1556
4216
1795
3148
1178
2581
2873
2539
3519
1980
1000
1006
3620
566
3924
1774
2026
524
1570
3021
1098
1525
1669
1143
1512
4086
2119
4057
1709
2858
3120
2783
3131
1226
954
716
3052
943
1017
794
1287
4009
4314
2504
4160
4072
2223
3785
1995
899
3852
1677
3778
3806
1372
2211
4249
619
221
2051
648
1613
1803
1617
4135
1586
2032
869
451
3645
1071
3834
1643
3867
76
2738
2665
1173
3642
4000
100
2575
4
3857
2492
4211
3118
3764
1666
646
1699
1965
1281
2686
2515
3727
4472
3305
3074
2913
1439
397
3981
2774
3141
1565
4478
935
1026
1490
4015
3969
3542
4041
4217
3035
4228
1509
1037
559
2251
1058
3071
757
1496
662
1085
2268
248
3434
2956
1829
3932
693
1088
39
3558
510
2189
3796
2848
2773
3685
2271
296
2135
2894
3244
4430
4150
1442
2273
1704
1861
1906
4443
225
2854
3984
233
1068
610
2900
3294
3051
2793
2993
239
2542
4064
188
2217
586
2675
676
2924
3751
4268
1222
3966
3406
58
4277
1716
3324
623
1498
2253
1342
2569
4504
2874
3311
2640
2449
3631
2358
4413
206
4180
2565
1859
1942
4320
2351
872
3241
1636
4312
1515
3160
2782
1483
4452
4046
845
3646
47
2826
2306
3479
488
3238
1761
1130
4178
3546
1878
2576
2572
3343
241
1910
1205
289
1902
981
2368
741
552
4056
1078
3255
1055
4283
1113
4020
4282
3862
1773
1822
2620
1869
1310
1527
3042
3747
3191
4163
2649
3472
902
2526
822
3555
2787
3828
4490
3499
3905
1132
1327
3973
1080
4313
267
132
3443
2121
4316
77
3201
2852
3093
2816
3812
1233
1657
4188
2333
4265
2276
4486
3824
592
4421
2158
4129
4067
3696
4222
224
3455
3254
2444
1792
2382
3273
1060
1332
685
3402
2995
563
1386
1159
1974
4353
731
2380
14
2625
1202
1891
1338
712
28
3283
3457
3453
4257
2377
3609
3515
2511
720
655
2383
407
3069
2423
1855
3169
3835
3533
3381
598
3597
3264
3770
1924
4141
85
433
472
765
4386
2453
3668
3954
3757
4433
1505
195
2801
120
4454
976
250
3155
948
4299
4006
1158
1577
871
1169
709
207
1363
45
410
970
4187
3011
992
61
3379
1208
3583
4471
1040
2746
3643
138
1629
3350
3505
3375
758
1277
1090
2875
1534
606
4252
3592
4492
2198
4344
3603
4426
1286
3135
3036
4484
1944
2510
3197
2076
3717
4483
2737
2045
2859
4338
3979
3737
3
2473
3790
3763
1397
3608
482
917
1381
3918
168
2023
2517
777
3814
1994
3980
508
1908
2285
1824
1956
1034
2410
830
751
2489
3459
1392
496
4381
4090
2750
4473
3911
1185
272
3694
3758
3823
4371
234
2281
3661
3307
7
704
3970
238
2527
901
908
2101
973
3731
907
2677
729
452
2821
1122
13
4240
1340
1083
2472
4412
4065
3318
237
2655
36
30
2325
4276
3942
3664
279
2287
3111
1231
1548
441
828
3957
665
254
2201
2498
3622
1881
2372
595
522
317
1487
4254
1628
2541
3720
2506
3730
1843
4199
1827
3174
1014
3181
2166
1900
1473
2292
1885
3739
290
1766
1988
396
2876
3951
1714
1057
3670
4271
3385
1350
3724
1152
744
4095
785
157
2886
2718
1711
2915
2488
203
502
2523
220
2944
3397
583
467
1971
3873
649
1909
3006
3952
3187
4323
2159
1538
3594
2047
3807
1745
2167
4026
1373
3896
1431
1571
3389
2764
1312
615
4017
3145
1875
4114
2838
402
3063
2226
4184
2042
2040
3619
3277
1642
3697
1790
4332
2290
3103
1391
2107
512
3122
4044
4175
3797
1990
1426
4376
2401
1196
4107
1336
2260
857
4416
2613
2832
2753
529
865
2856
1394
1876
3440
1557
3511
3156
4197
2008
3732
778
3710
2235
3274
3774
811
3377
2219
2379
361
2366
596
2233
858
840
2958
2228
3565
4248
4395
1309
2976
3725
1752
719
1116
1314
1076
1353
2022
2850
1135
2889
2476
4174
1069
1167
542
3460
3877
3520
3667
824
2818
214
3285
2357
3967
2691
2091
3780
760
68
2417
392
1798
885
4234
4429
3008
1959
1720
1387
2657
226
3417
924
1563
3215
1225
4460
4431
800
4054
2014
2609
413
826
2078
3376
2354
1967
3815
2863
1398
631
4289
774
115
1485
2530
3831
3956
3705
1652
3561
3589
123
985
1997
3949
2580
2183
3944
864
3722
1655
3374
2903
295
334
3291
1073
969
2512
3559
749
67
2412
535
4287
278
2339
4324
1949
1517
1645
412
1320
802
3234
3192
4192
2946
1156
2699
4349
4394
743
2800
1780
3158
2391
1606
1777
1684
4103
31
2827
3252
4286
2790
3029
1893
3097
1204
3482
918
2866
4028
2263
449
564
2861
4400
2798
8
890
2430
1964
3865
555
2763
2424
4366
2702
2785
2817
4361
4118
3404
3653
679
2847
1317
2298
2178
1280
2519
1592
3526
574
2220
680
1330
670
4397
417
635
2513
2270
109
82
215
2528
972
607
1262
3164
3483
1457
2359
3654
1662
782
1833
4309
41
3265
3600
1733
2652
1146
3328
771
1734
866
4036
2918
1347
3062
2136
3023
1005
4328
2949
3585
3182
1992
2429
1197
1223
2884
2761
2596
3480
1889
1547
1148
3769
3239
2018
1953
262
1465
1441
571
4098
2471
3445
4477
2616
2645
2397
1423
354
1693
2907
314
1535
958
1888
2421
1776
3928
98
2936
737
2212
2522
1371
3749
2543
4485
1311
1021
2323
740
2125
3033
385
87
2837
4162
599
1574
245
2943
1671
17
1804
1692
374
3908
2440
1050
1502
2437
1447
923
3503
121
3150
3708
2732
3593
2257
88
3339
3325
2127
940
475
2110
3564
1032
125
4444
1585
1611
4318
622
1604
3242
1406
2550
1687
66
2182
582
212
1212
389
2597
1428
934
3226
4355
4367
2075
1721
3935
1181
2775
1276
3580
2012
4153
3041
489
1460
1963
2507
2464
1437
3715
1620
3258
2567
466
3424
3581
362
810
1507
3887
2010
1934
3260
2604
187
2369
4390
672
3621
1680
2293
3066
2554
1001
4087
3676
1128
4510
1682
2668
4035
816
1474
2310
2757
3945
1322
1760
3388
4333
2343
2370
293
3656
2398
3539
651
156
493
181
715
1124
4441
1161
1
1139
1163
1357
497
1070
2495
4368
503
1952
2482
2895
3547
883
4244
3663
393
2216
1494
73
525
2334
1019
1186
2063
422
2304
1651
2646
4385
1492
1118
1877
3644
755
44
3795
445
1778
2658
1930
725
2755
4005
3767
1349
3428
2574
3037
838
3839
4462
1763
2940
430
1523
554
3803
2799
568
2144
366
4022
1097
892
4380
2307
4451
4475
3791
666
1972
1757
3826
1690
696
37
2278
1904
145
3186
4133
2313
1030
1941
2232
2968
3961
3092
3212
240
266
3390
3982
1232
79
3830
601
360
3170
2899
3987
2673
4079
1436
3680
2559
3151
10
3963
689
191
2088
152
1619
775
2742
1898
3299
1094
2375
3880
3746
75
1242
4442
1588
1796
3688
3279
3372
3458
1668
3083
443
2142
351
3883
3204
1782
1011
3314
4225
793
1142
3507
1962
718
2829
504
882
3876
2460
4419
4073
1825
962
3948
3681
1053
492
1016
3227
4183
2729
2813
2284
2229
742
4242
297
1079
2019
1176
3567
4085
1578
3236
2452
3147
2496
624
4194
2058
3400
1443
669
1744
3916
1321
1151
1471
1154
3671
3335
2584
3906
2682
2230
2321
1808
2749
3133
243
3016
2792
4123
3677
3759
1665
2735
3224
2079
3998
2462
1367
1511
2704
2141
1339
2266
4348
2406
2120
104
1785
268
2823
933
2547
1477
3553
3380
411
1996
1679
3289
4493
2221
805
3110
3348
3438
3524
299
4209
2540
1247
2049
1603
236
878
4352
3707
2376
3013
1324
69
608
3904
1928
3364
1228
1301
321
3510
2960
460
3153
2191
3634
732
560
2200
2094
1813
2043
575
3436
722
1307
3618
246
3870
515
2824
795
4126
4021
1882
2349
1989
517
1393
468
2555
3674
3425
1654
2347
3231
1623
490
2132
501
3723
1284
3976
4406
3909
3941
469
3249
1553
687
4487
4040
34
2637
1418
4370
3787
3061
3709
2499
2587
2809
3602
3898
3068
1610
333
1605
1562
4119
926
4357
1265
2272
2942
2626
893
3132
2147
427
3633
3401
506
3575
3205
1463
561
3108
143
836
1626
1364
1755
306
1422
3005
728
2404
4149
1419
2957
65
634
2736
2156
1919
4142
3398
850
4239
3233
4088
4407
1209
2984
3250
3045
3912
695
986
1369
787
1352
602
2583
1109
3263
1299
3126
2622
2570
514
4177
274
101
4391
2457
3719
1948
2068
3881
3057
2234
2249
975
1445
4127
3323
2265
3030
3355
1489
182
3337
3809
3416
4013
4241
1740
2564
710
3726
3271
946
223
3256
2807
2324
711
611
1754
1863
3165
400
3517
1802
2747
1708
32
4481
4387
1482
3024
4506
2693
2238
2006
537
5
2670
3015
3712
3301
95
1488
127
2338
2162
2336
2563
1108
2108
2203
2280
905
2314
2497
861
4298
1903
4120
1676
3368
1958
3059
2600
543
2451
557
3347
754
691
1678
3043
3344
3303
2562
3504
1261
344
4152
1817
2743
584
2222
1648
2701
2195
3868
2303
2804
587
1298
692
3405
3101
556
2820
2061
1926
1136
2986
130
4341
64
1530
196
2300
609
4440
2255
3171
3306
2846
1409
1640
2578
303
1799
3628
3481
1896
106
3989
2161
2505
3095
3893
2685
1466
1138
4212
3319
1214
1749
3625
1660
3901
1800
3818
177
1105
2734
1940
3370
2989
3125
4305
494
4297
3473
2950
2726
1469
2538
340
404
4094
4335
3130
3072
3326
4089
2493
1836
1985
2425
2197
458
2529
3431
4048
2463
3193
1540
4220
4428
1285
199
1729
1362
2092
1933
2659
3408
2687
1047
4219
2392
1846
1914
189
839
2797
2998
4159
4012
3098
3025
3885
3243
1514
1945
2035
2653
1388
752
1004
3435
213
3591
3198
2111
2860
3261
3955
432
185
2447
868
153
147
3369
4251
3216
11
1751
4029
2105
4148
3179
1279
3321
2264
2407
1858
621
4259
2709
3657
3356
2289
914
3630
3931
3703
2921
3782
3735
4111
1580
124
1249
3465
483
2093
2102
4027
1175
3176
3085
3675
4288
2188
1868
3988
2638
2794
1835
487
1264
3669
4201
3091
2603
3509
4461
894
1140
4139
4233
2610
965
4358
38
671
2867
1675
3626
4403
1425
146
2374
2810
3371
1358
3217
2082
3836
2441
2187
604
1762
117
1788
1405
1531
197
1865
1929
2901
3219
1947
3342
4235
1851
4404
2241
1895
1598
4422
1722
3704
2720
355
642
1634
3545
3352
372
1117
1049
4121
46
3257
3636
3678
442
3152
4091
91
1978
3995
2534
1769
194
1270
1213
4415
3117
2501
4039
2466
4059
4369
2760
388
1723
1476
1257
382
1297
2180
3997
2548
255
4137
1266
955
3596
1794
1735
821
3922
3994
3943
2148
2209
2295
960
1434
3144
1334
3210
3947
3875
2467
1313
3637
1028
3754
2883
4092
3702
1644
2004
1254
1302
930
2367
2990
1243
319
1519
3300
4482
3940
2912
1931
788
3888
2733
1627
3554
415
1255
1025
4405
273
3598
1955
3755
827
2296
3349
1521
1114
3315
2948
232
2577
682
3913
2371
937
3382
4023
4230
1726
3341
4401
2433
2692
616
927
1946
1408
4229
370
3415
520
2097
3168
3287
1149
2880
2906
364
633
3975
2929
2308
1633
952
3890
1710
1625
3251
2116
3365
4417
3750
4329
3308
3028
920
4018
1976
3296
1162
3383
3856
3648
3777
4465
3106
3958
92
244
2585
1133
1348
2977
2925
1402
251
74
545
1853
2683
818
1063
2340
1318
118
135
843
2224
1674
383
3854
309
2098
4157
626
3268
216
1830
2551
1957
3847
2331
479
1582
4172
1993
4010
3993
3560
3327
4350
2688
4469
764
429
211
2713
2862
1475
2744
4264
4497
209
1377
343
4383
2345
780
3127
1581
544
1210
540
462
3409
3189
332
3659
3114
2344
304
748
1897
3177
1160
4144
768
283
1323
4285
1916
2781
3304
847
997
2537
316
1316
3635
964
1253
4024
1188
3077
3194
40
3329
913
3832
1815
2557
3827
4151
3930
1791
1462
1184
3513
2970
1054
3232
4474
727
3536
3146
548
1290
2628
1396
3660
2015
2937
1337
4203
2038
2322
1033
4354
3322
3366
762
3538
1998
3535
3959
271
3693
22
2721
1612
2242
174
4414
668
136
825
1670
1481
1932
1828
945
1864
3346
1451
2980
1554
2297
3569
2951
2384
538
526
3990
995
3886
2882
4272
3624
2759
1852
2904
2881
1572
3188
198
3991
2072
3502
3007
4008
2002
403
1880
2469
3813
770
2150
3297
256
4488
779
1905
1656
3728
2089
2176
3853
3317
3821
993
1183
513
3278
781
3983
380
3841
3689
1452
1673
4408
1331
3418
2877
165
2133
2791
113
148
2916
863
4334
3082
4206
867
4388
1738
398
3161
1954
1472
881
54
3772
1550
1756
9
4176
139
2332
1374
837
336
134
4243
4051
1789
4060
49
2317
1484
231
179
2301
2137
1200
426
2267
3882
218
2083
3353
1533
2698
2146
875
276
151
3919
4131
3292
2560
2269
2769
1015
834
3089
347
2751
1246
4373
2474
2934
4068
1528
1429
3613
3290
4319
4434
657
2106
3034
3974
1174
4439
3378
4359
1236
2623
1370
2812
941
478
3938
2254
2844
3518
1731
3521
1911
3433
394
2725
1672
2415
3799
896
832
3447
376
3487
3109
1558
3053
4494
580
3878
1894
2927
4205
3488
950
1584
1793
450
603
3638
2060
2131
4278
551
2184
302
3129
99
2627
2165
3874
1416
886
1499
747
2179
3568
2446
2914
2477
3360
3395
1271
641
4166
3775
324
4080
4055
2402
705
1597
4468
1304
2833
3563
3489
2869
1615
853
119
1849
1414
1632
1522
4279
638
880
688
3246
3235
2926
2715
190
3910
3842
815
803
842
3464
956
3468
2731
1912
2445
26
3897
4204
3578
3612
3776
3491
763
812
4037
3550
919
2975
2893
1177
3267
2796
3159
3866
2870
1446
3858
453
2084
1360
3166
2679
464
1103
3978
3845
909
2973
2044
3430
2431
144
2923
925
1013
3616
4398
1697
2218
2346
2454
3302
4116
3446
1961
2999
428
2486
3167
1191
129
4304
481
3497
1718
3496
424
3632
3718
2819
122
2642
4346
4231
3225
618
4186
1806
998
3523
3237
4053
2352
3248
167
884
2908
454
1444
645
703
3929
1854
4115
3228
247
3871
4019
2776
27
155
1061
2662
3387
3454
2615
1031
2965
4508
62
2422
1616
258
2048
184
1915
3157
3175
59
968
2153
879
465
4432
2599
3361
2279
2667
2138
539
3492
3570
56
589
4050
486
3230
799
1981
3245
416
2716
3413
3471
137
652
3761
3829
4190
1810
4082
1826
4303
3733
2459
2546
746
798
2169
3399
1459
3010
507
463
3647
2766
1305
4032
2394
1190
783
3925
1259
2593
1003
2414
528
4393
477
1555
1024
4025
1599
1856
3879
2438
4196
4062
2225
3055
3551
2248
3691
2831
2601
4238
3211
3107
4221
1248
1844
2065
25
1758
1591
2931
4071
2719
2039
1315
142
3178
953
2835
3099
322
2193
1532
726
1359
2318
2037
3396
3673
2680
3222
1807
470
3937
2487
2400
1602
4214
2056
2071
1145
697
4218
2784
1820
2909
3451
3031
3316
2419
1983
4509
2868
4245
1646
4100
2247
2632
2213
6
3467
1879
1008
2700
784
3054
3964
4016
228
4448
4210
2930
253
661
141
2552
959
2029
1260
3269
3927
2878
3582
971
1805
3748
3104
4161
734
3683
547
2561
659
1524
2231
3798
3330
4411
3027
590
531
658
983
1289
1438
4499
2650
2163
1595
1379
4291
4437
1921
2390
3203
2872
3615
1407
2215
1420
252
371
2788
873
1701
1084
1569
2126
4450
1753
2741
298
735
1819
677
341
456
1273
921
1970
4363
4399
418
1857
18
4331
2892
1887
1104
1089
915
3851
724
3284
4138
2836
2393
2966
3808
2678
2481
3394
4423
1046
1027
3765
2353
912
3149
1224
1551
1935
35
1772
2494
3494
3986
43
708
4455
2962
1211
4074
660
3641
2123
532
4224
291
1096
2524
2034
3195
1424
2955
108
2129
1681
1730
3040
3050
1918
2674
1635
855
320
3253
4267
3202
1356
4170
282
3900
3032
401
636
3784
809
999
4347
2994
498
471
1759
823
1493
1120
2028
2502
2288
202
1417
2795
1590
2920
3312
1432
391
3119
1125
3196
3996
4165
1325
326
3562
2017
2727
2663
1065
4275
3002
434
1221
1326
2330
786
1036
4447
2362
906
1468
3740
951
3859
3331
3075
1456
2009
3134
694
3658
1872
4134
2573
756
2779
4507
4182
1845
4117
3138
1319
3884
1566
3128
1583
4502
176
2606
50
1074
3627
819
1707
1837
2805
936
2103
2160
3281
733
286
1250
4047
1871
4290
963
2963
1991
1343
966
3522
1401
414
375
2589
4105
2644
210
484
4418
331
4445
4146
2752
1227
1719
1779
1082
1241
1506
4470
4260
4308
2621
820
3357
3614
1724
876
315
2695
2707
1066
1838
4365
2630
2789
2961
307
323
505
1440
1541
1219
1380
897
3298
1023
3917
4215
549
4315
365
4034
1256
3752
3407
2070
1917
4185
1106
1263
2911
4154
2987
3359
3065
2194
1526
1938
150
3218
1683
3744
3476
349
753
1925
4378
974
3410
3354
2815
988
287
684
3792
3498
961
2553
931
3338
201
1308
3026
4031
2175
1385
4237
1594
2503
1453
1537
3840
1831
1870
2834
3540
1153
4124
565
171
4232
3270
3172
3078
2113
4466
4096
3060
93
1365
558
4425
2062
3588
4061
2772
1886
1199
2696
562
260
2465
536
1093
628
1809
2660
2130
2274
2549
1129
1115
1501
2258
2261
1193
2514
2997
1165
2748
2939
949
2722
2740
2355
2174
2839
261
3474
1368
1664
4302
1748
673
3124
1095
399
1867
2981
1732
4435
1564
750
769
3822
3977
3721
2864
889
1238
3604
2320
573
3136
2571
2
2067
3968
3493
1700
3500
2607
4463
1975
3921
3014
89
1048
3142
518
3140
804
2335
4191
683
2053
3456
2841
3094
3333
3422
2490
1251
1750
2016
2786
1781
759
444
653
3934
3729
4284
3802
3574
3686
1717
1775
2822
3102
2064
4147
980
4467
1712
1354
534
3872
4213
1333
3293
2470
2952
358
3115
4351
2491
1390
852
1920
2617
1649
1694
3684
1552
3745
2969
204
3914
2124
1618
2246
928
2479
813
4253
2118
2413
2096
814
3743
4389
3478
2825
4342
1702
1051
4102
3185
4033
3240
1389
3833
131
4110
979
259
1240
1503
1207
792
1245
2536
1936
3557
2933
4156
3393
2436
3525
922
3706
342
1661
2756
1189
612
436
3309
681
3939
2531
4476
1727
567
2206
2588
4168
4143
3320
3070
3768
3528
2157
2717
2582
3576
2282
2612
3001
4198
2027
455
4097
1544
1703
600
637
1784
1195
2608
1742
2177
2978
2164
2109
2305
650
305
2768
3584
3044
2941
4345
3412
2518
219
3532
3652
994
1269
227
1913
3163
476
3529
4262
3531
2982
3962
4106
4274
663
1783
3766
1982
2802
911
1018
1009
1951
4409
4300
4396
3336
1567
1821
721
3384
2808
3275
3891
438
835
1187
772
2509
4246
2586
1378
4108
844
2342
3184
1384
3020
2842
766
833
4236
1404
808
178
3423
4132
900
2754
1927
2364
200
1141
1274
1866
2629
1479
1182
629
4457
1973
1746
3892
2099
989
2710
3282
2171
2992
1303
643
4084
3512
3420
4372
3190
1043
1890
3907
440
2730
1035
2851
3047
386
2199
2666
4402
2256
2803
2711
337
2828
2243
495
3088
2074
1155
4280
3345
895
2403
2485
1767
3022
1449
1062
1234
29
294
3048
2857
2938
3849
4136
3736
667
2690
2005
4325
2328
446
511
2427
1696
3605
186
311
1268
2152
1267
2134
2395
1157
4049
2115
1559
2385
806
3247
4458
1609
3846
308
329
3262
3121
1542
2703
368
3650
957
4343
2327
3953
4081
2356
1383
4273
3700
690
2945
205
3017
2694
281
4250
2114
572
356
1607
1999
1328
1395
2887
859
2192
3771
2664
4410
2435
1979
114
2780
2432
530
149
3760
978
2778
3084
1741
3143
2770
2896
325
4446
1461
533
1561
4449
2145
140
4070
292
2579
2988
4158
312
2651
739
63
1622
1545
3639
2020
158
1010
1403
4042
3861
1873
1943
1608
1698
2208
3662
437
4202
593
2669
4427
1862
654
1150
301
2312
1834
3162
485
2170
1344
81
2712
2840
154
2521
541
1601
4069
527
1435
1110
1768
2080
2081
3470
