3653
2662
2672
1897
4481
3433
3645
2559
171
506
1783
3652
3918
1305
3025
731
4391
2033
4420
174
2104
2312
1844
3196
3064
3842
1481
3078
4480
2412
2062
2759
4383
1555
2765
4324
4436
3587
2704
3619
4281
1539
4472
1742
376
1933
4259
884
2875
1981
101
3670
569
4399
14
327
3198
4296
3932
1852
726
1063
3935
687
2872
2589
143
770
1707
3056
293
1359
862
3844
1038
3536
4429
1556
3688
2208
3459
720
912
1169
1469
2150
3004
2484
4369
911
555
3353
1077
2883
1143
695
1834
3314
2196
369
2485
1159
3099
3609
4295
3692
3320
3508
4494
3156
3754
2972
3556
3029
819
4345
3504
1987
7
202
406
744
246
3410
55
3200
792
3939
1390
2307
868
2006
360
3998
969
2404
4484
1288
2019
477
2117
4151
4118
3267
601
3523
2455
43
3690
2685
2250
3420
4501
823
3265
1138
2246
3418
684
3371
1084
3794
3177
1398
1040
1792
3800
4267
4087
1724
3359
352
3423
380
4126
3424
2579
2107
3188
4017
3118
483
3539
2763
706
1485
4374
2643
2271
3169
1247
2912
4509
1328
1779
1476
3092
142
797
359
3132
1129
1808
2835
3414
4441
2817
1750
3382
1606
3747
365
347
3262
2726
2737
3626
2708
1000
3038
1385
3003
2594
4066
1372
2776
3128
420
4026
3960
4285
2966
4423
716
3498
46
2157
1614
2735
190
1239
2365
401
1211
3518
1192
1983
2237
667
1848
1301
2352
2
472
1962
1196
3630
3058
1203
118
4250
997
4309
1110
290
2724
8
430
150
374
4223
4092
701
3965
2744
3159
3400
1530
66
84
1810
2573
2051
4286
2569
551
3140
2696
581
151
1118
2951
2318
1483
1388
1221
479
295
3573
2419
4168
2698
1903
2126
3528
1465
3868
2954
2606
1217
4050
2816
3412
1757
2016
1261
2880
431
1939
2344
1727
928
134
463
2625
3540
677
844
1113
3138
509
890
3026
4460
2959
3039
3207
2999
434
2870
2904
2451
4304
3223
2331
760
4209
1233
2788
1807
1350
452
2324
1041
3101
3876
4328
3936
1904
4212
965
404
3818
3102
1798
1404
2519
342
4130
3538
1837
3385
661
650
2169
4384
1446
129
2477
1317
4107
3795
525
3489
1543
1561
122
3093
160
4012
513
4305
2727
2115
3639
579
3543
1296
3522
1916
3675
3059
3561
1382
1825
20
2807
4097
2670
1119
960
304
4116
2337
206
383
217
446
3837
1186
2532
1031
2709
1956
3034
3934
2597
3611
3415
2094
47
3482
3383
2410
3063
1016
1352
2934
971
596
2649
1605
194
361
3612
1331
3269
4100
992
736
1958
3656
1002
2903
2127
2908
954
189
2093
41
1522
3493
317
1076
2299
3880
1996
2043
2347
432
3271
626
3017
108
425
966
532
4398
4465
768
691
914
2582
3377
3323
738
836
2218
1627
2205
829
3624
2221
136
2861
1699
646
2034
1487
719
2114
3958
2979
3010
2753
1536
3398
1407
647
4129
1432
3388
1685
1818
795
3517
1062
929
4095
3224
448
1276
1895
512
297
2826
2095
1178
3791
4486
1565
2645
3572
1144
730
1275
3313
3237
439
3729
2666
3009
282
3287
3302
3220
3732
2902
3505
1615
3813
3945
1620
1648
4242
203
2534
353
3241
632
4101
3535
4185
3141
4213
1030
2545
268
1924
3327
1566
3877
3591
2272
422
3520
2430
1136
3307
1427
2786
3669
3007
4121
284
2120
4456
159
1531
3460
2123
821
1376
2842
2923
3100
3171
1452
4301
3957
4451
182
788
269
937
283
3597
3448
2989
1416
233
4055
3126
3084
3836
1015
3343
377
4272
1745
2427
1826
3787
499
501
4208
4270
2757
2955
2437
4426
2481
3803
4385
276
3384
639
3488
978
4125
1526
903
2611
1922
1364
846
2309
1909
141
4461
3680
2680
3629
2156
3716
3516
1056
149
402
1449
3982
2839
379
2452
4008
119
565
224
4174
3119
936
4292
3847
1883
3743
3855
4020
4013
920
1713
2056
411
2529
1027
500
387
3801
4103
1978
267
2395
1746
3375
526
2553
3329
2851
3165
1243
354
4048
3728
2260
2750
3172
4360
3910
780
2671
1155
29
2415
804
2128
1215
2814
4262
3497
883
1035
3282
1633
2618
3623
1906
148
1462
3256
4394
4142
3163
52
1153
2381
1430
1851
2416
1191
1654
2838
3654
3922
3070
3770
2622
2417
3293
628
1341
253
2240
3634
175
1782
1771
195
834
3643
1023
92
4178
321
1634
419
236
1527
3931
1802
2930
2738
384
3356
570
10
4167
2974
161
4091
2317
1799
3819
3799
769
4203
4471
712
3726
1220
4407
1892
3182
409
2860
1859
2556
2342
3996
3094
1017
2549
553
259
2891
3555
587
3557
3748
154
813
3917
1130
616
4372
2443
3564
4313
1854
3984
1656
4062
2393
2619
1116
2570
405
1641
3104
2468
614
1957
24
826
1842
4210
3299
3661
3845
3210
2458
155
1762
2546
211
561
753
1966
1510
698
2394
3097
3170
4237
4482
2310
1608
3348
4164
4080
2688
4365
2214
3854
2536
3185
715
4109
3487
1322
2217
4070
1249
4447
3330
2717
4243
3215
640
326
4172
2037
229
3147
3310
1832
1377
1702
3731
1048
2674
2357
1776
2031
1709
3896
1079
456
947
2991
4468
2288
3037
2228
1721
3496
1406
1358
4278
4356
1444
2517
2910
2046
88
2578
1860
620
919
490
1876
984
301
3562
1988
1772
4231
2334
2940
2853
732
2971
2988
871
1678
3705
3607
1050
1607
87
2555
1545
3856
3309
2143
3924
1781
54
1973
164
837
493
488
3054
2494
462
4366
1562
518
3222
1022
3762
794
4060
534
690
1349
4056
210
2531
3820
4408
313
4085
3987
3190
2663
227
3811
3550
4180
3871
2920
1720
3214
939
1464
1268
3648
3347
2325
796
2784
3774
2980
3160
644
4089
2423
3422
3112
2571
4187
974
254
213
648
3012
4156
4306
4043
1761
1071
3744
3202
1441
183
2540
1502
237
1850
4240
1445
2535
95
3053
3983
1497
3662
598
3456
547
3154
1590
2791
1752
3318
3428
1047
4064
1176
694
2227
545
1600
1265
2565
3441
32
4251
906
3947
2063
2933
4148
4359
1
1505
1542
693
1426
2524
3631
676
3364
2295
3176
2502
839
595
1271
3229
3885
3790
1915
872
1822
1751
3929
1210
776
4317
3328
1673
2279
1911
3483
613
1060
1121
3014
1698
2706
755
3772
2964
4344
3325
1187
560
2729
3678
198
433
597
1538
2165
1283
4291
2953
367
1704
2905
3964
1330
1499
3005
4
1838
1650
1592
3449
943
3495
3
907
4377
1747
2533
2795
3397
2281
3365
529
4406
460
2448
3814
3759
1804
1206
2201
2242
3051
3438
3928
91
3529
4049
3475
3066
385
2234
2369
1552
4452
2714
1177
4135
2538
1201
1811
4163
3044
3533
999
73
2042
2522
4290
1575
840
2683
724
1066
859
1645
2924
3989
3968
1123
1877
641
2539
1833
1736
566
2568
4427
3246
1072
2276
3251
2719
4158
2561
2111
4410
3891
1722
2990
3113
2151
4347
4102
1340
3023
2976
1319
1094
222
4297
1429
623
2370
3972
3276
4318
2961
1862
3114
1054
4057
2869
4096
3693
2857
3742
4234
2613
1279
543
4489
1397
2064
2659
2913
1224
1308
2265
135
3387
3342
1012
1541
962
3839
4189
1921
1018
3369
3081
2105
3792
2978
1486
948
1997
3665
3715
2752
4194
3274
2436
4264
2646
1858
4033
1819
1001
1259
1379
1823
675
1471
849
3719
1165
3370
923
4382
3263
3700
3723
577
1994
4217
2015
1128
3599
177
2118
319
348
363
1708
858
1878
2311
3768
1809
3474
743
1821
771
4002
3151
3778
2433
2723
3231
1533
3473
216
3277
3980
1493
876
2438
3261
3530
1007
3663
942
85
3289
333
4279
1548
314
3321
1989
2998
2741
1789
57
1696
697
4378
3008
3022
3655
2068
349
4343
1369
1658
558
4500
1670
2587
1595
2997
669
3042
4308
2892
4505
3570
2226
2808
3337
2992
3378
2459
34
633
1571
881
1067
82
1672
4331
4437
4362
2770
556
1828
491
1801
2364
62
2963
1231
1302
3950
1889
2286
761
2089
2098
2018
3999
3758
2566
1458
3303
2779
3195
3548
527
257
3866
932
2601
2072
3218
652
1667
2300
3969
231
1240
172
1619
1417
4504
2003
281
2516
1518
2760
2142
946
398
3977
4218
3228
38
2050
789
3074
2257
3006
759
200
2616
2446
4161
2844
1298
4470
1353
4190
4363
438
78
1949
1270
3919
869
3477
2280
2441
4415
2004
580
3240
169
1393
60
3407
4016
2871
1759
1323
4029
138
4488
1300
3617
2296
2877
1112
4160
3739
197
2504
3486
3446
1033
3252
3144
2929
1964
3696
1292
571
345
334
510
3155
842
2756
1711
4469
3311
1625
299
3750
2846
1846
234
2583
3264
831
3852
39
3454
2983
330
386
2304
2678
1463
3071
3527
1569
3055
4054
2491
1927
2298
2637
1684
2032
3677
3872
3457
273
1661
21
2525
98
2303
773
2899
4440
3775
4001
1363
4004
2783
3068
1026
1219
4439
308
4165
2245
1882
2926
2102
1621
4140
1025
2865
4326
4478
2712
575
2073
4078
1766
685
4021
2372
866
2799
1730
4477
1061
3494
4206
107
4255
1886
653
1968
81
2510
1568
1675
3086
2116
1501
2994
1868
584
3618
2576
756
3324
1139
2746
1197
536
44
3088
2358
2515
3946
1929
1537
3933
4204
782
423
1174
1468
3749
642
2841
338
3513
3542
1021
3396
186
892
1414
219
4226
3472
2132
1624
591
3916
1332
1223
436
552
2339
2632
429
2882
1360
258
3551
3789
3108
1872
3684
4076
917
4412
226
3209
3409
4146
205
2301
467
158
133
1252
2216
4053
3145
935
4222
764
2402
1899
2168
1256
3107
1873
2238
2640
2182
2052
3873
1843
3468
4191
3295
1936
36
959
144
1006
3647
2914
629
1046
1564
391
1272
1770
3148
3257
1636
723
23
2492
2076
3783
3546
336
3979
3893
2255
1604
682
2355
1244
4067
1059
2965
1161
3133
2648
1391
4314
3615
2379
4479
2377
1335
507
2866
592
2773
3882
1525
1853
26
3752
4402
2732
305
1908
2785
337
3567
1182
2962
1168
2147
2849
4273
1057
963
2460
1618
3753
787
2811
1716
4238
3925
1450
3450
889
1764
3805
298
2055
2820
2796
2660
2480
1830
2630
3552
3212
3961
403
1755
2608
3462
209
414
2767
3583
530
1692
4005
4171
2431
624
1287
4403
990
4114
1647
1603
3131
4063
800
2855
1945
2450
3807
901
833
1638
1875
335
852
2287
1528
3432
2547
2155
3178
4353
4122
2392
1439
4072
1420
1503
3512
1975
617
3666
1333
2574
3445
3721
945
2702
2764
220
2444
4510
2253
3225
2442
4235
131
4044
3399
3255
618
1262
1410
2615
340
733
572
1343
1472
1479
961
437
3620
2366
2283
841
663
3988
130
1546
1475
3788
585
412
2044
3636
2236
280
480
2230
2351
4119
1729
1492
64
680
2658
3043
1646
2000
2843
355
2202
4284
586
1004
1941
275
1800
4433
2130
3464
3682
461
2066
2958
3685
2794
1737
3174
75
2530
3453
2754
2802
3584
2633
4425
1806
176
3683
2190
1370
2030
1269
2166
163
603
2176
1999
3080
2607
3574
986
451
3304
56
3028
4265
2586
3963
2850
2793
4300
1440
89
3346
515
516
812
72
827
878
1381
2293
4141
2277
3544
9
4181
1228
4258
1208
2248
487
814
4277
3082
185
3033
2627
1457
3568
4075
3301
3610
3627
395
2348
2429
4220
3761
1951
2099
3181
3455
2203
1884
494
3192
3601
3976
1070
2614
727
100
2778
2322
1273
4150
306
864
1544
4201
251
1748
4098
4310
4225
1768
3913
4327
2077
2239
4320
3341
4027
2558
3829
3480
3897
568
3073
1222
2528
4157
4153
1241
2290
2378
1890
1955
1198
3491
2197
2175
2164
2503
4093
3127
1162
1508
3288
1295
805
1778
1401
3350
4435
440
2495
2650
1454
3298
980
3724
2498
2780
35
3622
2057
2383
3065
3069
445
1982
1154
4007
1375
1540
4497
3745
3284
3777
3718
757
3853
2497
734
4003
1570
2975
3625
4409
3997
3888
168
880
3146
3373
1914
3062
848
528
1917
3296
1216
1389
2187
1380
4283
619
1156
541
325
1019
3973
2700
2562
2772
315
4508
645
4503
3833
1409
3940
241
3500
1355
2507
816
1753
2856
303
2270
2184
2593
156
2336
1064
3823
2101
4431
2232
2269
3571
266
2251
2439
4261
2010
1318
3016
1473
3785
4034
1738
3812
1214
3372
537
40
1181
1361
4467
3392
4197
2701
4136
3219
2170
3481
4303
390
294
4330
4137
1255
2740
3594
1787
4364
22
4219
3485
2012
166
1419
53
1024
3804
1793
3117
523
4083
2789
2136
415
207
3248
382
3710
2922
3746
1703
811
465
3824
1950
4462
1402
2267
1194
1141
1612
1362
2125
2144
1767
1893
4418
949
1551
4074
3205
2624
4249
2887
2832
1304
3878
1902
2061
1794
3737
51
658
1339
1831
2523
3894
2361
3838
48
1180
4287
2079
187
4211
855
1371
1734
1943
1291
28
1622
1146
2306
3216
2235
3605
147
2639
1512
4396
2059
3849
45
3404
4176
2249
825
3727
4032
637
4177
3786
3658
25
3644
2186
1664
2501
76
3588
2937
3501
1394
970
3317
2264
1303
1952
909
670
3187
1342
1524
2241
1086
1488
3152
2950
4132
1149
2457
1294
3751
4037
700
2206
2590
4393
4506
4108
1082
1744
4271
4099
3164
2941
3308
2996
2106
2916
2131
609
372
1152
1671
3089
3722
4169
1993
1980
3531
2758
3600
1132
665
886
2977
3157
2002
4188
2790
1230
894
3651
109
3272
2354
1601
4014
1134
4112
1960
1583
2824
2925
1396
979
2289
1953
3096
2693
261
444
1881
1434
1558
2828
1998
1020
4424
3951
4448
1373
1959
610
2374
93
4358
3279
181
3394
3227
2380
664
533
950
3638
2305
3843
1817
2078
3864
1310
2900
1306
4215
418
588
2323
2314
3760
2509
2602
296
2848
3153
3860
521
2424
2710
4432
1626
2465
2316
2420
2343
4145
4139
239
1598
1097
938
1145
895
655
900
3431
3714
3511
1014
2456
996
27
2082
3506
3701
1803
3554
1474
1990
1632
714
2160
4349
3806
4260
2651
3439
157
2138
435
2200
2599
4018
58
2308
208
2831
3316
3857
1225
3360
1863
370
1470
1264
2567
3911
2087
3827
3816
1412
2464
2520
3322
2580
4457
1591
1594
86
2396
993
3736
843
1847
42
2058
1578
649
1346
3834
828
3366
2957
1686
3018
350
4182
2376
1103
2563
3379
11
262
454
2256
1293
2482
2679
944
1786
1297
861
725
3563
1901
4254
331
1516
33
4475
2294
3484
3738
346
4491
1866
699
3351
1313
13
2496
416
1609
1321
739
4086
531
1202
3734
328
4490
3720
4307
3848
745
4111
2192
1131
2049
502
2054
2025
3312
1003
2543
3203
2821
799
2745
1723
2328
847
263
1688
2552
243
2852
1374
4419
3898
470
1774
4376
3831
2215
212
3275
1242
3193
2149
3135
2212
3575
4329
574
2803
2471
3374
1126
1443
835
4073
3268
3725
2473
1725
1523
3180
2676
2152
3921
1043
1320
3011
2809
3352
3197
1812
4192
887
127
2943
4236
3507
975
3875
924
2447
1075
1677
1514
2418
1925
3444
1855
1122
475
4275
1511
218
1226
1690
3024
508
1093
4492
3604
2252
606
4019
2315
1731
2668
740
3417
3640
3730
3249
4198
3469
1652
1091
1617
2948
1582
2047
2768
704
375
4348
4346
2426
1948
2885
1200
2774
1587
4422
4155
4256
3990
3340
3867
3863
1644
2391
2921
1974
741
3900
228
2982
2220
1824
2181
3184
4023
2715
1415
1599
2233
1942
3953
2453
1666
2896
2048
1237
2694
857
956
3689
2518
765
117
3959
3668
318
1935
1976
1991
4199
2854
3650
1403
4455
77
998
2112
1668
3589
2893
2506
3780
2432
300
2338
3015
3865
818
703
288
2177
3266
3676
1095
4387
1676
3841
2730
3614
1345
600
252
2137
4045
4449
899
3808
4507
4186
286
672
1758
2935
191
1456
1567
225
2075
2945
1447
4282
1482
1669
2140
2263
1944
17
3966
3815
752
2897
2367
90
2919
524
3129
3467
1887
4068
2198
1467
779
854
3130
3664
851
59
2847
3116
1705
2291
2326
3756
442
4120
758
4025
2008
4371
4253
1898
3558
3606
891
791
897
659
310
2761
1805
265
2984
3331
2434
563
2154
2638
2581
3244
3642
1212
1378
2600
128
1630
96
3695
2898
3046
2029
4389
1049
1754
3403
1260
2278
582
469
798
688
1166
754
638
1218
4036
546
3090
1814
2656
1435
1286
679
4051
2488
4502
4084
3259
4131
221
957
1679
717
1347
3817
1309
443
1484
277
1127
3903
2163
1384
1065
3232
1513
2686
2045
1405
471
2189
291
3526
2083
1849
766
3430
2081
3476
2469
4193
1356
1593
4453
2598
3840
2888
1495
4368
3509
3892
278
2993
3703
1034
2813
3971
2889
713
3637
820
803
1246
102
4302
621
1845
114
3162
1651
2886
4128
2654
1205
1979
3121
1967
554
3681
548
3974
1392
250
3168
763
3105
428
817
4094
1266
1691
1312
1338
2748
1278
466
2915
2026
3238
1791
1413
941
4288
3930
242
2932
3175
2363
1919
1992
3020
3613
2475
1573
3253
3049
4443
681
2711
2526
4154
1351
1383
1706
3426
455
37
3920
2798
2333
1681
307
576
583
2769
188
3938
3305
3361
1448
3125
1068
2261
2084
285
4495
1160
232
4496
2001
2876
2949
3186
4196
3633
3846
1715
708
611
1171
2879
3442
1961
3632
3585
1151
2550
1869
4485
2690
709
1337
4336
388
4227
343
540
3802
1710
742
905
2986
4413
3041
2159
1756
1147
3106
3362
165
2462
249
3213
1248
3335
193
882
476
1284
4061
2617
790
4152
3883
578
4337
3708
2408
2725
1532
126
3861
3944
1963
3390
332
223
3776
2213
417
373
4293
1784
4241
3440
3421
3994
3013
3183
6
3895
3687
1780
557
4370
1069
2013
2548
873
930
1453
2827
103
953
3674
4386
3532
1158
1423
3592
2210
3354
270
2411
4221
870
1107
3671
2461
2641
2787
3124
3281
2017
3771
1760
4245
4354
535
2620
4247
1655
4463
3534
1164
201
1521
2863
4323
1697
2020
396
2621
4446
2119
1148
4335
3072
1689
3235
393
1251
4404
1234
256
1089
180
464
4134
1597
2356
2766
4473
1235
845
2647
3941
3709
2199
520
3149
489
718
1947
3368
4498
1466
4483
3578
751
1642
397
1928
2053
4294
4117
1985
1190
4069
1891
777
4058
323
643
2070
2222
3657
3962
2628
3479
1114
1693
1856
3886
1739
3889
1108
4332
3970
1299
4367
498
707
2035
925
2167
1074
4322
3258
4316
1773
562
1547
2313
1865
1324
1245
2946
1037
1053
2911
316
1281
3735
2781
3628
2691
615
3292
1559
1311
3908
885
1577
3828
2413
3291
3545
778
1576
3201
1588
1354
309
474
2664
3465
2862
2487
1907
3429
2085
2011
1424
4123
3085
522
1280
3887
4445
2653
1972
255
2103
1421
79
590
2350
468
139
3208
1157
1092
4263
3045
3991
3879
728
2399
324
1580
1104
1496
1815
2174
2868
1189
4342
3967
3667
3001
3981
94
3376
3514
1400
2191
1969
2467
1885
1931
1101
2967
735
3905
260
3699
824
3226
4266
1829
2936
593
2158
3461
931
235
3781
357
1258
413
1880
4397
746
4162
3590
1813
3402
977
4381
2906
215
4229
762
3389
1172
3443
3189
1765
2609
1442
1327
2489
4274
2023
2329
2110
3825
2938
3914
3733
3915
2153
3779
4127
302
1836
2353
3463
2284
4115
115
630
1357
702
4333
4276
1088
112
3884
3344
4499
2387
61
3436
173
362
747
802
2718
4065
4202
83
2797
1167
1188
910
4144
3199
2341
3166
2705
4338
3992
1425
1055
4341
1637
287
1977
2009
3250
2743
4071
457
3521
2162
3565
4269
3986
111
573
1431
2407
2610
666
3110
4339
3115
4244
1329
1910
97
3191
447
199
2837
1507
1236
3492
4312
983
2575
2071
2695
902
4088
2373
3912
2422
3437
3851
19
2302
30
4392
904
2551
927
3881
3057
1861
514
1184
2604
4380
3793
832
2321
1455
3349
458
2973
1640
214
2682
2275
856
2634
4459
806
4179
4009
2259
1478
3283
1204
2513
2274
3621
495
1135
3858
4405
3161
544
2881
2036
1934
3579
1970
1386
170
74
248
63
3835
1491
1900
748
3434
4090
2385
3796
622
3285
12
3686
137
4228
1930
1078
2801
4041
4082
3870
2884
2591
1653
3401
1285
1663
4361
926
2577
1602
371
4444
67
722
2327
3798
4081
1986
410
1913
3030
1785
1438
1610
2088
2483
594
809
874
1250
689
4175
1665
550
3242
1579
1553
3927
3047
2405
3380
3332
1109
2815
339
1549
767
1433
2109
1971
3821
2749
1840
3315
2193
1841
3524
3109
1835
4458
2762
4401
1896
3077
1111
486
381
3142
2956
2644
1179
358
274
2108
450
503
4024
2952
1257
2121
988
2014
1105
408
2917
1083
2022
3239
364
1550
2069
1316
3333
1498
1777
3765
1515
538
793
4325
1796
2728
1984
1839
4438
2927
3319
1142
918
